Households.Trend: 1950-2008, Households by household type, household size, race, age 15+, wgtd PUMS, Frey/U-Mich for SSDAN - not for commercial purposes.
5
Year,Race,Age,HHType,HHSize
7,2,6,5,5
1950,1960,1970,1980,1990,2000,2008
NonBlack,Black
15-24,25-34,35-44,45-54,55-64,65+
MrrdCpl,MaleFam,FemlFam,MaleNonf,FemlNonf
1,2,3,4,5+
0,662442,612781,255209,100631,0,17710,10340,5162,5660,0,23331,17548,7150,3657,50490,17537,5390,3465,990,52470,25080,6820,2255,594,
0,1429426,2249438,2136944,1657152,0,57145,35019,18915,17668,0,90998,74773,48384,46969,144515,22275,4997,2310,1452,137115,32175,6400,2294,1089,
0,1185377,1663314,2165039,2787694,0,80795,54021,28903,31860,0,175104,150502,89540,101319,196911,22935,5473,2970,1716,231165,33715,6435,2789,1205,
0,1809632,1624808,1310390,1660102,0,104044,60005,32582,39733,0,268785,180125,102262,119239,289938,29887,11358,4054,1403,386359,51865,15950,5520,1771,
0,2166216,1172259,640040,788966,0,109307,63360,40024,40448,0,284790,180682,95956,103141,346621,38830,11440,4439,2063,538093,80520,25960,9152,5033,
0,1895702,677232,313093,324701,0,165990,96935,47399,52636,0,395525,196020,92458,87568,524315,55165,14438,6380,3053,956835,133725,40645,15524,6697,
0,35805,40665,31312,32248,0,2805,2200,1073,2622,0,6105,6710,4373,5636,6930,2310,550,413,330,8250,1485,715,248,132,
0,131296,117362,112731,224912,0,5940,3520,3960,6720,0,26840,24420,19756,34879,28875,6875,2530,2090,1183,29370,7136,2750,908,528,
0,164890,114604,103455,283502,0,8250,6380,4879,8753,0,31158,31790,24200,53242,26235,6600,3850,1650,1122,55440,14520,4400,2310,1243,
0,158455,97268,73931,200907,0,8910,6270,3988,10665,0,31790,27277,20840,47913,34037,10725,3960,1320,990,51810,12815,7343,4180,2046,
0,106546,59015,41085,98171,0,8085,5033,2310,7099,0,22913,16280,12854,27717,36795,6545,2860,990,792,41580,10670,4593,2046,1353,
0,97845,42169,28834,56336,0,9570,6710,4521,8441,0,28985,19261,12375,20314,47520,7260,2805,1073,611,66990,8525,4730,1689,1188,
0,685800,731400,396900,171800,0,22700,8400,4000,3100,0,42700,37900,14700,11200,108500,40500,12500,5100,800,95600,43100,13100,5400,400,
0,950000,1597000,2343000,2848900,0,60100,29000,18900,17900,0,99600,110700,80100,88100,281600,46000,9100,3400,600,169700,27800,5500,2000,100,
0,888300,1484900,2612400,4118100,0,94400,45900,25900,27700,0,213000,193200,114900,127600,308200,27300,4900,1000,300,269200,21300,3700,600,200,
0,2119700,2021400,1723800,1943600,0,120700,63200,27400,22600,0,349100,203000,88600,82200,386200,27900,5900,1200,600,569900,42600,5200,2400,500,
0,3152200,1324900,586100,548400,0,118900,57700,19800,21500,0,354800,136800,59300,54400,464000,27300,6500,2300,700,1025200,70200,13800,4400,1600,
0,3192300,781800,247700,211600,0,183700,75000,29300,31000,0,541400,190600,66600,54900,774600,52000,10200,1900,700,1896100,148600,30700,9100,3000,
0,33800,47700,38200,42800,0,2900,2300,600,1200,0,9800,14900,10000,13500,13700,2800,500,400,0,12800,1400,400,100,100,
0,91500,104400,128500,336700,0,6700,5600,4000,6000,0,28500,40200,31600,83800,43800,6100,1700,1000,300,39500,5500,1400,100,200,
0,130600,116600,111400,383900,0,8500,6600,4600,11200,0,43600,42400,33900,84600,54800,8600,2400,1100,200,59600,10100,2100,1000,200,
0,178100,124200,89100,241000,0,11400,9700,4100,8500,0,44500,36400,24600,55300,60400,8900,3100,1300,400,81100,15300,4000,1500,800,
0,161700,84200,51800,115200,0,11600,7800,3300,8600,0,41400,27600,16100,31800,61400,8500,2300,800,400,88800,15100,4300,1900,1100,
0,154000,61000,30900,57800,0,16200,8100,3800,7700,0,51300,27500,15000,29000,72900,8500,3100,700,200,121600,14000,4600,2000,400,
0,1271300,1019900,407500,135400,0,36000,21700,8500,5500,0,121000,73700,31700,21100,302700,142000,49500,25900,5700,305700,121600,37100,18500,3000,
0,1383200,1827500,2634100,2588200,0,66400,41600,33800,34200,0,184600,204800,152700,153300,537000,99900,22000,5900,2800,320300,63500,10800,3800,700,
0,703100,1081700,2281100,4495100,0,97600,56200,44000,70100,0,225000,233600,174900,210600,407500,35000,6800,3400,1400,273100,21900,2500,1100,200,
0,2235400,2137200,1936200,2326800,0,154800,81100,40900,42300,0,440100,243500,125600,114000,495000,36800,5500,2000,500,684000,39100,5800,1500,1600,
0,3899400,1541300,675300,548200,0,146300,55900,23800,20300,0,438400,144900,58600,53000,587000,46300,4500,3100,1000,1476000,59300,8700,2600,1600,
0,4267300,723400,200700,147600,0,202000,61100,23200,18200,0,610700,162400,55500,45500,1089500,66900,8400,3500,1200,3486400,134900,20600,6600,3700,
0,63900,83700,55900,42900,0,7200,4500,2400,3800,0,43200,42400,24900,21800,33300,5300,2700,500,400,34000,5900,1400,200,100,
0,100600,144700,170400,310000,0,11400,8200,5800,9400,0,60000,70500,66700,142100,78000,11600,2400,1500,500,50200,6700,900,200,0,
0,92800,101000,123400,404100,0,14600,11900,7400,16100,0,54500,61100,54800,160300,77900,7600,2300,1300,400,60200,7300,1000,500,100,
0,163300,119400,104500,275300,0,16800,9200,6900,16600,0,65100,49800,36600,78800,95600,11700,2600,900,600,115800,14000,2400,900,200,
0,205300,103400,58100,127200,0,16200,9600,5200,7300,0,61600,40800,21200,36300,91600,11300,3200,200,400,160800,17200,2700,2400,300,
0,220900,74300,33600,54300,0,19600,9500,5000,9100,0,74200,34600,19100,26200,134700,13900,2800,900,200,250300,21000,4200,1600,700,
0,1298900,900040,383800,123160,0,82040,58780,21220,15120,0,227920,142000,48840,23140,854140,443760,110680,37360,13020,673800,340000,62860,25160,8860,
0,2542960,2740500,3477320,1947160,0,137100,104680,52060,38920,0,480440,499100,234740,140020,1801400,530100,95260,29320,11120,1158980,265220,30420,6840,2280,
0,865660,1495360,3277560,3523000,0,132800,98320,52580,44720,0,373800,454040,273880,223080,816120,138500,25180,10800,4840,477120,64180,5640,1800,1380,
0,2278620,2167800,1907320,1937460,0,156380,84780,39240,32340,0,453300,287160,140060,118900,678880,76740,12900,5540,2880,768780,59080,5260,1520,1160,
0,4705040,1795020,769320,534720,0,142700,55240,21400,17320,0,503180,180720,69340,55000,732940,60080,7300,2700,1660,1750460,65960,6320,1940,1880,
0,5718200,796020,195740,122480,0,176020,51840,17720,16240,0,728280,175460,55580,43060,1278860,56420,5140,1580,1240,5202720,117780,10760,3360,2620,
0,57380,72560,45240,24280,0,14300,14320,6800,5720,0,102060,89880,42760,30240,93900,29380,4740,1620,600,77780,23500,1940,700,180,
0,131560,228640,277500,261640,0,26940,26320,16240,14760,0,173100,205340,145660,153980,238000,44980,8520,3620,1720,153300,21340,2020,660,340,
0,76400,122420,194240,356500,0,20340,16040,10900,16620,0,98080,116080,99700,199140,146560,20920,4100,1620,1500,87360,9620,860,260,240,
0,131440,131400,125620,253780,0,21380,14760,9100,12920,0,97200,85580,61700,120700,133040,14740,3120,1280,980,138380,13640,1460,480,360,
0,218300,116900,76560,126180,0,19820,11720,6220,9840,0,90740,55460,33740,53320,128340,14660,2340,760,920,215880,15640,1700,760,700,
0,277460,85740,39100,54520,0,25360,11320,5520,8280,0,113000,49960,25160,32880,168880,12160,1960,540,640,422060,23100,3720,1340,820,
0,657123,477961,221132,103893,0,70061,82129,37490,31909,0,189520,155644,66055,39627,539383,414455,105732,45738,19392,441680,351515,75156,33339,12383,
0,2627814,2652020,3164292,1936418,0,195208,197188,119848,112741,0,538257,579401,311791,207700,2055943,766028,146265,47227,19658,1330552,452817,48710,10234,3527,
0,1637606,2454400,4511496,3363644,0,236711,187411,99805,86969,0,702661,711468,325666,221145,1638222,352908,63475,27458,11366,1114444,218838,17855,4704,1802,
0,2777281,2461784,2031374,1422878,0,204002,119919,53802,43898,0,582355,362685,149176,122060,980283,180460,28926,10297,4875,1093694,138390,12134,3080,2505,
0,4521141,1607022,665645,456211,0,149835,62572,25759,24315,0,484478,190416,78714,78464,850720,108866,12848,4158,2189,1644163,88625,7224,2178,2419,
0,6979624,957659,248253,163322,0,209025,61715,22634,23104,0,858574,213531,76953,67751,1672554,101446,8071,2204,1690,6516493,131209,9635,3060,2527,
0,33490,37609,22884,15169,0,13210,14392,6924,6426,0,86958,85660,48712,35677,55871,28531,5495,1907,825,59907,25745,4273,1652,325,
0,143671,204019,235430,209523,0,33499,37449,26137,22478,0,227437,278211,192988,178248,250028,58933,10168,4090,1694,202979,38173,3689,1031,465,
0,105801,191209,303405,338553,0,37945,32264,21681,25017,0,219912,245321,163154,178542,225772,35678,7353,3079,1839,173085,23445,2716,478,303,
0,147161,173169,164762,191437,0,29901,21116,13781,16133,0,149624,120135,75797,110272,168498,23707,4369,1866,1190,184744,18297,1873,555,448,
0,198502,125372,80026,105187,0,24356,13556,8796,9616,0,116406,75828,46847,70509,146005,16751,2896,1062,743,236886,14316,1743,528,441,
0,287306,96971,46094,58116,0,33588,16071,8708,12105,0,155770,72688,39186,50975,209020,15400,2126,576,686,566068,21367,2764,927,841,
0,463427,398346,222226,125789,0,87664,142383,67147,52660,0,226367,212873,94963,57156,629244,496961,135588,57717,26983,531898,467634,95757,42442,15958,
0,2189048,2115929,2404405,1725524,0,200405,258356,178999,178550,0,501055,567979,351436,267559,1938962,806552,152668,49265,23123,1224076,506876,50809,10778,3422,
0,1841028,2539145,4821765,3948384,0,328834,317663,195212,182445,0,793334,902035,478408,336055,2245158,509335,81785,36448,19380,1300746,315499,23624,5478,3013,
0,4009974,3034735,2830550,1872095,0,341269,222544,101769,83119,0,801772,540589,221159,176669,1962613,356598,50301,16925,8348,1895807,312584,18550,6516,2936,
0,5283591,1503071,622202,436332,0,159562,78288,35355,30864,0,475195,200979,85311,91905,1231213,201576,18971,4941,3017,2005973,181442,13124,2481,1275,
0,7759266,999391,248188,188874,0,246135,77132,33037,30772,0,965794,264894,102230,88768,2138640,162328,12194,3486,2443,6841268,162347,10897,2357,2522,
0,23791,33146,24134,13248,0,24702,22360,13635,7304,0,124581,118662,58289,38989,79988,38515,7530,2693,154,104168,42585,4841,1351,1118,
0,120739,168271,217219,203903,0,40702,49672,39438,31784,0,227110,277546,202712,183741,267270,64440,9225,3485,2267,234411,48089,3177,1250,232,
0,159387,230854,354564,354574,0,59743,52930,35292,38155,0,296861,333055,214943,209088,341659,56433,10520,4594,2478,253477,38181,2845,914,489,
0,252631,246718,209448,197660,0,51541,35333,19141,18182,0,238404,183162,97351,102797,306031,46580,6006,1658,1371,345480,45510,2845,974,930,
0,255865,135315,74183,80516,0,28831,18636,10078,8289,0,132057,85420,49039,62152,197759,22536,2868,1211,1134,291900,22294,2090,608,990,
0,313089,103893,43685,50265,0,41054,20588,12176,10969,0,209130,97771,50705,62830,256506,17419,2766,977,270,596835,19933,2090,1029,582,
0,404467,296863,170645,86629,0,100436,136202,67503,43530,0,219327,248796,109208,64682,639611,471963,142156,60187,24470,548123,495574,102950,44990,14438,
0,1927167,1914552,2237084,1604389,0,257462,314605,215510,183529,0,536185,684888,459117,326598,1955386,815264,153697,60126,25709,1261289,557112,56207,14096,4145,
0,1595652,2280093,4384935,3392150,0,370972,339693,209658,191569,0,818028,955062,530539,369042,2126016,455096,79579,39701,19480,1246014,294633,24126,7667,4047,
0,4079635,3168062,3168332,1986735,0,482147,307149,142830,109251,0,1059947,744007,294657,203965,2549928,437524,60446,22570,11781,2135987,388054,23719,6464,3191,
0,6689229,1787034,808111,507358,0,279320,120512,46222,41258,0,646486,266398,112701,102624,2022620,298639,27913,8229,3963,2792311,283538,15003,3804,2739,
0,8147280,881513,237601,180487,0,262303,82325,30550,32530,0,948529,265464,99531,89058,2516068,224383,12624,3269,2255,6926017,204891,9953,3308,2125,
0,19959,20045,14292,9972,0,29260,25421,15019,7066,0,125708,94994,44426,22830,100646,44450,9559,4081,854,127746,41620,6167,2520,325,
0,107050,130067,165197,151349,0,60232,52750,36903,29787,0,267027,308296,205105,170248,324415,73533,12336,4412,2611,283490,46985,4073,1179,429,
0,143622,215691,311083,289642,0,75968,57129,36494,29907,0,321561,349714,210291,171100,358902,49322,8999,4375,2524,292827,34935,3165,1066,634,
0,313993,268091,225348,178238,0,76380,49312,22700,19423,0,340248,225874,112762,91540,412393,48798,8379,3345,2113,494808,48787,4060,881,857,
0,363741,160341,82659,67229,0,43988,22357,10786,9557,0,191964,101228,54154,52930,306825,34198,3766,1066,1029,487423,29973,2238,855,404,
0,354361,96210,38665,35110,0,44754,21473,9888,9515,0,213948,94017,47916,42247,303107,18861,2541,581,360,684784,16996,1953,711,630
*****
