2010 Education by occupation in Georgia, race/ethnicity, and gender for age 25+, wgtd 2008-10 ACS, SSDAN/U-Mich
5
AgeEduc,RaceEth,Gender,EducAll,Occup
5,7,2,7,6
25-34,35-44,45-54,55-64,65+
NhWhite,Black,Asian,Hispanic,AmIndian,NHOther,NHMulti
Male,Female
0-9Yrs,10-12Yrs,HSGrad,SomeColl,CollGrad,Masters,PhD-Prof
TopWC,OtherWC,Service,TopBC,OtherBC,Farm
528,533,1015,3294,2429,234,422,1251,1550,5321,4261,119,5249,9815,7196,17441,12750,1054,11011,18472,10351,11910,7157,658,25535,16205,4046,2306,1450,145,8402,2847,336,107,198,35,5130,249,111,46,63,0,
38,1829,1988,230,501,78,458,3168,3167,296,1312,81,5088,19692,9356,726,3026,320,14017,34942,13121,955,1723,447,33305,18035,3819,174,437,324,15792,3676,664,29,41,0,4391,349,78,0,29,0,
48,304,683,413,955,0,551,1052,4263,2558,3995,219,1963,6637,8224,7264,12370,92,4212,11851,7514,5405,8329,183,7601,5366,2145,629,908,0,2354,677,171,178,68,0,574,182,113,41,0,0,
21,834,780,58,417,0,418,3000,4531,325,1883,125,3033,13993,11728,1113,4602,190,7331,28379,12307,745,3420,0,11936,10574,2501,186,155,0,6562,2344,107,0,36,0,1795,320,85,0,113,0,
0,0,120,0,93,0,28,150,61,90,158,0,201,855,468,121,738,0,185,1570,310,201,284,121,3923,1703,423,19,61,0,2414,645,0,0,90,0,562,0,0,0,0,0,
33,163,293,0,0,33,0,107,279,0,52,0,331,603,775,0,27,0,335,1786,794,34,24,0,2655,1466,344,0,36,0,2295,432,28,25,0,0,770,43,0,62,0,0,
563,645,5207,14300,3200,1143,117,562,1305,2486,1471,201,366,1437,3397,8112,3642,816,913,1568,1539,2193,994,0,1036,770,160,730,324,31,283,140,114,0,54,54,226,47,0,183,0,0,
99,873,3475,768,2098,656,207,655,1604,65,677,0,887,2111,3761,588,1546,159,1081,3563,1453,134,992,0,1585,1389,837,22,129,90,796,147,35,0,22,0,223,55,75,0,20,0,
0,0,0,227,0,0,18,0,52,31,45,0,0,0,124,140,182,7,83,10,20,0,26,0,10,49,0,51,0,0,0,0,0,0,0,0,0,0,0,0,0,0,
0,0,0,0,23,17,7,0,0,0,0,0,0,100,63,0,0,0,63,266,116,0,0,0,123,42,0,0,0,0,0,0,0,0,0,0,0,0,0,0,0,0,
0,0,0,138,0,152,0,0,0,71,10,0,28,145,0,194,0,0,65,203,26,279,0,0,225,62,0,0,0,0,0,0,0,0,0,0,55,0,0,0,0,0,
0,0,38,0,82,48,0,0,105,0,0,0,34,57,69,0,0,0,158,172,0,0,0,0,136,208,42,0,0,0,0,25,0,0,0,0,91,0,0,0,0,0,
0,0,0,0,0,0,0,40,49,25,45,0,0,223,201,270,214,30,195,886,250,485,124,0,667,201,44,53,0,0,115,0,0,0,0,0,72,0,0,0,0,0,
0,0,107,0,0,0,0,128,26,0,0,0,76,566,235,0,47,0,515,1063,456,146,90,236,644,479,283,0,49,0,549,140,0,0,40,0,52,20,0,0,0,0,
269,1079,690,4326,2020,293,1160,1498,733,7492,3582,282,7792,11741,8059,22441,17749,937,18682,18396,7292,13582,7668,527,33741,18239,3011,2342,1288,352,14352,5134,330,188,122,29,8253,668,73,21,53,0,
109,1403,1404,175,561,94,798,3305,3002,307,1249,61,7513,26915,11370,1190,5838,651,17484,35259,9709,827,2933,403,33362,17398,3334,423,474,235,18207,3705,680,32,127,0,8104,536,60,0,0,28,
10,335,542,611,935,100,472,433,1776,2091,2899,215,1921,6825,7583,9165,17401,218,5730,10522,6638,5376,10011,0,7636,5854,1880,628,1967,0,2484,1079,361,19,318,0,1456,197,0,0,0,0,
116,167,807,0,468,43,450,1650,3441,134,1550,73,3194,14905,12921,1163,5847,62,13046,29531,11952,433,3583,290,13423,8824,1833,105,358,0,8495,2353,479,0,65,0,2511,666,206,0,0,0,
73,312,363,84,143,0,60,125,254,19,208,0,437,550,747,338,606,0,594,1144,137,248,278,85,2384,1500,216,119,500,0,3281,475,187,26,0,0,1468,169,0,0,32,0,
20,105,593,0,101,0,142,260,519,40,180,0,247,854,1148,92,319,0,736,1260,516,0,246,0,2477,2272,372,146,163,0,1515,683,0,24,0,0,1223,100,29,27,20,0,
492,231,2805,9413,3933,730,125,416,752,1416,1256,33,515,1322,2077,5608,2666,200,1235,784,1044,1283,709,105,2001,850,276,467,62,39,799,168,73,0,114,0,575,45,0,69,27,0,
157,456,2937,825,2506,634,101,445,812,139,571,118,310,2065,2553,302,830,115,1289,2878,1286,48,445,0,1621,1560,702,24,183,0,753,203,187,0,0,0,552,57,0,0,0,0,
0,0,0,0,52,0,0,0,0,0,29,0,17,105,126,0,69,0,124,39,38,93,87,0,39,71,0,0,0,0,108,24,0,0,0,0,17,0,0,0,0,0,
0,0,59,0,61,0,0,0,0,0,0,0,59,76,0,0,19,0,41,224,54,0,68,0,44,25,71,0,0,0,23,0,0,0,0,0,36,23,0,0,0,0,
0,0,46,0,0,0,0,13,107,0,182,0,71,0,121,55,0,58,0,38,100,124,0,0,31,62,88,0,0,0,78,76,0,0,0,0,0,0,0,0,0,0,
0,0,0,0,0,0,0,0,100,0,0,0,0,129,52,0,0,0,81,146,25,182,0,22,41,0,20,0,0,0,22,0,0,0,0,0,0,0,0,0,0,0,
28,0,0,77,48,0,0,22,58,33,0,0,0,46,130,106,249,5,171,452,64,268,74,0,463,248,0,0,0,0,152,176,0,0,60,0,49,16,0,0,0,0,
0,0,0,0,0,0,129,129,0,0,0,5,23,431,65,0,84,0,479,1052,319,0,94,0,391,394,275,0,43,0,327,83,0,0,0,0,75,0,0,0,0,0,
326,728,1075,3773,2584,174,1123,1490,1227,6513,3994,379,10101,13113,6221,26967,19744,1102,19257,18453,6540,15474,7925,658,33684,19123,1920,2989,1704,441,15185,4781,433,735,281,19,8383,1546,53,84,28,27,
347,1175,1771,108,1268,37,692,3472,2531,204,2284,0,9461,35675,11081,1774,6264,433,23154,41084,8254,1021,2704,375,28901,15758,2040,411,254,107,18617,3929,573,126,0,26,7468,702,49,0,0,0,
131,63,1367,1253,864,200,144,398,2155,2757,3581,280,2278,5382,7816,8749,15426,338,5186,8212,5143,5723,6802,64,5836,4146,1164,926,1578,23,3416,1388,256,151,102,0,2121,378,101,25,75,0,
210,305,1190,74,701,92,92,1745,4327,199,1513,57,2693,13690,12580,1190,7451,182,9557,23917,9583,788,2423,98,8870,7552,1250,140,212,0,5999,1692,103,51,134,0,1900,106,0,0,18,0,
228,114,376,135,354,0,71,113,169,0,326,0,508,514,175,314,472,0,283,704,280,307,277,0,1802,1165,263,121,313,0,1560,324,29,0,0,0,1114,128,0,0,0,0,
109,441,396,169,214,82,46,211,192,27,121,0,454,882,586,221,687,0,484,1207,438,86,207,0,1309,1710,310,20,143,0,1150,274,118,44,0,0,507,22,0,0,0,0,
107,16,1057,3554,2787,375,162,58,229,416,529,112,450,297,1061,1675,762,161,886,1029,807,824,704,0,924,377,23,238,162,0,646,271,0,18,0,14,422,106,31,29,0,26,
84,122,1591,180,1716,0,30,91,430,30,372,19,256,879,850,105,743,27,692,2260,551,118,358,0,698,665,461,0,83,0,410,134,0,0,14,0,346,39,55,0,0,0,
0,0,21,12,0,0,0,0,0,0,20,0,98,97,77,6,33,0,103,58,81,111,54,0,95,23,12,0,0,0,74,13,0,0,0,0,0,0,0,0,0,0,
0,0,0,0,36,0,0,0,0,0,0,0,15,34,83,0,84,0,81,100,25,0,88,0,46,22,0,0,0,0,0,0,0,0,0,0,40,0,0,0,0,0,
0,0,0,0,22,0,0,0,0,129,0,0,26,37,0,29,0,0,72,18,0,91,6,0,122,0,0,0,22,0,21,0,0,0,0,0,0,0,0,0,0,0,
0,0,0,0,59,62,0,0,42,0,0,0,0,0,74,0,0,0,49,40,91,0,18,0,109,24,0,0,0,0,77,127,0,0,0,0,21,0,0,0,0,0,
21,0,95,71,44,0,0,0,7,84,199,0,241,107,178,46,109,0,532,120,72,170,45,0,165,241,0,88,26,0,42,0,0,0,39,0,92,0,0,0,0,0,
17,0,24,0,0,0,0,24,28,18,121,0,60,215,149,0,161,0,156,726,145,0,27,31,462,141,150,0,0,0,298,35,0,0,0,0,32,0,0,0,0,0,
461,897,721,2922,2836,337,1079,866,558,2920,3473,162,5554,10633,4274,14581,11206,1078,14855,15612,4448,10531,5994,664,22611,14261,1563,2321,1499,491,12334,4696,322,424,247,153,10326,1389,174,212,182,131,
373,1138,1335,107,1032,4,649,2615,1949,342,973,80,7097,32546,8993,836,4391,250,16304,30532,4651,456,1547,97,17675,10744,1129,132,261,92,14526,3641,496,26,139,25,6504,918,129,0,0,0,
165,236,947,885,1705,150,296,489,1111,1568,2328,142,1399,3033,3023,4000,6333,486,2036,3122,2177,2779,3308,135,3035,2640,478,437,1228,55,1858,972,221,31,57,0,805,101,0,21,19,0,
275,548,1620,0,268,27,465,963,3843,63,916,49,1945,7893,8761,606,3746,186,4255,11452,4187,210,925,0,4327,3358,337,38,237,84,3885,1243,258,0,0,0,1486,117,99,0,0,0,
74,10,251,97,215,23,0,320,92,0,39,0,191,242,337,382,311,29,290,352,244,134,145,0,509,582,337,250,57,0,669,247,0,0,0,0,438,141,0,0,0,0,
0,75,298,33,410,41,0,192,181,14,96,0,355,424,804,25,342,0,197,400,212,77,90,0,557,585,148,0,121,0,272,85,0,0,31,0,80,84,0,0,0,0,
139,114,695,937,1039,204,91,0,96,96,77,0,119,112,119,885,653,37,340,452,142,206,242,0,499,343,0,0,65,0,272,50,0,0,0,28,140,25,0,0,0,0,
0,0,451,72,322,0,0,148,457,0,0,22,85,667,166,100,144,0,357,372,262,44,66,0,491,236,29,172,0,0,25,43,0,16,0,0,75,0,0,0,0,0,
0,0,0,0,0,0,0,0,0,0,4,0,0,52,40,17,0,0,132,136,0,62,55,0,120,0,0,0,0,0,0,0,0,0,0,0,63,0,0,0,0,0,
54,0,0,0,0,0,0,23,74,0,0,0,0,172,26,0,45,32,19,65,37,0,0,0,67,0,0,0,0,0,21,0,0,0,0,0,121,0,0,0,0,0,
0,0,0,0,0,0,0,0,0,0,0,0,0,0,0,55,19,0,0,0,0,78,0,0,77,29,0,0,0,0,0,17,0,0,0,0,123,22,0,0,0,0,
24,0,0,0,0,0,0,0,0,0,0,0,0,0,0,0,27,0,11,24,0,0,0,0,26,0,0,0,0,0,30,0,0,0,0,0,6,0,0,0,0,0,
0,0,24,82,101,0,0,0,0,22,24,0,67,107,0,191,90,10,88,70,83,102,16,0,104,119,0,0,26,76,102,57,0,21,0,0,91,0,29,0,0,0,
0,29,63,0,0,0,0,39,86,0,0,0,21,167,53,0,0,0,121,325,180,0,0,24,76,169,52,0,23,0,157,41,32,0,0,0,29,0,0,0,0,0,
365,930,795,1780,1979,450,420,757,800,936,1418,166,3325,5404,3149,4853,4687,498,6090,6632,2082,2621,2671,354,7749,5022,913,586,943,322,4147,1957,335,178,268,45,6175,998,96,96,54,75,
290,796,1461,151,741,205,270,2408,1814,180,679,42,3044,15582,3928,554,1551,70,4749,11478,1630,88,540,64,4037,3001,287,25,100,89,2917,1402,246,0,46,0,1444,254,27,22,0,0,
104,226,1226,613,770,157,25,244,803,261,738,30,357,678,1036,1188,1411,111,668,932,667,469,729,0,544,349,159,48,272,0,657,339,157,0,22,0,514,75,0,0,0,0,
53,259,1648,55,241,0,134,280,1653,0,458,0,344,1600,2824,183,874,33,844,1981,1034,67,452,0,1145,315,85,20,0,0,983,262,95,0,0,27,311,0,0,19,0,0,
0,8,2,0,67,0,0,36,82,0,90,0,13,195,45,100,59,0,35,180,53,78,0,0,138,65,66,0,11,0,206,26,0,0,0,0,260,54,85,0,39,0,
31,13,75,32,74,37,0,51,32,43,0,0,20,179,71,106,49,0,0,67,30,0,0,0,83,89,0,0,0,0,62,69,0,0,0,0,23,0,0,0,0,0,
206,88,0,78,514,25,0,72,203,0,6,0,55,126,57,170,0,0,63,193,49,123,0,0,195,148,0,55,0,0,17,46,0,0,0,23,114,18,25,0,0,0,
0,70,196,0,167,0,0,18,16,0,0,0,53,152,151,0,0,0,38,204,13,0,0,0,62,45,57,0,0,0,26,0,0,0,0,0,0,0,0,0,0,0,
0,0,0,0,25,0,0,0,0,0,0,0,0,18,0,8,98,0,46,58,37,0,0,0,0,35,0,0,0,0,22,21,0,0,0,0,20,0,0,0,0,0,
0,0,0,0,0,0,0,0,0,0,0,0,0,71,0,0,0,0,0,0,65,0,0,0,41,22,0,0,0,0,0,0,0,0,0,0,0,0,0,0,0,0,
0,0,0,0,0,0,0,0,0,0,0,0,0,0,0,36,0,0,0,0,0,0,0,0,52,0,0,0,0,0,33,0,0,0,0,0,0,0,0,0,0,0,
0,0,0,0,0,0,0,0,0,0,0,0,0,0,0,0,0,0,0,0,0,0,0,0,21,0,0,0,0,0,0,0,0,0,0,0,0,0,0,0,0,0,
0,5,70,0,0,0,0,26,0,0,0,0,0,31,0,47,14,0,66,0,0,35,18,0,17,24,42,0,0,0,0,0,26,0,0,0,91,0,0,0,0,0,
0,0,0,0,31,0,0,0,24,25,0,0,40,84,56,0,0,0,38,154,16,0,0,0,17,27,5,0,0,0,0,0,0,0,0,0,0,29,0,0,0,0
*****