2010 Education by occupation in Nebraska, race/ethnicity, and gender for age 25+, wgtd 2008-10 ACS, SSDAN/U-Mich
5
AgeEduc,RaceEth,Gender,EducAll,Occup
5,7,2,7,6
25-34,35-44,45-54,55-64,65+
NhWhite,Black,Asian,Hispanic,AmIndian,NHOther,NHMulti
Male,Female
0-9Yrs,10-12Yrs,HSGrad,SomeColl,CollGrad,Masters,PhD-Prof
TopWC,OtherWC,Service,TopBC,OtherBC,Farm
8,101,171,350,269,15,17,74,617,406,933,65,790,1701,2131,4031,3788,671,3416,5360,2881,7211,4399,1475,7893,4494,665,1286,614,828,2053,527,0,82,0,12,1145,49,36,135,40,0,
0,320,181,0,8,0,58,212,819,23,229,0,576,3464,2410,279,954,80,4521,11667,7160,120,510,137,9100,6337,1492,170,162,2,3898,1007,112,0,0,11,1666,149,86,0,0,0,
0,0,0,696,55,0,60,65,0,160,42,0,46,286,409,72,82,28,308,722,283,138,257,0,69,196,74,0,41,0,19,194,0,0,0,0,226,0,0,0,0,0,
0,0,34,17,37,0,0,27,110,0,226,0,0,228,155,0,143,0,215,675,699,0,0,0,258,84,51,0,82,0,0,0,2,0,0,0,0,0,0,0,0,0,
0,0,0,0,0,0,0,0,0,0,0,0,0,0,160,0,37,0,123,0,101,16,23,0,546,189,0,0,0,0,529,32,0,0,0,0,91,0,0,0,0,0,
0,0,0,0,0,0,0,0,0,0,49,0,0,48,0,0,147,0,43,118,113,0,0,0,493,210,220,0,0,0,366,0,0,0,0,0,68,0,0,0,0,0,
94,0,433,2024,840,155,77,100,62,656,580,0,62,394,871,1097,492,121,155,350,263,754,291,0,136,319,0,0,0,0,100,0,0,0,0,0,0,0,0,0,0,0,
0,281,657,227,530,0,77,8,117,116,137,0,36,799,447,0,221,175,257,1258,804,0,60,0,369,70,57,0,0,0,136,36,0,0,0,0,115,0,0,0,0,0,
0,31,14,29,0,0,0,0,4,0,53,0,52,0,12,58,0,0,0,76,158,23,0,10,15,0,42,0,0,0,0,0,0,0,0,0,0,0,0,0,0,0,
0,0,0,0,0,0,0,61,0,0,50,0,0,45,0,0,45,0,138,130,228,0,0,0,56,0,0,0,0,0,21,0,0,0,0,0,0,0,0,0,0,0,
0,0,0,0,0,0,0,0,0,0,0,0,0,0,0,0,0,0,0,36,23,0,0,0,33,94,0,0,0,0,33,0,0,0,0,0,0,0,0,0,0,0,
0,0,0,0,0,0,0,0,0,0,0,0,0,39,0,0,0,0,0,0,0,0,0,0,0,82,0,0,0,0,0,0,0,0,0,0,0,0,0,0,0,0,
0,0,0,0,0,0,0,0,0,0,28,0,0,105,0,23,10,0,159,166,31,0,44,0,79,25,28,0,50,0,0,75,0,0,0,0,0,0,0,0,0,0,
0,0,0,0,0,0,0,24,0,4,0,0,0,4,0,36,0,0,88,85,294,0,115,0,259,102,0,0,0,0,0,0,0,0,0,0,0,0,0,0,0,0,
0,30,142,394,356,0,38,129,32,807,471,86,1049,1716,1647,3928,4896,1363,3966,4572,1639,5966,4196,1744,7869,4610,828,760,695,512,2839,569,65,0,83,0,1379,216,0,0,38,0,
154,0,90,0,84,0,0,692,167,0,128,0,1168,5498,2860,156,1092,179,4152,10701,4518,165,1341,411,8727,6138,1040,64,131,71,3793,685,137,17,46,52,1266,63,0,0,0,0,
30,31,0,0,154,0,0,0,106,0,75,0,33,94,563,165,183,43,153,286,73,130,379,0,221,83,0,0,0,0,29,147,0,0,0,0,65,0,0,0,0,0,
0,0,0,0,0,0,0,0,200,52,0,0,151,175,498,104,325,0,267,608,314,0,43,0,145,83,77,0,0,0,15,31,0,0,0,0,0,0,0,0,0,0,
0,0,0,139,74,0,0,0,0,46,39,0,0,111,0,0,306,0,42,37,0,43,79,0,144,140,37,0,0,0,207,0,0,0,0,0,93,0,0,0,0,0,
0,36,99,56,0,0,0,48,0,0,99,0,0,45,35,0,79,0,56,79,25,0,0,0,213,227,0,0,0,0,53,0,41,0,0,0,142,0,0,0,0,0,
136,122,496,1308,895,114,0,0,10,377,471,0,104,74,385,586,383,25,54,154,34,415,357,110,114,0,0,59,0,0,8,0,0,0,0,0,0,0,0,0,0,0,
0,185,532,681,606,37,47,63,252,106,60,0,85,711,271,75,270,13,293,465,247,143,104,0,372,159,0,0,0,4,47,9,0,0,0,0,57,0,0,0,0,0,
0,0,0,0,40,0,0,0,26,0,0,0,11,0,64,0,40,12,0,25,0,89,7,0,49,0,0,0,0,0,0,0,0,0,0,0,0,0,0,0,0,0,
0,0,0,0,0,0,0,0,24,0,0,0,0,73,43,0,15,0,54,156,131,0,0,0,33,33,0,0,0,0,0,0,0,0,0,0,0,0,0,0,0,0,
0,0,0,0,0,0,0,0,0,0,0,0,0,0,0,0,0,0,0,0,0,57,0,0,0,0,0,0,0,0,0,0,0,0,0,0,0,0,0,0,0,0,
0,0,0,0,0,0,0,0,0,0,0,0,0,0,8,0,0,0,0,0,0,0,14,0,0,0,0,42,0,0,0,0,0,0,0,0,0,0,0,0,0,0,
0,0,0,0,0,0,0,0,30,51,13,0,0,0,75,126,18,63,38,0,0,115,153,0,217,83,0,0,0,0,28,0,0,0,0,0,120,0,0,0,0,0,
0,0,0,0,0,0,0,0,0,0,33,0,0,55,180,0,32,0,27,47,252,0,0,0,118,107,51,0,0,0,79,0,0,0,0,0,0,0,0,0,0,0,
201,10,0,131,272,44,407,143,179,1167,573,199,2738,3289,2366,6266,7185,2558,4203,5190,2074,6904,4230,2445,7382,3898,557,707,679,587,2329,820,0,11,211,88,2613,326,104,0,0,12,
33,47,119,0,151,0,89,776,693,32,173,0,2201,9218,5356,604,2461,454,6090,14469,4469,249,1566,465,7971,4844,1039,198,166,173,4497,1397,219,0,93,0,1344,209,15,0,8,0,
0,102,0,0,0,0,0,0,0,0,0,0,0,168,221,295,171,0,41,295,144,280,187,0,241,88,0,0,112,0,16,0,83,0,75,0,51,0,0,0,0,0,
0,0,0,0,127,0,0,0,0,0,0,0,33,296,226,34,61,0,237,696,295,0,71,0,301,167,28,0,41,0,29,0,0,0,0,0,28,0,0,0,0,0,
0,0,43,0,0,0,0,0,0,12,25,0,0,46,0,0,35,0,111,108,0,0,13,0,0,12,99,0,0,0,113,76,84,0,0,0,19,0,0,0,0,0,
0,25,34,0,26,0,0,0,0,0,44,0,0,198,91,0,29,0,153,141,113,0,15,0,74,67,75,0,0,0,0,0,0,0,0,0,0,0,0,0,0,0,
39,0,111,797,878,79,0,0,80,116,44,0,97,89,133,404,548,0,83,161,58,224,195,0,39,66,0,42,0,0,11,48,0,0,0,0,0,0,0,0,0,0,
0,131,253,583,233,45,0,0,35,0,39,0,0,186,282,0,60,0,241,224,59,0,0,0,119,13,0,0,0,0,124,42,0,0,0,0,29,57,0,0,0,0,
0,0,14,247,0,0,0,0,0,21,50,0,29,0,25,13,114,0,25,31,26,103,36,24,0,0,0,0,19,0,53,0,0,0,0,0,0,0,0,0,0,0,
0,0,0,0,0,0,0,0,20,0,0,0,0,234,121,0,55,0,46,40,98,0,67,0,19,46,0,0,0,0,0,34,0,0,0,0,0,0,0,0,0,0,
0,0,0,0,0,0,0,0,0,0,0,0,0,0,0,11,0,0,0,0,0,0,0,0,0,0,0,0,0,0,0,0,0,0,0,0,0,0,0,0,0,0,
0,0,0,0,0,0,0,0,0,0,0,0,0,18,0,0,0,0,0,0,0,0,0,0,0,0,0,0,0,0,0,0,0,0,0,0,0,0,0,0,0,0,
0,0,0,0,0,0,0,0,0,0,0,0,0,39,20,87,0,20,64,0,0,0,22,0,105,60,0,0,0,0,0,0,0,0,0,0,0,0,0,0,0,0,
0,0,0,0,0,0,0,0,0,0,0,0,0,0,37,0,0,0,47,243,31,0,0,0,24,0,73,0,0,0,20,0,0,0,0,0,0,0,0,0,0,0,
118,36,91,96,260,13,65,205,226,522,523,199,1190,2062,1398,4613,4525,1969,3234,4007,1101,3548,4114,1611,5412,3255,930,884,970,835,2461,1116,109,88,167,199,3348,204,36,32,13,0,
0,96,147,66,130,0,113,470,556,13,129,27,1464,8611,4206,117,1248,226,4944,10676,2621,367,936,371,5297,3478,446,137,149,28,3802,969,35,0,0,0,782,118,0,31,0,0,
0,0,0,0,48,0,0,0,0,0,0,0,0,130,38,33,43,0,55,213,174,0,291,0,0,57,40,50,27,0,86,0,0,0,0,0,76,0,0,0,0,0,
0,0,0,0,0,0,0,71,0,0,0,0,0,307,331,0,160,0,0,543,130,0,47,0,0,0,40,0,0,0,0,0,0,0,0,0,53,0,0,0,0,0,
0,0,0,26,0,0,0,0,0,0,0,0,0,0,38,58,64,0,0,0,52,0,0,0,135,0,0,0,148,0,0,0,0,0,0,0,92,0,0,0,0,0,
0,24,83,5,19,0,0,9,53,0,143,0,0,166,42,0,20,0,0,26,0,0,0,0,77,137,0,0,0,0,96,21,0,0,0,0,0,0,0,0,0,0,
0,0,138,420,83,76,0,0,0,290,0,0,0,61,50,147,118,0,91,34,50,81,110,0,0,0,0,0,0,0,45,47,0,0,0,0,0,0,0,0,0,0,
0,0,70,30,169,78,0,0,0,0,0,0,0,284,173,0,0,0,83,233,57,0,0,0,124,54,0,0,0,0,0,0,0,0,0,0,0,0,26,0,0,0,
0,0,0,0,0,0,0,0,30,0,0,0,26,0,0,0,36,0,4,0,0,0,0,0,0,0,0,0,0,0,0,0,0,0,0,0,0,11,0,0,0,0,
0,0,0,0,0,0,0,0,9,0,0,0,0,0,6,0,0,0,12,31,0,0,0,0,0,0,0,0,0,0,0,0,0,0,0,0,0,0,0,0,0,0,
0,0,0,0,0,0,0,0,0,0,0,0,0,0,0,0,9,0,0,0,0,0,0,0,0,0,0,0,0,0,0,0,0,0,0,0,0,0,0,0,0,0,
0,0,0,0,0,0,0,0,0,0,0,0,0,0,0,0,0,0,0,0,0,0,0,0,0,0,0,0,0,0,0,0,0,0,0,0,0,0,0,0,0,0,
0,0,0,0,0,0,0,0,0,0,0,0,0,21,15,4,8,0,0,130,54,0,0,0,19,42,0,0,0,0,0,0,0,0,0,0,54,0,0,0,0,0,
0,0,0,33,0,0,0,0,0,0,0,0,61,0,0,0,0,0,137,0,0,0,0,0,0,0,0,0,0,0,0,0,0,0,0,0,35,0,0,0,0,0,
171,68,304,137,348,410,53,250,164,244,631,238,573,1949,1393,1724,2445,3175,1484,2116,750,904,979,1221,1330,1174,540,97,192,283,1012,585,71,28,160,122,1191,241,109,0,0,33,
31,243,201,23,0,0,11,679,471,7,204,0,879,5392,2762,132,860,197,1517,4566,930,42,362,221,1639,946,337,9,89,26,818,323,0,0,0,0,253,39,0,0,0,0,
0,0,0,0,87,0,0,0,0,38,0,0,0,0,0,0,52,0,0,31,43,0,75,0,0,0,0,0,0,0,0,0,0,0,0,0,0,0,0,0,0,0,
0,0,29,0,0,0,0,0,33,0,0,41,29,116,176,0,0,0,32,0,0,0,0,0,0,0,26,0,0,0,0,56,0,0,0,0,0,0,0,0,0,0,
0,0,16,0,49,0,0,0,0,0,0,0,0,0,0,0,44,0,0,0,0,0,0,0,0,0,0,0,19,0,106,0,0,0,0,0,25,63,0,0,0,0,
0,0,0,0,0,0,0,0,0,0,0,0,0,115,0,0,0,0,0,0,0,0,0,0,0,116,0,0,0,0,0,0,0,0,0,0,0,0,0,0,0,0,
0,0,41,53,56,149,0,0,0,0,5,0,0,0,51,43,81,28,0,91,0,8,74,0,0,0,0,0,0,0,0,0,0,0,0,0,0,0,0,0,0,0,
3,0,52,0,0,0,0,33,42,0,0,0,0,0,68,0,9,0,0,60,0,0,0,0,0,0,0,0,0,0,0,0,0,0,0,0,0,0,0,0,0,0,
0,0,25,138,0,0,0,0,0,0,0,0,0,0,0,0,0,0,0,0,0,0,0,0,0,0,0,0,0,0,0,0,0,0,0,0,0,0,0,0,0,0,
0,0,19,0,0,0,0,0,0,0,0,0,0,60,0,0,0,0,7,0,0,3,0,0,0,72,0,0,0,0,0,0,0,0,0,0,0,0,0,0,0,0,
0,0,0,0,0,0,0,0,0,0,0,0,0,0,0,0,0,0,0,0,0,34,0,0,0,0,0,0,0,0,0,0,0,0,0,0,33,0,0,0,0,0,
0,0,0,0,0,0,0,0,0,0,0,0,0,0,0,0,0,0,0,0,0,0,0,0,0,0,0,0,0,0,0,0,0,0,0,0,0,0,0,0,0,0,
0,0,7,0,0,0,0,0,0,0,0,0,0,0,12,13,0,0,10,0,0,98,0,0,0,0,0,0,0,0,0,0,0,0,0,0,0,0,0,0,0,0,
0,0,0,0,0,0,0,0,0,0,0,0,0,0,0,0,0,0,0,10,7,0,0,0,0,0,0,0,0,0,0,0,0,0,0,0,0,0,0,0,0,0
*****