2010 Education by Immigration status in New Jersey, race/ethnicity, gender, age 25+, wgtd 2008-10 ACS, SSDAN/U-Mich
5
RaceEth,Gender,AgeEduc,Immentry,EducAll
7,2,5,5,7
NhWhite, Black, Asian, Hispanic, AmIndian, NHOther,NHMulti
Male, Female
25-34,35-44,45-54,55-64,65+
Native,FB<1980,FB80-89,FB90-99,FB00-Current
0-9Yrs,10-12Yrs,HSGrad,SomeColl,CollGrad,Masters,PhD-Prof
2364,6322,59010,68682,81546,17666,7566,
0,0,128,329,363,171,47,
21,172,702,1006,1368,261,218,
268,353,2447,2631,2480,981,280,
730,318,4230,2495,3420,2351,947,
4285,9640,84082,78449,87593,32508,14907,
342,300,2123,1075,1562,504,380,
578,559,1380,1165,1195,636,377,
617,716,4223,3375,3914,2124,1506,
961,253,2228,1111,2009,1654,589,
5025,13776,120537,100002,99734,38952,21768,
1353,737,4360,2906,2907,856,664,
992,776,3541,2147,2465,1302,989,
716,339,2510,1513,2475,1654,1338,
419,48,1334,601,1191,690,463,
5878,10573,78910,76927,74599,40560,22545,
3078,1350,6878,4743,4648,2208,1305,
1230,458,1630,1176,1867,1270,596,
355,151,1382,751,946,688,553,
253,115,765,102,488,148,152,
21653,29355,110375,66712,56968,29711,21027,
9318,3751,9470,4424,3712,2446,2511,
705,288,382,470,512,299,338,
368,155,454,256,626,203,285,
273,77,249,165,105,82,70,
1805,3848,40214,59996,92723,32755,7533,
0,0,79,124,164,85,82,
30,62,543,907,1394,374,0,
295,425,2159,3273,3288,752,277,
480,603,3077,3404,4838,2035,622,
2271,6750,71349,88660,98105,39910,12430,
260,24,1867,1666,1718,519,312,
458,402,2254,1116,1350,593,475,
804,551,3633,3921,4907,1837,971,
725,258,2350,1471,2334,1303,678,
4123,9332,117284,118449,107952,42946,12291,
961,483,4783,3870,2868,817,254,
873,421,2947,2337,2628,1051,314,
784,308,3048,1991,2519,1421,841,
145,116,1359,947,1343,487,324,
5379,9705,110987,85029,66211,45360,9208,
3481,1076,8992,4865,3720,1696,656,
969,127,1598,1038,1343,859,349,
666,532,1342,647,1008,678,160,
502,124,770,472,281,114,128,
33046,43996,228911,83313,50566,25703,4800,
14827,5207,17181,7580,2872,1862,946,
1633,313,753,503,516,56,49,
788,200,827,734,1111,325,157,
377,71,635,334,343,190,115,
1611,5923,23659,18786,8065,1747,656,
0,32,60,0,83,0,0,
57,50,1121,1288,618,124,33,
161,186,1658,1797,969,54,0,
315,366,1217,1747,812,289,50,
2014,6383,26793,19611,7328,2469,582,
35,130,340,940,299,77,31,
72,299,1087,1352,1097,618,123,
442,390,1789,2048,1326,433,389,
436,222,1446,1078,1254,231,300,
2106,6375,23874,18365,7373,1887,761,
238,108,659,1405,969,297,94,
478,298,2411,1940,1065,484,322,
524,718,1217,1416,809,430,193,
386,313,828,587,564,88,80,
3250,4926,11484,11725,4536,2075,738,
303,389,1253,1061,744,550,143,
520,492,1374,851,379,419,100,
211,174,362,325,357,51,39,
210,0,372,160,136,60,17,
8078,5491,13243,6883,1983,1177,826,
576,476,1036,592,280,150,240,
334,114,536,58,0,18,0,
193,75,273,42,172,22,0,
270,81,150,95,0,50,106,
897,4453,20744,25931,11081,2980,816,
0,0,28,18,222,0,0,
56,140,528,1240,695,109,103,
356,550,1487,2842,1022,503,81,
425,384,2076,2197,1337,285,171,
1379,5763,21769,25582,13512,6046,794,
30,0,720,632,764,137,142,
25,319,1321,1477,1269,633,199,
232,354,2473,2683,1344,250,32,
602,495,1996,1659,661,127,53,
1355,6344,22125,25783,10964,4672,708,
49,105,895,1583,1373,517,238,
271,382,2547,1863,1217,748,69,
595,765,2211,1546,872,222,27,
538,544,1108,1291,187,86,79,
2374,4905,18163,16995,7231,3484,720,
243,262,1610,1507,630,505,82,
700,401,1483,603,513,132,0,
275,165,734,354,193,97,21,
566,168,741,298,122,49,38,
9035,10457,22282,11867,3843,2379,278,
821,311,1562,569,613,423,55,
768,228,395,137,23,0,0,
1051,355,502,256,18,0,25,
1329,80,248,115,20,0,23,
0,18,690,2162,5787,1393,1138,
0,0,51,30,597,30,88,
22,109,700,1130,3425,606,720,
284,184,2086,2484,5408,2112,457,
515,305,1001,1822,13160,11751,1355,
26,102,582,664,2411,906,695,
80,68,92,938,1557,1074,419,
241,172,905,2553,3447,2015,945,
603,434,2252,1981,8825,9304,2524,
112,643,1105,1585,7855,5215,1896,
30,8,152,524,768,658,238,
72,128,847,909,1742,1458,422,
491,841,2060,2591,5759,5184,2926,
419,327,1912,1561,5087,2152,1935,
251,601,906,932,3598,1095,864,
156,0,162,233,358,233,86,
182,350,1582,1658,3986,2992,1619,
510,222,994,1133,4234,1709,1308,
262,133,1347,831,2315,500,312,
494,449,1087,522,1049,453,276,
121,93,185,166,349,114,83,
524,216,976,968,3151,2149,2590,
732,333,986,811,1384,393,278,
371,204,1342,789,1292,522,228,
307,315,564,830,1309,390,366,
291,66,461,1951,4558,1546,1566,
0,0,36,0,267,241,46,
0,65,124,866,3651,1218,956,
188,437,1530,2783,6314,2308,718,
714,320,2379,3598,14846,12041,1834,
36,80,521,699,2269,1019,444,
67,0,477,852,1863,747,582,
122,108,1405,2062,4687,1750,806,
553,728,2770,2788,10414,7121,1973,
505,603,2469,2485,8276,4124,950,
75,0,328,345,867,586,146,
35,280,756,1832,2324,830,200,
636,803,2566,2771,8704,3750,1203,
610,651,2482,1773,5439,1622,898,
703,983,1718,1024,4073,888,417,
109,21,136,288,610,252,38,
626,666,2374,2101,5760,1872,1162,
719,460,2157,1302,3972,1103,620,
970,601,1962,775,1644,610,0,
1184,698,556,297,912,387,336,
46,28,442,283,264,53,63,
1443,693,1833,1324,2898,1118,715,
2046,635,1197,553,1405,318,143,
1925,882,1244,682,1334,209,36,
1064,453,1149,658,1280,187,208,
3256,3885,17926,15228,7037,1586,560,
75,50,94,583,70,30,0,
1407,505,2876,1950,1243,386,164,
7975,3306,11899,4649,1967,441,60,
16162,3296,15687,4968,2651,591,248,
4057,3917,15648,10478,5415,1935,902,
383,152,1760,1427,957,275,111,
3275,1894,6489,2893,1714,395,67,
7655,2588,9751,5504,1981,591,358,
8322,1716,6933,2608,1849,786,368,
4166,4110,10724,6212,4588,766,325,
1376,1582,5020,3328,2033,586,471,
3308,1604,7637,4180,1404,249,367,
4102,1447,3743,1833,1281,363,418,
3402,518,3127,1649,1098,316,132,
5488,1867,5262,2902,1682,666,321,
1895,1208,4102,2567,1387,421,375,
2239,776,3257,1384,625,44,181,
1605,658,1512,463,501,176,123,
1225,475,912,370,340,190,133,
6094,1518,3386,1171,652,297,201,
4503,1646,3668,1547,854,215,453,
1282,359,883,563,285,89,46,
1537,351,534,188,515,0,25,
1535,397,608,269,214,45,35,
2396,4136,15832,15311,9800,2732,489,
75,85,257,320,84,214,0,
410,446,2339,3246,1702,364,127,
5995,1703,7523,6672,1935,558,118,
10339,2180,12341,6304,3643,661,390,
2933,3492,13381,14833,7168,2824,710,
198,245,1406,1719,1188,257,136,
2203,986,5705,3769,949,442,300,
6594,1890,9307,5487,3830,473,301,
5283,977,6967,3625,2418,939,385,
3859,2958,11857,9427,4361,1830,492,
943,524,3998,3992,1832,1042,456,
3383,1649,5697,4024,1637,362,235,
2952,1347,4989,3333,2137,224,240,
2569,819,4243,1817,1056,313,471,
5985,1803,6040,4186,1928,923,322,
2613,845,4792,3306,1163,628,186,
2407,674,2529,1577,773,273,22,
2328,389,1880,865,625,198,21,
1587,404,1899,500,401,0,55,
8280,1836,4781,1613,956,222,155,
6621,2120,5256,2391,945,527,342,
2488,848,962,403,230,132,67,
2926,549,1482,86,488,73,23,
2719,255,742,246,452,128,0,
63,100,312,157,91,0,0,
0,0,0,0,0,0,0,
77,82,0,0,0,0,0,
142,151,332,0,16,0,0,
479,64,112,0,24,0,0,
13,134,518,480,117,15,47,
87,0,0,14,0,0,0,
79,0,94,26,0,0,0,
178,0,84,106,0,0,0,
23,48,0,38,0,0,0,
89,45,335,216,9,44,0,
59,25,21,0,47,0,0,
16,24,38,33,34,0,0,
48,0,0,102,0,0,0,
148,0,0,0,0,0,0,
21,21,173,152,0,48,49,
14,30,45,33,0,0,0,
41,0,0,20,0,0,0,
0,0,0,0,0,0,0,
0,0,20,0,0,0,0,
173,70,53,150,40,0,0,
0,0,0,0,25,0,0,
0,0,0,0,0,0,0,
0,0,0,0,30,0,0,
0,0,0,0,0,0,0,
27,88,338,170,78,50,36,
0,0,0,0,0,0,0,
0,0,0,0,0,0,0,
252,0,121,52,15,0,0,
159,90,85,109,10,0,0,
116,115,407,549,185,0,149,
0,0,0,0,0,0,0,
11,0,0,73,0,0,0,
71,0,70,63,53,19,0,
0,59,0,0,32,0,0,
36,20,385,492,72,58,41,
0,19,0,46,0,0,0,
28,0,57,108,15,0,0,
0,0,84,0,0,0,0,
44,43,0,0,0,0,0,
109,96,140,42,72,48,0,
0,0,29,0,0,0,0,
22,27,0,0,0,0,0,
0,0,28,0,0,0,0,
0,0,20,0,0,0,0,
139,106,214,209,30,102,0,
0,16,0,0,0,0,0,
28,0,0,0,0,0,0,
0,31,0,0,38,0,38,
80,0,0,0,0,0,0,
40,38,90,275,48,100,23,
0,0,0,0,0,0,0,
0,0,0,34,37,0,0,
0,61,172,93,0,139,0,
34,0,128,90,314,99,0,
131,0,121,180,77,103,0,
0,0,0,30,40,0,0,
22,160,169,0,172,0,0,
0,113,308,223,273,91,82,
226,39,182,58,22,0,0,
35,0,63,73,159,103,28,
27,0,106,19,26,0,0,
35,34,101,0,176,30,0,
0,0,133,0,77,0,0,
80,0,35,33,0,0,0,
0,0,0,55,28,61,25,
0,0,50,19,49,14,37,
0,0,171,0,0,21,0,
0,33,97,0,55,0,0,
83,0,44,47,0,0,0,
53,0,0,23,102,0,0,
74,0,48,46,0,0,86,
66,0,0,118,0,0,0,
60,19,0,0,0,0,0,
0,0,0,0,0,0,0,
0,78,132,156,581,41,93,
0,0,20,102,0,0,0,
0,0,100,101,53,23,0,
41,21,114,264,20,0,0,
0,0,315,215,584,77,44,
0,0,203,119,210,25,0,
0,0,106,98,0,48,28,
0,0,109,104,0,0,0,
69,26,514,413,343,0,29,
142,0,211,10,74,0,0,
0,0,89,151,27,41,0,
0,0,72,84,0,0,0,
23,0,145,60,75,0,0,
94,32,70,0,0,57,0,
46,35,230,61,142,0,0,
165,0,80,101,115,46,16,
0,0,32,20,0,21,0,
162,0,21,63,39,0,0,
20,0,65,0,0,0,0,
22,87,78,52,0,0,0,
163,81,0,148,95,19,0,
0,0,28,21,59,0,0,
0,21,0,39,87,0,0,
0,34,129,0,97,0,0,
0,0,0,0,0,0,0,
25,164,1117,1775,1261,301,178,
0,0,0,0,0,0,0,
0,0,0,62,130,0,71,
0,33,167,196,162,44,49,
45,90,79,199,154,124,75,
21,167,1193,1029,359,255,141,
0,0,0,37,42,37,0,
0,0,110,77,88,24,0,
0,20,208,56,29,29,97,
107,29,271,0,84,76,30,
70,44,778,806,308,111,166,
0,34,28,60,45,96,46,
44,49,211,169,220,59,26,
273,63,126,75,206,52,20,
0,17,28,0,180,26,32,
137,121,658,668,337,160,171,
40,19,79,205,103,79,77,
68,22,86,60,112,0,52,
0,0,69,0,108,0,0,
0,28,35,0,0,0,0,
267,97,438,372,74,16,166,
0,29,47,78,70,132,80,
0,0,0,0,25,46,57,
0,33,0,0,21,0,0,
36,0,80,0,29,0,25,
70,107,838,1440,1944,364,151,
0,0,0,0,0,0,0,
0,0,0,31,65,32,0,
0,0,156,125,223,30,30,
0,83,235,0,197,142,74,
54,115,1335,1370,1069,685,264,
0,0,0,65,148,19,27,
0,0,18,63,145,44,23,
34,57,149,213,177,118,63,
53,55,58,0,289,23,0,
21,96,1225,1797,728,347,55,
0,33,93,195,124,85,0,
144,0,134,185,246,117,65,
35,17,107,89,56,43,0,
0,16,93,109,137,39,22,
156,143,629,947,479,472,41,
31,81,44,39,136,115,0,
24,16,145,121,96,29,0,
83,56,57,134,37,43,0,
59,27,27,0,0,0,0,
522,149,467,651,99,272,22,
89,54,75,2,60,120,94,
20,33,0,57,70,0,0,
33,35,66,0,50,0,42,
27,0,56,0,61,0,0
*****