2010 Education by Immigration status in Kentucky, race/ethnicity, gender, age 25+, wgtd 2008-10 ACS, SSDAN/U-Mich
5
RaceEth,Gender,AgeEduc,Immentry,EducAll
7,2,5,5,7
NhWhite, Black, Asian, Hispanic, AmIndian, NHOther,NHMulti
Male, Female
25-34,35-44,45-54,55-64,65+
Native,FB<1980,FB80-89,FB90-99,FB00-Current
0-9Yrs,10-12Yrs,HSGrad,SomeColl,CollGrad,Masters,PhD-Prof
11074,17142,78247,72688,37407,9571,4361,
0,0,0,0,23,0,0,
7,0,85,38,111,26,0,
246,46,134,193,360,62,95,
140,144,222,214,339,284,93,
14879,20644,95044,67169,35848,11088,5488,
0,0,102,48,0,44,24,
0,0,27,31,300,23,21,
39,59,575,347,182,156,283,
80,108,654,180,172,85,106,
25710,25054,112765,62342,32443,11739,7626,
86,0,279,240,149,167,9,
0,0,200,44,151,26,82,
0,32,223,315,69,50,97,
37,75,404,157,135,84,0,
27144,17282,78293,55352,30354,14639,8481,
84,0,118,135,288,99,149,
0,36,24,52,86,0,17,
0,0,166,64,67,128,28,
25,35,73,0,33,0,6,
56477,19314,71544,39775,19546,10981,8733,
73,23,172,286,246,90,169,
0,0,43,0,31,31,43,
0,0,110,93,13,39,58,
30,0,0,0,46,0,73,
7520,14816,58238,84386,46869,17184,4184,
0,0,0,0,0,63,0,
0,0,81,0,63,0,0,
85,35,373,200,240,140,0,
27,37,272,312,716,190,136,
11513,13320,74666,86723,39754,19974,5410,
0,0,56,203,115,0,0,
0,15,105,122,181,88,25,
0,117,428,363,170,20,45,
0,97,303,331,193,273,67,
16360,18009,106523,89019,34304,19175,5254,
0,0,43,390,69,101,15,
42,0,231,155,164,118,26,
43,0,409,181,136,186,149,
154,33,95,141,75,0,72,
21617,17477,96678,61195,21782,21133,5032,
16,112,357,751,166,64,30,
0,0,179,106,0,25,0,
0,0,66,67,132,5,20,
25,27,118,0,4,0,0,
71177,31062,112265,54422,17214,12284,2805,
240,343,1245,849,238,128,126,
0,59,7,36,40,0,0,
87,56,117,79,42,0,0,
41,91,59,0,64,0,0,
1055,2896,8485,7586,1874,591,37,
0,0,0,90,0,0,0,
0,0,0,36,0,0,0,
0,0,39,341,0,89,0,
125,0,440,109,151,158,0,
655,1636,8939,7137,2232,531,210,
0,0,0,0,0,0,0,
0,0,0,0,81,27,0,
75,129,22,251,82,125,26,
92,75,304,111,0,27,0,
1149,2351,8097,8379,1830,344,82,
0,0,31,0,0,0,6,
0,38,43,25,67,0,0,
0,0,25,22,56,0,0,
23,27,0,56,51,37,0,
1025,1769,5333,4725,856,644,262,
0,0,0,0,0,0,0,
0,39,79,70,0,0,0,
26,22,0,0,0,0,0,
0,0,142,0,0,84,0,
2338,1532,3386,2104,375,226,223,
0,0,0,76,0,0,26,
0,13,0,42,0,0,0,
32,0,15,0,0,0,0,
0,0,0,0,0,0,0,
446,2219,5362,9413,3318,1236,244,
0,0,0,0,0,0,0,
0,0,0,0,22,0,0,
0,0,0,222,0,0,0,
182,106,289,212,32,51,0,
430,1225,5982,10554,2561,716,342,
0,115,0,44,94,0,0,
0,0,0,0,35,20,0,
0,127,0,45,32,0,0,
154,0,70,196,33,0,0,
785,2157,7682,9753,2656,1314,253,
0,0,27,26,0,0,0,
0,0,0,0,36,6,0,
0,61,33,0,0,0,6,
0,0,0,0,70,65,0,
1135,1898,6199,5504,1233,1155,149,
0,0,121,0,0,0,0,
0,0,35,28,0,0,0,
0,0,36,0,0,0,0,
60,0,36,0,0,0,0,
3434,3079,6291,3190,686,366,47,
82,0,0,0,0,0,0,
0,0,0,44,0,0,0,
41,0,19,0,0,0,0,
0,0,0,0,0,0,0,
0,0,115,214,321,49,104,
0,0,5,25,72,0,0,
0,0,25,87,23,0,70,
85,0,86,32,316,99,0,
27,18,151,130,896,750,326,
20,0,95,78,114,0,21,
0,0,54,144,204,13,16,
0,152,145,121,101,40,0,
107,35,365,50,255,214,513,
306,0,140,39,802,394,206,
0,0,145,55,0,36,21,
0,0,0,53,36,57,14,
0,0,49,39,23,12,357,
135,0,123,40,176,79,246,
0,24,0,0,259,158,83,
13,0,44,70,62,0,58,
0,62,0,0,202,150,325,
0,24,0,78,0,74,44,
68,0,80,10,0,0,0,
0,0,95,0,0,0,0,
0,0,0,0,37,0,0,
0,0,33,28,48,14,203,
0,0,0,0,0,5,0,
72,49,0,0,29,0,0,
0,0,50,0,0,0,0,
0,0,110,287,194,41,118,
0,0,0,147,0,0,16,
0,0,79,127,43,34,0,
0,193,228,190,172,152,52,
303,19,217,440,1390,528,377,
0,77,71,114,139,26,189,
0,28,0,31,82,0,39,
90,0,206,100,70,74,55,
177,84,144,175,535,301,280,
219,47,527,550,465,140,123,
0,0,36,23,94,115,23,
0,113,108,139,47,64,211,
29,36,101,144,125,83,87,
15,88,158,259,142,66,8,
43,70,178,51,121,0,53,
0,33,0,194,38,36,0,
203,157,65,279,247,33,39,
47,34,113,16,101,55,66,
74,53,62,0,140,0,92,
122,62,50,0,103,5,0,
0,0,24,0,0,0,0,
88,60,122,95,86,7,145,
46,0,77,6,9,47,0,
235,73,54,0,44,0,0,
0,0,41,0,0,0,0,
110,115,1226,1523,174,56,4,
0,85,29,0,0,0,0,
51,92,303,78,0,0,0,
1006,462,878,154,0,53,0,
3260,440,2409,587,190,97,84,
147,236,910,835,407,146,0,
93,0,30,0,0,44,0,
377,41,399,70,134,169,0,
935,509,1070,113,52,71,33,
1340,356,933,246,80,25,0,
49,46,450,393,253,48,61,
195,93,129,133,0,6,0,
77,221,136,199,53,27,24,
424,39,145,23,0,0,30,
812,349,522,217,140,80,9,
184,56,329,149,0,113,0,
48,0,37,0,40,0,0,
54,0,82,62,39,50,12,
20,0,32,0,30,0,0,
400,21,135,0,0,0,24,
49,140,313,151,47,0,48,
59,0,65,48,26,17,0,
11,0,0,0,0,0,0,
0,0,34,0,0,0,0,
56,0,58,0,0,0,0,
275,271,775,2145,610,174,100,
0,0,40,0,0,0,0,
113,0,79,263,30,0,0,
531,74,403,204,77,0,10,
1422,513,1397,331,427,67,0,
106,222,766,988,114,183,56,
0,0,169,24,38,29,0,
135,29,39,34,74,98,0,
459,66,171,210,95,63,0,
1072,252,967,221,327,0,11,
60,39,382,769,310,50,63,
0,6,74,153,188,85,0,
58,0,71,66,24,0,0,
183,225,44,41,0,0,129,
212,0,275,18,176,38,0,
235,56,340,485,60,131,0,
0,0,8,74,43,50,0,
119,0,6,10,0,0,0,
36,0,79,56,0,25,0,
243,46,122,0,26,0,28,
172,70,402,176,9,0,0,
316,51,143,50,0,0,0,
58,10,0,0,0,0,0,
0,0,0,0,0,0,0,
163,35,24,0,69,0,0,
46,53,251,321,0,0,0,
0,0,0,0,0,0,0,
0,0,0,0,0,0,0,
0,31,0,0,10,0,0,
15,0,79,0,0,0,0,
55,388,202,256,73,72,0,
0,0,0,0,0,0,0,
133,0,0,0,0,0,0,
110,0,8,46,0,0,0,
0,0,0,0,0,0,0,
23,57,344,302,95,55,0,
0,0,0,0,0,0,0,
0,0,0,0,0,0,0,
0,0,0,0,0,0,0,
0,0,0,0,0,0,0,
76,23,150,156,28,159,20,
0,0,0,0,0,0,0,
0,0,0,0,0,0,0,
0,0,0,0,0,0,0,
0,0,0,0,0,0,0,
216,28,128,63,0,19,0,
0,0,0,0,0,0,0,
0,0,0,0,0,0,0,
0,0,0,0,0,0,0,
0,0,0,0,0,0,0,
59,0,133,291,36,0,28,
0,0,0,0,0,0,0,
0,0,0,0,0,0,0,
0,0,17,0,0,0,0,
12,0,38,17,0,0,0,
93,40,173,401,25,0,0,
0,0,0,0,0,0,0,
0,0,0,0,0,0,0,
0,0,0,0,0,0,0,
0,0,0,0,0,0,0,
30,0,188,378,230,50,0,
0,0,0,0,0,0,0,
0,0,0,0,0,0,0,
0,0,0,0,0,0,0,
0,0,0,0,0,0,0,
34,52,217,235,114,58,0,
0,0,0,0,0,0,0,
0,0,0,0,0,0,0,
0,0,0,0,0,0,0,
0,0,0,0,0,0,0,
111,0,57,10,34,36,0,
0,0,0,0,0,0,0,
0,0,0,0,0,0,0,
0,0,0,0,0,0,0,
0,0,0,0,0,0,0,
0,0,0,0,33,0,30,
0,0,0,0,0,0,0,
0,0,0,0,0,0,0,
0,0,0,0,0,0,0,
0,0,0,118,98,0,0,
0,0,75,34,0,0,0,
0,0,0,0,0,97,0,
0,0,0,0,0,0,0,
0,0,0,0,26,0,0,
0,0,0,0,0,0,0,
0,0,40,44,32,31,27,
0,0,0,0,0,0,0,
0,0,0,0,0,0,0,
0,0,0,0,0,0,0,
0,0,0,0,0,0,0,
0,0,65,0,0,0,0,
0,0,0,0,0,0,0,
0,0,0,0,0,0,0,
0,0,0,0,0,0,0,
0,0,0,0,0,0,0,
0,0,0,0,0,0,23,
0,0,0,0,0,0,0,
0,0,0,0,0,0,0,
0,0,0,0,0,0,0,
0,0,0,0,0,0,0,
0,0,0,50,0,31,0,
0,0,0,0,0,0,0,
0,0,0,0,0,0,0,
0,0,0,0,0,0,0,
0,0,36,0,0,0,0,
0,0,0,54,0,0,36,
0,0,0,0,0,0,0,
0,0,0,0,0,0,0,
0,0,0,0,0,0,0,
0,0,0,0,0,0,0,
23,0,22,0,33,0,0,
0,0,0,0,0,0,0,
0,0,0,0,0,0,0,
0,0,0,0,0,0,0,
0,0,0,0,0,0,0,
0,0,36,0,0,0,0,
0,0,0,0,0,0,0,
0,0,0,0,0,0,0,
0,0,0,0,0,0,0,
0,0,0,0,0,0,0,
0,0,0,0,23,0,0,
0,0,0,0,0,0,0,
0,0,0,0,0,0,0,
0,0,0,0,0,0,0,
0,0,0,0,0,0,0,
82,184,429,572,242,153,114,
0,0,0,0,0,0,0,
0,0,0,135,0,0,0,
0,0,0,0,0,0,0,
0,0,0,0,108,0,0,
71,252,513,753,106,87,75,
0,0,6,0,0,30,0,
0,0,0,28,0,0,170,
0,0,0,0,0,0,0,
0,0,0,0,79,0,0,
96,129,554,488,154,129,22,
0,0,0,46,0,0,0,
0,0,0,0,0,0,40,
0,34,0,0,0,0,32,
0,0,0,0,0,0,0,
70,115,205,365,268,0,34,
0,0,0,0,26,17,0,
0,0,0,0,43,0,0,
0,0,0,0,0,0,0,
0,0,0,0,0,0,0,
375,184,418,370,142,29,2,
0,0,49,27,0,0,0,
0,0,0,0,0,45,0,
0,0,0,0,0,0,0,
0,0,0,0,0,0,0,
47,121,630,1119,549,48,31,
0,0,0,0,0,0,0,
0,0,35,0,0,0,0,
0,0,0,32,0,0,0,
0,0,0,6,0,0,0,
91,94,229,1006,341,46,10,
0,0,0,50,9,38,0,
0,20,0,0,0,0,0,
0,0,19,0,0,7,0,
0,0,0,0,0,0,60,
105,108,450,1038,220,74,47,
0,0,0,54,21,0,0,
0,0,0,0,0,0,0,
0,0,0,0,0,0,0,
0,0,0,0,0,0,0,
109,116,514,720,152,15,70,
0,0,0,93,0,0,0,
0,0,0,0,0,41,0,
0,0,0,0,0,0,0,
0,0,0,0,0,0,0,
359,482,573,254,65,35,0,
0,0,30,36,0,0,0,
45,0,0,0,0,0,0,
0,27,0,0,0,0,0,
0,0,0,0,0,0,0
*****