2010 Education by occupation in South Dakota, race/ethnicity, and gender for age 25+, wgtd 2008-10 ACS, SSDAN/U-Mich
5
AgeEduc,RaceEth,Gender,EducAll,Occup
5,7,2,7,6
25-34,35-44,45-54,55-64,65+
NhWhite,Black,Asian,Hispanic,AmIndian,NHOther,NHMulti
Male,Female
0-9Yrs,10-12Yrs,HSGrad,SomeColl,CollGrad,Masters,PhD-Prof
TopWC,OtherWC,Service,TopBC,OtherBC,Farm
65,16,103,409,118,11,38,74,55,350,269,43,604,1063,1326,2191,2045,641,1444,2705,1093,2875,1655,921,2618,1632,647,473,259,396,535,350,23,70,0,0,314,24,0,0,8,0,
0,37,16,170,61,97,0,79,259,0,81,0,430,2044,1932,36,461,173,2134,4593,2857,115,322,175,4586,2211,789,29,78,62,1094,116,66,0,0,0,351,27,9,0,0,0,
0,0,0,172,0,0,0,30,0,0,0,0,28,0,25,25,27,0,0,0,3,219,15,0,0,0,0,0,0,0,12,0,0,0,0,0,0,0,0,0,0,0,
0,0,0,0,0,0,0,0,0,0,0,0,0,0,149,0,0,0,0,0,0,0,0,0,0,0,0,0,0,0,44,0,0,0,0,0,0,0,0,0,0,0,
0,0,0,0,0,0,0,0,0,0,0,0,0,40,0,0,0,0,13,0,0,28,0,0,0,0,31,0,0,0,0,0,0,0,0,0,38,0,0,0,0,0,
0,0,0,0,16,0,0,0,0,0,0,0,0,0,40,0,0,0,0,6,0,0,11,0,141,297,0,0,0,0,0,0,0,0,0,0,0,0,0,0,0,0,
0,0,0,0,0,33,0,0,27,0,0,6,0,31,0,0,46,0,58,32,0,91,0,0,0,0,61,60,0,0,0,0,0,0,0,0,0,0,0,0,0,0,
0,0,29,0,0,0,0,0,0,0,0,0,33,118,139,0,0,0,0,246,38,0,0,0,47,0,35,0,59,0,0,80,0,0,0,0,0,0,0,0,0,0,
0,155,89,63,0,0,0,0,49,105,67,0,0,37,226,231,190,14,183,266,161,100,74,39,0,0,0,0,0,0,0,0,51,0,0,0,0,0,0,0,0,0,
0,24,229,0,28,0,0,14,452,0,0,0,0,141,369,0,0,0,111,696,802,0,0,25,111,0,87,0,0,0,0,0,0,0,0,0,0,0,0,0,0,0,
0,0,0,0,0,0,0,0,0,0,0,0,0,0,0,0,0,0,0,0,0,0,0,0,0,0,0,0,0,0,0,0,0,0,0,0,0,0,0,0,0,0,
0,0,0,0,0,0,0,0,0,0,0,0,0,0,0,0,0,0,0,0,0,0,0,0,0,0,0,0,0,0,0,0,0,0,0,0,0,0,0,0,0,0,
0,0,0,0,0,0,0,0,0,37,0,0,91,74,127,24,63,26,0,31,0,43,0,0,0,0,0,0,0,0,0,34,0,10,0,0,0,0,0,0,0,0,
0,0,0,0,0,0,64,0,0,0,0,0,0,59,205,0,0,0,3,58,87,0,94,0,0,10,44,0,0,11,138,0,0,0,0,0,0,0,0,0,0,0,
63,0,119,124,69,72,13,69,29,434,482,27,732,1846,553,2639,2166,724,1077,2388,696,2753,1428,825,2471,1718,427,299,104,299,513,336,56,0,0,56,783,45,0,0,30,0,
0,63,28,0,12,0,0,118,155,9,194,0,521,2540,1441,157,291,47,2444,5471,1872,62,547,162,3414,2134,568,0,37,107,1286,280,0,0,0,0,612,154,0,0,0,0,
0,0,0,0,43,0,0,0,0,0,0,0,0,78,0,441,0,0,0,0,34,46,51,0,0,18,49,0,0,0,0,0,0,0,0,0,51,0,0,0,0,0,
0,0,0,38,0,0,0,0,0,0,0,0,0,0,0,0,0,0,0,89,0,0,0,0,112,0,0,0,0,0,0,0,0,0,0,0,0,0,0,0,0,0,
0,0,0,0,0,0,0,0,0,0,0,16,0,0,0,0,130,0,0,61,0,0,0,0,0,116,0,0,0,0,0,10,0,0,0,0,0,0,0,0,0,0,
0,0,0,0,0,0,0,0,0,0,0,0,0,0,54,0,0,0,8,56,89,0,0,0,0,7,0,0,0,0,0,0,0,0,0,0,0,0,0,0,0,0,
0,55,0,44,0,0,0,0,0,42,76,0,58,14,0,108,0,195,0,0,35,31,0,11,48,338,0,0,0,0,0,0,0,0,0,0,0,0,0,0,0,0,
0,41,0,92,24,0,0,0,0,0,0,0,114,247,38,0,0,0,14,55,17,49,0,0,0,0,0,0,20,0,0,0,0,0,0,0,0,0,0,0,0,0,
0,0,0,0,0,0,0,0,75,71,50,0,63,90,85,379,77,100,79,33,322,295,55,0,42,15,34,0,0,0,0,0,0,0,0,0,0,0,0,0,0,0,
0,11,22,56,0,0,0,123,110,0,0,0,0,79,331,86,26,0,201,556,554,0,0,0,143,109,0,0,0,0,89,0,0,0,0,0,29,0,0,0,0,0,
0,0,0,0,0,0,0,0,0,0,0,0,0,0,0,0,0,0,0,0,0,0,0,0,0,0,0,0,0,0,0,0,0,0,0,0,0,0,0,0,0,0,
0,0,0,0,0,0,0,0,0,0,0,0,0,0,0,0,0,0,0,0,0,0,0,0,0,0,0,0,0,0,0,0,0,0,0,0,0,0,0,0,0,0,
0,0,0,0,0,0,0,25,0,0,0,0,0,159,0,21,0,30,0,0,23,19,0,119,19,0,0,0,0,0,33,0,0,0,0,0,0,0,0,0,0,0,
0,0,0,0,0,0,0,0,0,0,0,0,15,0,0,0,0,0,0,32,0,0,0,0,0,0,0,0,0,0,25,0,0,0,0,0,0,0,0,0,0,0,
45,117,176,229,321,86,138,40,99,261,259,152,1144,2082,920,4454,2918,1529,2379,2664,970,1736,1356,1282,2299,1160,119,377,256,523,1092,326,37,19,0,52,1257,112,40,0,0,0,
23,41,201,0,8,45,2,323,267,0,205,12,1516,4795,2663,239,1124,231,3135,5966,1287,89,583,163,3550,1712,222,43,312,68,1730,467,31,0,0,0,799,61,0,0,0,0,
0,0,0,0,0,0,0,0,0,0,0,0,0,0,31,19,20,0,0,0,0,0,0,0,0,30,0,0,0,0,0,0,0,0,0,0,93,0,0,0,0,0,
0,0,0,212,0,0,0,0,0,0,0,0,0,0,0,0,0,0,0,40,0,0,0,0,0,0,55,0,0,0,23,0,0,0,0,0,0,0,0,0,0,0,
0,0,0,0,0,0,0,0,0,0,0,0,0,0,0,18,0,0,5,0,0,0,0,0,0,0,0,0,0,0,0,0,0,0,0,0,42,0,0,0,0,0,
0,0,239,0,0,0,0,0,0,0,0,0,0,60,35,56,0,0,12,0,0,0,36,0,10,0,0,0,56,0,114,0,0,0,0,0,0,0,0,0,16,0,
0,0,0,46,0,74,0,0,0,0,0,0,0,0,36,0,197,0,59,69,0,14,0,0,76,0,0,26,0,0,0,0,0,0,0,0,0,0,0,0,0,0,
0,0,0,0,33,0,0,0,0,0,0,0,0,0,53,0,239,0,0,2,196,0,0,0,0,0,0,0,0,0,0,0,0,0,0,0,0,0,0,0,0,0,
0,0,34,0,0,0,0,79,16,66,0,25,164,97,110,118,140,0,197,202,135,146,287,11,113,65,49,0,0,0,0,0,0,0,0,0,0,0,0,0,0,0,
0,0,31,0,0,0,22,4,28,0,0,0,0,208,291,0,28,0,204,401,307,0,0,0,14,196,32,0,0,0,58,70,0,0,0,0,0,0,0,0,0,0,
0,0,0,0,0,0,0,0,0,0,0,0,0,0,0,0,0,0,0,0,0,0,0,0,0,0,0,0,0,0,0,0,0,0,0,0,0,0,0,0,0,0,
0,0,0,0,0,0,0,0,0,0,0,0,0,0,0,0,0,0,0,0,0,0,0,0,0,0,0,0,0,0,0,0,0,0,0,0,0,0,0,0,0,0,
0,46,0,0,0,0,0,0,0,0,0,0,0,0,35,15,16,0,0,0,0,21,27,0,42,0,0,0,247,0,0,0,0,0,0,0,0,0,0,0,0,0,
0,0,0,0,0,0,0,0,0,0,0,0,0,33,0,0,53,0,69,43,72,0,0,0,0,36,0,0,0,0,54,0,0,0,0,0,0,0,0,0,0,0,
136,221,45,95,246,339,0,57,68,211,149,114,387,1211,944,2737,2011,1123,776,2068,654,1565,1294,1138,1985,1718,668,496,420,638,835,550,102,43,42,79,1155,30,80,0,0,0,
0,99,52,0,31,64,0,135,152,0,29,0,763,3832,1804,239,959,200,1695,5859,1172,8,324,338,2310,1496,493,0,74,40,1667,233,22,0,0,0,311,87,0,0,0,0,
0,0,0,0,0,0,0,0,0,0,0,0,0,56,0,0,0,0,70,0,19,0,0,0,0,0,0,0,0,0,0,0,0,0,0,0,0,0,0,0,0,0,
0,0,0,0,0,0,0,0,0,0,0,0,42,0,0,0,0,0,0,0,0,0,0,0,0,0,0,0,0,0,0,0,0,0,0,0,0,0,0,0,0,0,
0,0,0,0,0,0,0,0,0,0,0,0,0,0,0,0,0,0,0,0,0,0,0,0,0,0,0,0,0,0,0,0,0,0,0,0,0,0,0,0,0,0,
0,0,0,0,0,0,0,0,0,0,0,0,0,0,7,0,0,0,0,0,62,0,0,0,0,0,0,0,0,0,0,0,0,0,0,0,0,0,0,0,0,0,
0,0,0,0,0,0,0,0,0,0,0,0,0,0,0,0,0,0,0,36,0,0,0,0,38,0,0,0,0,0,0,0,0,0,0,0,0,0,0,0,0,0,
0,0,0,0,0,0,0,0,0,0,0,0,0,53,69,0,0,0,0,35,0,0,0,0,0,0,31,0,0,0,0,0,0,0,0,0,0,0,0,0,0,0,
0,0,0,0,0,0,0,0,0,0,0,0,0,14,63,15,0,0,70,46,67,99,0,0,30,0,0,0,25,0,0,0,0,12,0,28,0,0,0,0,0,0,
0,0,67,0,0,0,0,0,36,0,0,0,0,185,78,0,0,0,92,233,159,0,0,0,146,16,70,0,0,0,20,0,0,0,0,0,0,0,0,0,0,0,
0,0,0,0,0,0,0,0,0,0,0,0,0,0,0,0,0,0,0,0,0,0,0,0,0,0,0,0,0,0,0,0,0,0,0,0,0,0,0,0,0,0,
0,0,0,0,0,0,0,0,0,0,0,0,0,0,0,0,0,0,0,20,0,0,0,0,0,0,0,0,0,0,0,0,0,0,0,0,0,0,0,0,0,0,
0,0,0,0,0,0,0,0,0,0,0,0,0,0,89,0,0,0,145,17,0,0,0,0,0,0,0,0,0,0,50,0,0,0,0,0,0,0,0,0,0,0,
0,0,0,0,0,0,0,0,124,0,0,0,0,195,0,0,0,0,0,107,169,0,0,0,0,0,0,0,0,45,0,0,0,0,0,0,0,0,0,0,0,0,
40,147,346,254,320,681,80,79,0,221,116,270,421,785,592,1000,1097,1527,442,707,231,64,344,448,714,366,125,18,238,132,228,426,65,4,51,0,476,270,19,46,0,0,
52,292,514,21,44,22,87,208,370,64,164,31,316,2228,1336,62,388,217,505,1548,989,68,203,95,539,814,162,0,9,77,459,322,32,10,0,0,59,71,0,0,0,16,
0,0,0,0,0,0,0,0,0,0,0,0,0,0,0,0,0,0,0,0,0,0,0,0,0,0,0,0,0,0,0,0,0,0,0,0,0,0,0,0,0,0,
0,0,0,0,0,0,0,0,0,0,0,0,0,0,0,0,0,0,0,0,0,0,0,0,0,0,0,0,0,0,0,0,0,0,0,0,0,0,0,0,0,0,
0,0,0,0,0,0,0,0,0,0,0,0,0,0,0,0,0,0,0,0,0,0,0,0,0,0,0,0,0,0,0,0,0,0,0,0,12,0,0,0,0,0,
0,0,0,0,0,0,0,0,0,0,0,0,0,0,0,0,0,0,0,0,0,0,0,0,0,0,0,0,0,0,0,0,0,0,0,0,24,0,0,0,0,0,
0,0,0,0,0,0,0,0,0,0,0,0,0,0,0,0,0,0,0,0,60,0,0,0,0,0,0,0,0,0,0,0,0,0,0,0,0,0,0,0,0,0,
0,0,0,0,0,0,0,0,0,0,0,0,0,95,0,0,0,0,0,0,0,0,0,0,0,0,0,0,0,0,0,0,0,0,0,0,0,0,0,0,0,0,
0,54,0,0,0,0,0,33,0,0,0,0,0,0,28,0,0,20,9,0,0,0,0,0,0,0,0,0,0,0,0,9,0,0,0,0,0,0,0,0,0,0,
0,33,29,0,0,0,0,0,0,0,0,0,0,0,32,0,0,0,19,79,0,0,0,0,0,33,0,0,0,0,0,0,0,0,0,0,0,0,0,0,0,0,
0,0,0,0,0,0,0,0,0,0,0,0,0,0,0,0,0,0,44,0,0,19,0,0,0,0,0,0,0,0,0,0,0,0,0,0,0,0,0,0,0,0,
0,0,0,0,0,0,0,0,0,0,0,0,0,0,0,0,0,0,0,0,0,0,0,0,0,0,0,0,0,0,0,0,0,0,0,0,0,0,0,0,0,0,
31,0,0,0,43,0,0,0,0,0,0,0,0,0,0,0,0,0,0,0,0,0,0,0,0,0,0,0,0,68,0,0,0,0,0,0,0,0,0,0,0,0,
0,0,0,0,0,0,0,0,0,0,0,0,0,0,0,0,0,15,12,0,0,0,0,47,0,0,0,0,0,0,0,0,0,0,0,0,0,0,0,0,0,0
*****