2010 Education by occupation in Ohio, race/ethnicity, and gender for age 25+, wgtd 2008-10 ACS, SSDAN/U-Mich
5
AgeEduc,RaceEth,Gender,EducAll,Occup
5,7,2,7,6
25-34,35-44,45-54,55-64,65+
NhWhite,Black,Asian,Hispanic,AmIndian,NHOther,NHMulti
Male,Female
0-9Yrs,10-12Yrs,HSGrad,SomeColl,CollGrad,Masters,PhD-Prof
TopWC,OtherWC,Service,TopBC,OtherBC,Farm
244,715,964,2302,2070,427,900,2810,2930,6459,6817,260,6121,17439,16428,32981,39191,1718,16037,31004,18977,24489,21194,1292,38703,23537,6207,2910,2347,480,13322,3193,502,269,100,0,6505,443,95,201,244,67,
122,1716,1913,151,918,66,859,4812,5443,271,1902,101,6469,33379,23701,1569,9455,375,24010,57988,31926,1317,6928,632,49562,29543,6792,262,1048,186,23452,4784,250,0,84,0,7362,467,171,0,0,0,
100,139,851,394,586,41,100,947,2315,708,2795,0,852,2394,4875,2009,4238,22,2118,5464,3825,1697,4136,28,3011,1453,727,56,744,0,689,127,33,0,73,0,205,0,74,0,0,0,
0,303,653,0,179,0,147,1873,3905,61,653,0,1082,5557,6794,80,1688,0,3424,11604,7773,287,1902,0,3967,3263,957,0,103,0,1230,442,153,0,0,0,577,55,21,0,0,0,
0,0,0,0,51,0,0,92,43,83,78,0,186,161,420,75,49,0,377,244,337,125,228,0,2755,787,252,89,209,0,2723,465,168,0,139,0,1358,0,0,0,0,0,
0,173,121,0,150,0,0,130,32,0,20,0,113,168,157,0,128,0,397,659,485,0,239,0,2547,756,272,64,181,0,2283,546,23,0,0,0,1349,0,0,0,0,0,
323,226,1275,904,1266,386,0,151,302,639,489,109,93,603,1678,1849,1663,342,657,890,686,247,762,0,1097,220,182,180,234,6,287,60,0,0,0,0,423,45,0,0,98,0,
85,59,622,0,191,169,106,282,765,0,422,23,321,1247,703,0,938,181,765,1595,963,42,335,0,923,603,152,0,0,0,240,255,0,19,0,0,275,0,42,0,0,0,
0,0,20,0,17,0,0,0,48,27,107,0,71,37,53,134,78,0,0,48,89,30,65,0,17,24,0,0,0,0,27,0,0,0,0,0,0,0,0,0,0,0,
0,0,0,0,0,0,0,0,0,0,0,22,0,145,104,0,44,0,169,207,33,0,0,0,31,43,0,0,0,0,25,0,0,0,0,0,0,0,0,0,0,0,
0,0,0,0,0,0,0,0,0,0,0,0,44,0,107,0,57,0,0,0,33,0,37,0,91,0,0,0,0,0,75,0,0,0,0,0,69,0,0,0,0,0,
0,0,0,0,0,0,0,0,0,0,0,0,0,0,0,0,0,0,31,168,40,0,128,0,129,73,51,0,0,0,0,26,0,0,0,0,109,0,5,0,0,0,
24,35,50,0,0,0,0,25,74,223,307,0,152,237,327,374,521,0,227,739,219,349,402,0,382,87,66,0,119,0,131,68,0,0,0,0,60,0,0,0,0,0,
0,0,48,0,34,0,0,132,0,0,19,0,72,456,807,22,93,0,554,1352,893,17,28,0,319,249,230,0,0,0,246,0,30,0,0,0,96,0,0,0,0,0,
380,484,1001,2207,2681,483,1127,1595,2403,7584,9063,256,11686,19205,14111,42231,50426,2044,23350,27596,12729,27075,23336,647,39660,23507,4408,2881,3637,492,19575,5133,378,235,291,24,11192,604,194,74,110,0,
496,1371,1437,135,906,28,350,3831,5172,171,2218,90,10659,47953,27664,2659,17381,1168,31868,64440,23082,1931,7591,400,43049,25242,4889,185,885,248,25336,5153,1022,118,46,90,6636,391,89,0,82,0,
51,171,368,174,285,70,159,856,1883,530,1868,0,779,2096,4750,3508,7715,29,2815,4258,3620,2642,4749,27,2817,1947,521,202,182,0,1137,372,54,28,0,0,697,14,115,0,0,0,
0,103,777,39,242,0,225,1339,2011,32,890,0,1029,4912,6343,141,3107,0,3705,12814,6033,319,2003,0,3581,3002,661,29,266,0,2747,1198,75,27,91,0,533,0,0,0,74,0,
71,0,107,0,37,0,0,31,146,42,104,0,384,248,366,328,280,0,24,378,56,30,516,0,1976,566,0,40,154,0,2011,393,13,0,0,0,2095,115,0,0,0,0,
0,94,330,0,97,0,0,11,207,0,180,0,78,217,454,36,317,0,358,666,365,0,152,0,1826,487,109,95,71,0,1170,452,129,0,0,0,1156,74,146,0,0,0,
57,37,395,846,527,189,0,26,283,195,333,0,146,457,780,1643,1312,47,369,1302,602,463,948,23,770,562,146,121,22,0,504,22,0,0,0,0,452,0,0,0,0,0,
20,217,265,0,694,160,0,278,433,70,340,0,678,757,472,106,378,70,756,1599,758,46,506,0,721,463,98,0,173,0,595,53,0,0,0,0,146,24,39,0,0,0,
0,26,0,0,0,26,0,32,18,39,34,0,0,110,0,242,289,0,22,109,26,52,84,0,30,17,11,0,0,0,94,0,0,46,24,0,0,0,36,0,0,0,
0,0,0,0,0,0,0,0,0,0,0,0,0,259,9,0,0,0,148,183,54,58,0,0,66,22,0,0,0,0,0,0,0,0,0,0,0,0,0,0,0,0,
0,0,0,0,0,0,0,0,0,0,0,0,0,40,0,46,0,0,0,7,50,133,0,0,77,0,0,0,0,0,34,7,0,0,0,0,86,0,0,0,0,0,
0,0,0,0,0,0,0,0,0,0,0,0,0,0,0,0,0,0,166,144,0,0,0,0,0,0,31,0,0,0,96,38,0,0,0,0,48,0,0,0,0,0,
0,30,17,19,0,0,13,28,78,151,79,52,155,171,216,554,476,0,147,288,214,465,108,35,348,104,191,0,170,0,106,13,0,0,0,0,143,30,0,0,0,0,
0,106,0,0,0,0,0,49,182,0,0,0,174,269,282,0,195,0,374,1363,383,0,35,0,297,240,40,0,0,0,207,0,0,0,0,0,52,112,0,0,0,0,
363,1131,668,2460,4140,201,1256,2499,2788,8446,11740,167,14929,26017,18220,54338,58901,2732,26283,32082,13989,28256,23253,1036,41961,24747,3652,3464,3688,614,20349,5338,675,428,698,33,14522,1136,92,130,115,27,
439,1467,2478,179,2248,83,862,5075,6024,466,3581,93,16827,75202,36879,2742,25307,926,38875,75177,21216,2009,7512,620,41500,22311,3969,418,1067,468,25663,5916,521,31,113,77,7106,778,268,0,26,13,
0,132,636,212,1010,24,60,408,1462,760,1319,32,809,2443,4279,3220,8177,81,1900,3155,3660,2538,5366,0,2412,1558,520,267,430,0,888,485,0,63,241,0,544,173,0,0,44,0,
32,290,633,44,447,0,129,696,2244,0,983,0,1268,4461,6583,159,2898,104,3766,12576,5957,280,2732,0,3079,2792,559,179,261,0,2759,921,68,28,0,0,958,0,0,0,0,0,
40,92,5,23,106,0,0,0,65,10,92,0,109,109,187,224,316,0,188,354,48,272,168,0,742,523,64,35,274,0,998,185,0,0,0,0,1286,222,0,0,0,0,
0,67,88,0,230,0,120,131,144,0,125,0,117,255,574,0,337,20,186,458,124,19,291,0,1038,597,98,12,81,0,711,225,78,0,0,0,401,113,33,0,0,0,
43,26,191,277,373,120,51,24,255,184,280,0,472,214,609,742,993,0,420,349,176,559,506,73,637,316,186,19,148,0,385,86,0,49,0,0,357,0,0,0,0,0,
0,0,312,56,580,64,0,166,170,0,123,6,263,652,559,26,475,26,507,980,519,82,238,0,484,294,0,114,0,0,433,42,24,70,0,0,216,77,0,0,0,0,
0,0,0,180,0,0,0,0,42,0,0,0,0,151,14,147,60,0,57,127,45,40,48,0,71,0,0,0,0,0,0,0,0,0,0,0,34,0,0,29,0,0,
0,0,0,0,0,0,0,0,167,0,24,0,106,223,157,22,82,0,3,169,18,0,0,0,138,76,0,0,0,0,17,0,0,0,0,0,0,34,0,0,0,0,
0,0,0,0,0,0,0,0,0,0,0,0,0,0,0,0,0,0,0,0,18,0,38,0,29,29,32,0,0,0,0,0,0,0,0,0,0,0,0,0,0,0,
0,0,0,0,0,0,0,0,0,0,0,0,27,2,0,0,43,0,0,36,0,0,17,0,69,12,0,36,0,0,0,0,0,0,0,0,0,0,0,0,0,0,
0,0,0,98,15,0,22,0,93,0,59,0,310,70,167,440,273,61,177,293,187,168,150,0,130,190,58,141,69,60,171,64,0,0,13,0,66,0,0,0,0,0,
31,28,24,0,32,0,0,0,316,0,0,0,186,629,72,25,191,56,369,808,221,0,110,0,407,237,65,0,0,0,337,94,0,0,0,0,119,0,0,0,0,0,
288,933,894,2499,4047,292,884,1508,1863,4525,6098,488,8763,16744,11947,28722,40861,1866,19434,24347,10609,19853,16936,702,30932,17174,2873,2992,4026,511,20717,7012,699,819,778,213,15638,1864,220,103,174,69,
261,1004,2560,220,1305,148,586,3366,4544,331,2705,37,10209,63101,25634,2147,16125,602,23941,51433,11269,1024,5073,291,26824,15955,2082,230,556,206,23255,5586,996,73,260,76,5373,470,132,36,27,0,
0,23,242,99,507,0,51,527,431,315,1203,0,135,1299,2745,2115,4536,34,938,2213,1594,1536,2512,0,1199,1403,211,218,310,0,995,182,20,0,20,0,474,59,22,0,0,0,
24,52,549,0,276,0,192,418,1216,79,654,0,530,4428,3795,230,1834,27,2484,6598,2351,162,1013,0,1530,1541,258,19,28,0,2202,748,46,0,14,0,485,0,207,0,0,0,
94,0,53,0,125,0,0,0,0,4,21,0,96,0,113,49,367,0,323,144,10,20,166,0,546,265,137,94,60,0,454,178,26,29,74,0,575,181,34,0,0,0,
0,0,222,0,86,0,49,86,109,0,0,0,110,83,282,0,215,0,192,363,136,0,118,0,416,569,169,0,91,0,278,67,0,0,0,0,239,0,27,0,0,0,
30,0,235,339,422,92,0,143,192,159,103,0,95,151,241,141,340,20,169,190,226,103,413,0,211,32,0,0,0,0,126,68,0,0,0,0,200,0,41,0,0,0,
0,0,266,0,304,0,0,26,275,0,28,29,242,239,733,36,273,0,207,337,260,57,72,0,270,128,0,0,0,0,80,0,0,0,172,0,136,0,0,0,0,0,
10,0,87,0,0,0,0,0,55,33,0,0,0,50,0,187,69,0,14,16,0,17,19,0,38,27,0,0,0,0,19,0,0,0,0,0,9,0,0,0,0,0,
0,0,92,0,0,0,0,0,0,0,0,0,27,0,155,25,20,0,0,67,0,0,0,0,33,159,0,0,0,0,53,44,0,0,0,0,0,0,0,0,0,0,
0,0,27,0,0,0,0,0,0,0,0,0,22,0,0,23,0,0,0,0,0,0,24,0,0,0,0,0,0,0,0,3,0,0,56,0,0,0,0,0,0,0,
0,0,0,0,0,0,0,0,0,0,0,0,0,0,25,0,0,0,0,0,25,0,0,0,0,0,0,0,0,0,0,8,0,0,0,0,0,0,0,0,0,0,
0,0,10,0,2,0,23,0,15,0,12,0,8,155,160,209,281,0,116,75,45,279,81,0,60,124,49,19,0,0,106,140,45,0,0,0,0,50,0,27,0,0,
0,0,23,0,0,0,0,129,20,0,62,0,0,279,315,0,12,0,154,529,152,0,56,0,159,56,0,0,0,0,190,38,0,0,0,0,61,90,0,0,0,0,
406,602,1221,1560,3881,349,560,1305,1792,2518,3474,201,4665,10947,8588,9615,13915,2211,8905,11553,4126,3813,6180,731,9767,6639,1789,1107,1843,170,6033,2652,750,555,719,45,7763,1298,54,47,73,38,
103,932,2273,294,1223,36,511,3361,3315,379,1718,0,3638,31031,11599,817,4494,523,6781,19178,4313,261,1086,182,6975,5776,758,0,241,31,5843,2788,481,0,80,24,1642,451,67,0,0,0,
0,93,275,152,347,0,34,143,593,75,443,24,249,754,1073,308,1096,0,407,612,522,390,705,0,433,194,319,86,138,0,123,196,56,0,232,0,297,51,27,0,0,0,
12,205,684,0,174,0,22,276,802,22,238,0,394,1278,1699,90,635,0,670,1882,1327,0,99,0,833,532,50,0,0,0,387,295,66,0,0,0,269,0,0,0,0,0,
0,0,19,0,11,0,33,0,0,0,0,0,53,0,35,29,62,0,0,57,0,0,38,0,82,140,31,0,53,0,255,41,0,0,0,0,527,47,0,0,38,0,
0,66,116,0,137,0,0,0,21,0,0,0,0,114,24,0,0,0,47,38,34,28,0,0,135,216,52,0,0,0,13,24,0,0,0,0,78,0,0,0,21,0,
24,0,21,158,181,9,0,18,75,0,18,0,0,5,101,33,325,0,172,25,93,38,59,0,119,29,0,0,26,0,50,43,0,0,23,0,78,45,0,0,0,0,
33,64,93,0,45,0,25,30,30,0,0,0,104,107,167,38,116,0,59,150,17,0,52,0,15,18,0,0,0,0,102,0,0,0,0,0,28,0,0,0,0,0,
0,0,0,0,86,0,0,0,0,0,0,0,48,0,32,0,0,0,45,0,0,0,18,0,0,0,0,10,0,0,0,0,0,0,0,0,0,0,0,0,0,0,
0,0,19,0,0,0,0,0,0,0,0,0,0,0,0,0,18,0,0,0,0,0,0,0,0,0,17,0,0,0,0,0,0,0,0,0,0,0,0,0,0,0,
0,0,0,0,0,0,0,0,22,0,0,0,0,0,0,0,0,0,0,0,0,23,39,0,0,0,0,0,0,0,0,0,0,4,0,0,0,0,0,0,0,0,
0,0,0,0,0,0,0,0,0,0,0,0,0,0,28,0,0,0,0,0,0,0,0,0,0,0,0,0,0,0,0,0,0,0,0,0,0,0,0,0,0,0,
0,0,23,0,25,0,29,0,27,32,31,0,8,0,6,52,59,0,0,97,34,22,0,0,22,0,39,0,0,0,0,0,0,0,0,0,185,0,0,0,0,0,
0,123,68,0,0,0,12,71,14,0,0,0,0,61,65,0,13,0,25,162,21,0,0,0,51,0,0,0,0,0,19,16,0,0,0,0,49,187,0,0,0,0
*****