2010 Education by Immigration status in Mississippi, race/ethnicity, gender, age 25+, wgtd 2008-10 ACS, SSDAN/U-Mich
5
RaceEth,Gender,AgeEduc,Immentry,EducAll
7,2,5,5,7
NhWhite, Black, Asian, Hispanic, AmIndian, NHOther,NHMulti
Male, Female
25-34,35-44,45-54,55-64,65+
Native,FB<1980,FB80-89,FB90-99,FB00-Current
0-9Yrs,10-12Yrs,HSGrad,SomeColl,CollGrad,Masters,PhD-Prof
4463,9269,27471,35332,18171,3892,2470,
0,0,0,20,0,0,0,
0,0,0,0,0,0,0,
0,30,0,0,0,23,0,
525,0,67,151,20,38,128,
6546,8560,33861,36061,17423,5502,3567,
110,0,0,39,27,0,0,
0,0,4,34,0,0,17,
0,0,101,35,106,0,167,
19,32,56,0,241,18,34,
8844,10266,40352,38718,18014,5806,4496,
0,0,26,163,122,42,28,
100,64,27,0,32,31,0,
0,0,0,39,13,0,48,
0,0,20,0,0,73,72,
8558,6312,30147,34310,18981,6506,4962,
0,0,118,131,71,0,17,
0,0,80,0,22,36,18,
0,0,0,0,21,0,47,
0,0,0,0,0,103,0,
14989,10249,36625,28544,15367,6488,5901,
34,0,311,324,24,0,24,
0,0,0,0,32,0,0,
0,0,33,0,31,0,47,
0,0,40,0,37,0,0,
3772,7082,19789,37987,21816,7131,2235,
0,0,0,28,47,0,0,
0,0,0,39,29,0,0,
0,0,162,29,78,0,13,
188,0,65,37,202,66,19,
4511,5769,28642,41228,19292,8078,2676,
0,0,26,44,0,37,0,
0,155,0,48,19,0,0,
0,0,0,72,28,31,58,
0,0,72,54,64,37,36,
5469,5880,37204,48672,20022,7824,2063,
0,30,25,94,15,56,0,
0,0,27,0,55,97,36,
0,36,124,23,11,26,23,
0,0,59,171,0,91,17,
6089,7079,39877,36525,14869,9298,1705,
0,52,298,180,109,29,43,
0,0,0,77,41,0,0,
0,0,48,23,43,90,0,
0,0,42,0,0,0,0,
18534,18984,62417,36339,13791,5794,1432,
290,194,633,452,116,81,0,
0,0,32,21,0,0,0,
93,0,0,22,0,0,0,
0,0,0,0,31,0,0,
4501,12109,26297,19799,4859,995,299,
0,0,0,0,0,0,0,
0,0,0,0,0,0,0,
0,0,27,0,105,0,0,
0,0,4,5,97,62,54,
2979,8671,27251,19372,4053,1362,258,
0,0,0,0,0,0,0,
0,0,0,0,0,0,0,
0,0,23,0,31,0,0,
0,27,96,0,24,0,34,
7438,11569,25380,17209,3951,685,361,
0,0,0,0,0,0,18,
0,0,0,113,0,0,42,
0,0,0,160,0,0,22,
0,0,0,83,0,90,0,
9041,6981,14568,11519,3265,1751,484,
0,0,0,0,31,28,49,
0,0,0,0,0,28,0,
0,0,0,0,0,0,0,
0,0,0,0,0,0,0,
15703,5032,6804,4189,1522,1005,646,
0,6,21,0,0,0,34,
0,0,0,0,0,0,0,
0,0,0,0,0,0,0,
0,0,0,0,0,0,0,
3426,9134,18724,33931,10454,3438,841,
0,0,0,0,0,0,0,
0,0,0,0,0,0,0,
0,68,0,155,0,0,0,
0,0,0,18,18,0,0,
2584,8115,25032,27343,8639,4058,676,
0,0,0,0,0,0,0,
0,0,0,0,0,0,0,
0,0,31,74,0,0,0,
0,0,25,0,72,31,17,
5163,10494,25714,26529,8584,2676,402,
0,0,0,0,0,0,0,
0,0,0,0,0,31,13,
0,0,0,0,0,0,0,
0,0,0,0,0,0,0,
6647,8287,16810,13707,5772,3246,915,
0,0,58,0,0,0,0,
0,0,0,0,0,0,0,
0,0,0,0,0,0,0,
0,0,0,0,0,0,0,
22445,9251,12156,5621,2426,2692,503,
0,0,0,33,0,0,0,
20,0,0,0,0,0,0,
0,0,0,0,0,0,0,
0,0,0,0,0,0,0,
0,0,112,126,152,0,0,
0,0,0,96,0,28,0,
63,38,0,284,0,0,0,
73,75,116,61,127,28,51,
0,94,0,137,35,351,0,
38,0,0,123,3,0,0,
0,110,0,0,0,0,24,
31,0,119,161,0,36,0,
63,0,99,0,27,117,126,
0,0,44,0,258,61,122,
0,0,0,0,0,0,0,
66,69,39,67,0,0,0,
248,5,44,59,23,37,37,
30,37,273,0,0,48,108,
0,0,20,23,85,162,20,
0,0,0,86,52,0,60,
129,11,0,55,44,100,180,
53,86,8,18,32,33,31,
0,123,97,37,0,0,25,
0,68,0,0,0,0,0,
0,0,30,28,15,0,0,
0,0,58,9,37,0,60,
200,0,32,58,27,0,100,
23,46,0,0,0,0,0,
0,0,30,0,0,0,0,
0,0,134,291,76,0,61,
0,0,0,0,0,0,0,
0,0,0,191,0,0,0,
109,0,16,94,184,88,0,
18,0,80,90,442,97,146,
0,0,54,36,170,0,29,
0,0,116,74,80,0,51,
19,0,116,74,49,109,0,
32,76,208,39,104,77,46,
40,0,56,74,232,170,18,
0,20,36,77,0,0,0,
116,28,0,178,0,60,0,
96,85,320,114,113,0,0,
50,0,294,106,55,0,48,
0,21,6,19,479,25,0,
0,29,0,48,46,0,0,
124,165,201,134,82,15,21,
71,72,29,73,58,74,0,
167,60,34,28,0,0,0,
0,0,0,0,0,0,0,
75,40,29,22,33,41,0,
340,15,246,28,23,38,55,
101,0,0,0,0,0,0,
0,0,44,0,0,36,0,
0,0,30,0,0,0,0,
321,302,697,932,165,121,61,
0,0,0,0,0,0,0,
26,39,90,87,0,0,0,
1194,201,396,421,0,0,0,
1883,435,872,735,195,90,207,
309,135,701,890,77,0,0,
17,0,0,0,0,0,0,
163,65,33,26,76,0,67,
575,166,25,152,0,0,42,
922,202,599,211,110,41,109,
110,76,302,227,154,92,90,
86,38,88,9,60,0,0,
93,129,119,17,7,84,56,
230,40,144,104,17,0,0,
303,0,52,31,135,0,0,
95,106,134,293,114,13,43,
214,73,9,29,24,40,59,
158,0,0,104,0,28,0,
207,0,23,0,0,0,0,
89,10,106,0,0,0,0,
42,0,219,304,7,0,0,
17,0,144,32,115,19,8,
0,0,0,0,0,0,13,
0,0,30,0,0,0,0,
18,0,0,0,0,0,0,
198,191,178,1100,382,15,50,
0,0,0,15,0,19,0,
0,0,0,0,38,0,0,
466,190,594,78,0,0,0,
1119,266,471,403,375,26,0,
20,99,442,478,61,28,38,
0,0,53,25,0,66,0,
141,0,25,55,30,0,0,
296,323,32,41,0,0,26,
638,112,271,91,41,75,94,
57,38,283,344,46,48,155,
0,0,46,75,0,0,0,
61,107,25,0,25,0,0,
70,155,315,0,0,0,11,
249,34,0,0,54,123,0,
53,136,191,297,13,133,0,
113,0,86,91,0,0,6,
4,0,0,0,0,0,0,
0,29,30,0,42,0,0,
30,0,0,67,0,0,0,
162,135,274,68,78,8,0,
20,100,25,87,179,29,34,
30,0,125,0,0,0,0,
0,0,0,0,0,0,0,
81,0,0,0,0,0,0,
23,205,338,255,23,0,0,
0,0,0,0,0,0,0,
0,0,0,0,0,0,0,
27,0,85,0,34,0,0,
67,0,0,0,0,0,0,
206,153,491,318,44,0,0,
0,0,0,0,0,0,0,
0,0,0,0,0,0,0,
0,0,0,0,0,0,0,
62,0,0,0,0,0,0,
78,53,160,85,56,57,0,
0,0,0,0,0,0,0,
0,0,0,0,0,0,0,
0,0,0,0,0,0,0,
0,0,0,0,0,0,0,
32,90,425,203,0,0,27,
0,0,0,0,0,0,0,
0,0,0,0,0,0,0,
0,0,0,23,0,0,85,
0,0,0,0,0,0,0,
0,0,135,112,0,0,0,
0,0,0,0,0,0,0,
0,0,0,0,0,0,0,
0,0,0,0,0,0,0,
0,0,0,0,0,0,0,
136,13,122,526,61,22,0,
0,0,0,0,0,0,0,
0,0,0,0,0,0,0,
0,0,0,0,16,0,0,
79,0,0,0,0,0,0,
107,43,165,504,138,100,0,
0,0,0,0,0,0,0,
0,0,0,0,0,0,0,
0,0,35,0,0,0,0,
59,0,0,0,0,0,0,
29,31,353,325,47,14,0,
0,0,0,0,0,0,0,
0,0,0,0,0,0,0,
0,0,0,48,0,0,0,
0,0,0,0,0,0,0,
176,31,492,400,33,0,0,
0,0,0,0,0,0,0,
0,0,0,0,0,0,0,
0,0,0,0,0,0,0,
0,0,0,0,0,0,0,
200,171,57,63,0,0,0,
0,0,0,0,0,0,0,
0,0,0,0,0,0,0,
0,0,0,0,0,0,0,
0,0,0,0,0,0,0,
0,0,32,22,0,0,0,
0,0,0,0,0,0,0,
0,0,0,0,0,0,0,
0,0,0,0,0,0,0,
0,0,99,0,0,0,0,
0,0,0,131,27,0,0,
0,0,0,0,0,0,0,
0,0,0,0,0,0,0,
0,0,0,0,0,0,0,
0,0,0,0,0,0,0,
0,0,0,102,27,0,0,
0,0,12,0,0,0,0,
0,0,0,0,0,0,0,
0,0,0,0,0,0,0,
0,0,29,0,0,0,0,
37,103,26,0,0,30,0,
0,0,0,0,0,0,0,
0,0,0,0,0,0,0,
0,0,0,0,0,0,0,
0,0,0,0,0,0,0,
0,0,0,0,0,0,0,
0,0,0,0,0,0,0,
0,0,0,0,0,0,0,
0,0,0,0,0,0,0,
0,0,0,0,0,0,0,
0,0,0,0,0,0,0,
0,0,0,0,0,0,0,
0,0,0,0,0,0,0,
0,0,0,45,0,0,0,
0,0,33,0,0,0,0,
0,0,0,133,26,0,0,
0,0,0,0,0,0,0,
0,0,0,0,0,0,0,
0,0,0,0,0,0,0,
0,0,26,0,0,0,0,
0,0,17,29,25,0,0,
0,0,0,0,0,0,0,
0,0,0,0,0,0,0,
0,0,0,0,0,0,0,
83,0,0,0,0,0,0,
0,0,0,56,0,0,28,
0,0,0,0,0,0,0,
0,0,0,0,0,0,0,
0,0,0,0,0,0,0,
0,0,31,0,0,0,0,
12,0,12,0,0,0,0,
0,0,0,0,0,0,0,
0,0,0,0,0,0,0,
0,0,0,0,0,0,0,
0,0,0,0,0,0,0,
133,119,419,377,306,89,0,
0,0,0,0,0,0,0,
0,0,0,0,0,0,0,
0,0,61,0,0,0,0,
0,0,0,0,0,0,0,
110,58,160,246,233,0,47,
0,0,0,0,0,0,0,
0,0,0,0,0,0,0,
0,0,52,0,0,0,0,
0,0,0,0,0,0,0,
48,64,257,555,132,65,36,
0,0,0,0,0,0,0,
0,0,0,0,0,0,0,
0,0,0,0,0,0,0,
0,0,79,0,0,0,0,
79,92,116,317,87,13,29,
0,0,0,0,0,0,0,
0,0,0,0,0,0,0,
0,0,0,0,0,0,0,
0,0,0,0,0,0,0,
32,142,93,148,61,0,0,
0,0,0,0,0,0,0,
0,0,0,0,0,0,0,
0,0,0,0,0,0,0,
0,0,0,0,0,0,0,
34,62,249,517,196,0,0,
0,0,0,0,0,0,0,
0,0,0,35,0,0,0,
0,0,0,0,0,0,0,
0,0,0,0,0,0,0,
60,104,259,515,233,64,26,
0,0,0,0,0,0,0,
0,0,0,0,0,0,0,
0,0,0,0,0,0,0,
0,0,0,0,0,0,0,
9,42,160,870,258,85,0,
0,0,0,0,0,0,0,
0,0,0,0,0,0,0,
0,0,0,0,0,0,0,
0,0,0,0,0,0,0,
182,72,230,329,41,0,0,
0,0,0,0,0,0,0,
0,0,0,0,0,0,0,
0,0,0,0,0,0,0,
0,0,28,0,0,0,0,
206,357,295,304,59,28,0,
0,38,0,25,0,0,0,
0,0,0,0,0,0,0,
0,0,0,0,0,0,0,
0,0,0,0,0,0,0
*****