2010 Education by Immigration status in Florida, race/ethnicity, gender, age 25+, wgtd 2008-10 ACS, SSDAN/U-Mich
5
RaceEth,Gender,AgeEduc,Immentry,EducAll
7,2,5,5,7
NhWhite, Black, Asian, Hispanic, AmIndian, NHOther,NHMulti
Male, Female
25-34,35-44,45-54,55-64,65+
Native,FB<1980,FB80-89,FB90-99,FB00-Current
0-9Yrs,10-12Yrs,HSGrad,SomeColl,CollGrad,Masters,PhD-Prof
16088,36782,160682,176347,108886,20809,11260,
74,33,141,295,20,29,72,
0,157,846,1430,1097,258,273,
137,425,2958,3143,2808,884,71,
775,410,5239,4438,6249,1774,1222,
19258,38916,184917,196439,122386,36317,19890,
83,240,1658,1489,1456,447,349,
132,288,2429,2809,2130,626,654,
436,685,3674,4516,4236,2128,1548,
279,273,3795,3583,2923,2035,933,
25190,48990,245677,244725,146543,45931,27514,
371,659,3272,4110,2881,1180,671,
442,787,2674,3390,2490,1577,887,
322,509,3150,3382,2570,1322,1279,
88,138,2252,1913,2565,1036,545,
20605,29033,182241,235708,149995,67835,37498,
1371,1618,4758,5297,4643,1938,1667,
603,409,2249,1858,1591,970,739,
265,397,2251,1964,1587,1088,577,
263,272,1955,1922,1982,948,558,
60386,70436,298934,278324,183317,85307,63190,
7509,5364,14375,13622,8518,4584,5304,
828,582,1917,1647,1228,696,584,
810,994,1857,1312,1395,979,838,
1006,1184,2878,1128,1665,522,876,
11272,23217,113802,189264,128234,34670,11447,
0,0,126,251,162,146,55,
0,33,558,2024,933,384,192,
233,237,2363,3473,3991,972,291,
345,728,5614,4733,6260,2712,651,
12582,25074,151590,219488,133910,45934,14307,
25,224,1076,1956,1678,407,299,
235,176,1909,2451,2553,514,179,
373,336,4351,6048,4775,2164,1086,
332,377,4048,3358,4132,1979,898,
17827,32511,234915,288268,150346,53830,16197,
205,605,3776,4683,2405,1435,650,
327,333,3874,4797,2852,625,572,
464,429,3393,4000,3393,1332,636,
101,913,2990,2682,2225,827,622,
15381,32362,246256,271932,129167,69628,16806,
1523,1648,9997,8765,4660,1939,610,
320,245,2480,2100,1198,482,157,
544,553,2566,2493,1830,594,508,
470,568,2324,2780,1841,679,274,
65645,101558,516717,333381,139562,69220,16245,
10811,10497,33741,23982,7777,3298,1273,
929,867,2677,1766,788,238,376,
1130,950,3090,1785,1711,505,287,
1425,1325,3701,1636,1285,275,131,
8885,23763,55504,46730,14886,2325,810,
59,26,184,496,90,79,0,
258,589,2067,3247,1202,130,73,
1074,1557,5265,7788,3072,776,166,
2233,1719,6454,4958,2142,667,74,
7220,18814,54043,39658,12444,3479,1011,
146,246,1301,2261,770,274,41,
624,1321,5079,4539,2274,722,260,
1928,1702,8321,5507,1898,542,221,
1580,1238,5130,4048,1741,467,379,
8692,18588,50327,35309,12509,3697,1240,
1133,892,4049,3578,2185,835,187,
3631,2905,8253,5242,1516,931,429,
2808,2000,3943,2395,1323,626,501,
1362,875,2873,1275,1113,319,225,
9319,11890,29411,21187,7624,3066,1305,
2477,1206,3288,3640,1946,749,373,
3518,1886,4566,2796,1095,531,311,
1058,895,1401,974,297,71,132,
949,708,1233,474,494,208,117,
18760,10141,17311,10923,4575,3472,1179,
5035,2685,5647,3203,1582,980,474,
2882,1130,1634,985,291,250,124,
1643,337,1018,449,65,30,51,
1586,593,783,500,62,119,106,
4893,14611,51444,64801,24111,7208,1789,
0,0,308,343,57,0,31,
167,642,1865,4294,2010,866,70,
816,1150,5579,8319,2777,936,500,
1003,1823,6041,6610,2675,674,303,
4376,12563,46718,54804,19319,9184,1795,
44,183,1306,2891,885,578,173,
934,997,4656,6448,3294,1234,246,
1901,3530,7241,7078,2050,756,369,
2032,2126,5562,6189,1886,491,408,
6256,15930,49352,52207,17077,6916,1363,
625,378,2746,4744,2837,644,323,
3699,1715,7519,6714,2787,1466,272,
2324,2275,6229,3922,1218,432,133,
2799,1181,3744,2119,1273,308,141,
7594,11211,30474,31092,10356,5997,1456,
1830,1061,4769,5001,1931,969,278,
4084,1952,4150,2410,1029,562,70,
2115,1141,2436,2032,558,150,103,
2121,830,1434,1327,683,183,72,
24724,18229,26068,17555,7107,5114,1183,
6068,3009,6497,4077,2159,721,218,
3725,1086,2597,1476,226,144,29,
3043,859,1686,286,422,195,0,
3680,415,1632,478,278,152,68,
97,205,1657,3903,3303,698,637,
0,67,239,323,152,27,111,
23,161,666,1417,1428,545,96,
305,237,1139,2006,1767,1238,200,
221,425,1327,1510,4132,3828,803,
83,86,651,1565,1390,681,490,
51,144,341,901,670,338,501,
478,311,1666,2105,2511,535,648,
756,427,2044,1803,3376,2609,1275,
504,420,1694,1232,2789,1226,1273,
24,48,495,708,537,331,283,
253,339,862,1552,1213,686,364,
1054,781,1792,2126,2245,952,597,
341,565,1748,1130,1828,1278,860,
318,257,1151,792,1499,649,360,
135,27,126,256,289,144,32,
384,535,1363,1946,1438,1052,1002,
716,361,1035,999,1180,389,549,
474,341,697,976,1088,311,200,
208,328,728,498,913,158,143,
32,4,438,297,107,25,173,
947,444,1359,1350,2244,801,2056,
776,351,664,368,617,353,141,
615,515,622,377,369,100,197,
286,65,112,327,412,109,333,
153,168,953,2550,2442,652,694,
0,48,362,76,269,70,186,
0,243,884,1489,1782,195,425,
228,253,1641,2269,2465,751,386,
805,475,3014,2996,8182,3637,1000,
25,13,483,1411,1456,301,209,
92,103,349,1368,1113,552,583,
423,559,1771,2132,1748,443,345,
1391,971,3190,2840,5335,1942,963,
969,712,2040,2360,4134,1470,713,
0,30,585,943,570,110,104,
335,517,1237,1948,1524,201,374,
2031,784,3360,3006,3022,896,453,
834,972,2071,2374,2328,1039,525,
598,827,1588,625,1464,259,252,
43,91,222,367,336,127,93,
1616,1038,2341,3222,2632,790,621,
1057,684,1305,1509,1448,450,253,
824,275,1611,977,1001,78,104,
333,439,746,567,1015,134,52,
38,89,300,360,103,80,44,
2482,1068,2303,1944,2170,636,960,
1838,570,687,258,472,151,196,
1557,340,1112,252,464,153,0,
1077,288,607,221,745,57,210,
8248,11649,42291,47238,17369,4004,1459,
119,307,809,1166,585,37,90,
2189,2807,8227,7974,2959,782,169,
16143,7213,19194,11188,5118,937,211,
28226,6935,27523,15468,7030,2035,1330,
6568,9309,33755,34220,17339,5116,3395,
1004,1127,4574,4748,2636,1159,274,
9557,4791,14029,10696,3996,1186,620,
14905,6160,22986,12823,8324,2294,1413,
14069,5106,24910,11985,11411,4600,2441,
5944,6276,20793,23693,11403,2729,2170,
5546,3933,13751,15152,8873,3339,1855,
10573,3648,12060,11581,5247,2135,1039,
6781,3149,12418,7898,8119,2747,2047,
7509,3315,12662,5686,7288,2088,2369,
6973,3225,12030,11887,4655,2184,1496,
5882,2785,9232,11323,7258,2007,1807,
9827,3399,7151,5111,3285,1209,1354,
4980,1926,5935,3024,3031,1046,1703,
3153,1696,5295,1971,3257,1155,1120,
12427,4831,11840,7368,3971,1501,1185,
23093,8728,17886,12352,8558,2762,4655,
9863,1890,5200,2162,1803,541,671,
6391,1266,3057,1372,1732,330,616,
6039,1339,2484,1293,1073,434,544,
4465,8372,32024,52902,26293,7635,2539,
76,41,475,721,408,64,120,
1190,1358,6561,8161,4130,1108,323,
10108,3903,16508,13887,4868,1580,553,
15636,5865,23335,18296,14257,2408,2319,
5167,5843,26793,42975,21896,8896,3040,
1059,613,4320,6950,3111,1483,363,
5999,3290,11032,12832,4385,1800,772,
11668,4319,22471,15920,11120,3113,1921,
8521,4056,21576,15492,15587,3903,3431,
5836,5369,19936,29514,12578,4402,1534,
3199,3092,13919,20799,8252,2882,1155,
8251,3837,15182,13505,6896,1423,1172,
5699,2866,12150,10146,8667,1685,1628,
5980,2907,13730,8496,9510,2022,1628,
6238,3362,15847,15822,6138,2367,928,
7705,3668,16066,14459,6288,2533,1277,
8303,2729,9966,5857,3276,678,511,
6361,2963,7309,3349,4212,457,937,
5484,2078,8082,3744,3589,759,927,
16187,5940,16627,9486,3547,1245,635,
38054,11199,27674,18007,9670,2873,2793,
13306,2503,7829,2702,1725,411,476,
12225,2117,5163,2373,1221,295,397,
11803,1763,4113,2190,2342,209,512,
283,194,555,546,165,68,48,
0,0,0,0,0,0,0,
38,0,0,134,0,0,0,
261,251,114,291,0,0,0,
829,0,476,185,0,0,0,
442,235,833,1114,586,49,28,
0,0,0,0,0,0,0,
173,41,39,0,0,0,0,
293,64,30,93,0,0,0,
445,0,218,438,0,0,0,
354,269,1289,1024,717,80,116,
0,16,0,60,18,0,0,
96,0,33,69,0,0,29,
74,0,0,48,0,0,0,
146,0,21,24,0,0,0,
344,234,601,1003,149,239,76,
208,22,0,40,23,0,0,
21,0,0,113,0,0,0,
0,0,0,21,0,0,0,
0,0,14,0,37,0,0,
411,39,242,843,223,323,19,
0,44,52,10,0,0,0,
0,0,0,0,0,0,0,
83,0,0,0,0,0,0,
0,0,0,0,35,0,0,
118,408,602,956,341,110,0,
0,0,0,0,0,0,0,
0,0,0,98,98,0,0,
146,32,66,54,76,0,0,
294,33,56,48,0,0,0,
234,213,1676,933,189,92,31,
0,0,0,0,0,0,0,
0,0,35,65,47,0,0,
201,54,74,48,81,0,0,
158,0,88,45,38,0,0,
197,305,1394,1272,642,241,31,
0,0,0,73,78,0,0,
80,19,67,64,63,0,0,
26,28,25,16,0,0,0,
139,19,26,33,24,0,0,
334,193,711,1247,490,249,105,
29,0,43,141,0,0,0,
81,0,0,19,0,0,71,
0,25,19,0,0,0,0,
0,0,0,0,0,0,0,
242,159,657,553,99,119,0,
22,0,77,0,0,0,0,
0,32,0,0,0,0,0,
88,0,0,0,0,0,0,
21,0,0,0,0,0,0,
172,126,288,327,238,0,0,
0,0,0,148,0,0,0,
0,29,152,338,18,36,0,
56,40,77,122,67,121,82,
94,204,521,406,138,81,111,
51,159,227,453,195,77,72,
0,0,0,116,131,106,0,
42,136,222,228,20,0,0,
100,30,283,85,61,235,118,
17,53,181,16,38,44,47,
68,28,30,75,86,134,0,
23,58,202,175,74,48,0,
30,12,64,247,88,0,0,
25,0,131,225,48,87,54,
0,46,57,17,127,53,28,
33,75,179,114,42,25,24,
0,0,23,68,47,0,0,
27,91,262,0,62,0,32,
39,21,28,19,0,0,0,
16,27,52,0,86,64,0,
16,0,19,50,90,59,166,
0,0,71,65,0,0,0,
198,0,53,0,0,0,0,
19,0,190,0,0,0,0,
0,0,52,53,47,0,0,
0,20,316,719,212,239,0,
0,0,0,0,0,0,0,
0,25,62,309,188,20,69,
94,87,265,147,330,23,26,
21,0,322,296,434,90,0,
29,20,169,647,247,121,30,
0,0,92,180,0,46,0,
0,0,291,116,153,28,102,
62,62,218,379,114,208,26,
76,0,78,100,98,82,0,
0,26,111,105,137,0,21,
0,0,43,146,26,22,84,
30,90,280,92,33,43,0,
0,22,309,264,26,12,102,
57,42,144,70,143,47,0,
0,116,172,299,107,53,125,
0,78,97,205,29,96,0,
56,94,196,88,13,0,0,
40,48,112,0,82,0,0,
0,53,123,0,0,26,0,
0,40,119,74,119,18,0,
55,40,204,83,0,0,30,
124,0,37,20,0,0,0,
0,0,131,87,0,0,0,
13,0,53,0,0,0,0,
483,862,2718,4809,2336,324,137,
0,30,0,44,37,0,0,
0,27,145,252,311,14,0,
73,0,80,326,112,113,0,
112,39,256,210,304,133,0,
265,909,2814,2759,1327,810,497,
0,0,81,329,50,33,15,
43,28,201,409,178,16,0,
0,66,239,300,183,125,0,
41,24,112,186,105,152,43,
601,670,2199,2782,1215,351,138,
111,0,126,370,235,0,0,
131,0,100,252,234,64,0,
115,78,174,83,73,62,96,
26,57,157,57,61,0,0,
392,172,1099,1813,1202,379,270,
42,18,148,280,336,87,30,
75,50,114,100,214,18,45,
0,34,93,104,44,0,0,
34,26,51,63,40,17,92,
614,368,1163,1199,683,266,177,
248,152,235,246,90,107,20,
43,54,49,121,29,0,13,
55,34,48,26,0,0,0,
0,25,27,52,0,0,0,
174,941,2512,5117,2767,618,262,
0,0,0,130,25,0,0,
0,42,129,194,147,182,0,
110,16,392,413,122,32,33,
46,100,207,471,241,50,18,
350,355,1349,3937,1609,727,106,
0,0,255,27,168,147,21,
45,23,139,359,22,39,21,
127,70,425,432,163,0,15,
57,130,66,233,138,51,0,
151,487,2261,3683,1643,748,224,
9,111,118,533,174,103,16,
34,32,521,339,125,204,21,
110,98,394,310,66,106,46,
72,42,187,188,52,61,17,
368,397,1652,2624,1029,476,252,
53,99,343,437,190,25,0,
104,84,121,246,85,30,16,
174,121,202,19,27,0,0,
65,0,0,21,98,0,0,
583,762,1653,1794,512,215,0,
391,191,578,343,148,44,52,
165,128,167,70,129,0,44,
113,60,0,23,37,13,22,
85,0,127,0,0,0,0
*****