2010 Education by Immigration status in South Dakota, race/ethnicity, gender, age 25+, wgtd 2008-10 ACS, SSDAN/U-Mich
5
RaceEth,Gender,AgeEduc,Immentry,EducAll
7,2,5,5,7
NhWhite, Black, Asian, Hispanic, AmIndian, NHOther,NHMulti
Male, Female
25-34,35-44,45-54,55-64,65+
Native,FB<1980,FB80-89,FB90-99,FB00-Current
0-9Yrs,10-12Yrs,HSGrad,SomeColl,CollGrad,Masters,PhD-Prof
953,1615,11730,16009,10198,1476,507,
0,0,0,0,0,0,0,
0,0,0,9,0,0,0,
0,0,159,225,0,0,0,
65,0,11,38,0,34,0,
981,1690,12653,13986,8667,1443,1226,
0,0,6,0,38,0,0,
0,0,0,0,0,0,0,
0,0,131,31,61,0,56,
0,0,0,126,0,66,0,
1822,1946,19613,15575,8708,2373,2306,
0,0,0,0,0,15,0,
0,0,0,28,0,0,0,
109,0,47,242,35,52,0,
0,0,0,42,27,0,6,
2066,1125,14025,12772,9621,2976,1781,
0,0,61,79,28,156,122,
0,0,0,42,0,0,0,
0,0,10,0,0,0,0,
0,0,0,0,0,50,0,
7543,3161,18088,8015,5087,3015,2762,
109,44,63,56,54,0,0,
0,0,0,46,0,0,0,
0,0,6,0,0,0,0,
0,0,0,0,0,0,0,
687,483,7972,16596,11954,2014,681,
0,0,0,0,0,0,0,
0,0,0,22,39,0,0,
0,0,0,0,0,0,0,
0,0,3,10,46,38,0,
511,845,8531,15237,10564,2776,1038,
0,0,36,7,58,0,0,
0,0,51,33,0,0,0,
0,0,88,100,0,0,0,
0,0,43,39,0,0,8,
908,1658,16091,18444,9708,3686,1097,
0,0,100,57,0,46,0,
0,7,0,73,46,0,0,
0,0,46,34,202,0,0,
0,0,121,0,0,0,0,
821,729,14211,15910,7851,2999,630,
0,0,43,0,92,43,0,
0,0,0,0,0,0,0,
0,0,0,0,0,0,0,
0,0,0,0,0,0,0,
7271,3567,26256,15503,6636,2003,219,
155,11,126,132,103,54,0,
0,0,0,0,0,0,52,
50,0,0,0,0,40,0,
0,0,0,0,0,0,0,
0,30,105,439,35,0,0,
0,0,0,0,0,0,0,
0,0,0,0,0,12,0,
172,0,0,15,0,0,0,
0,0,0,43,200,0,0,
0,0,721,147,51,0,0,
0,0,0,34,0,0,0,
0,0,0,0,0,0,0,
0,0,0,0,18,0,0,
43,0,119,93,49,0,51,
0,0,50,0,46,0,63,
0,0,0,0,0,0,0,
53,0,109,0,0,0,0,
0,0,0,0,68,0,30,
0,0,20,0,0,0,0,
0,284,56,19,0,0,0,
0,0,0,0,0,0,0,
0,0,0,0,0,0,0,
0,0,0,0,0,0,0,
0,0,0,70,0,0,0,
0,0,0,103,0,0,46,
0,0,0,0,0,0,0,
0,0,0,0,0,0,0,
0,0,0,0,0,0,0,
0,0,0,0,0,0,0,
0,0,0,0,0,44,0,
0,0,0,0,0,0,0,
0,0,0,0,0,0,0,
0,0,0,0,0,0,0,
0,0,500,0,0,0,0,
0,0,0,115,112,0,0,
38,0,0,0,0,0,0,
0,0,0,0,0,0,0,
0,0,0,0,72,0,0,
0,0,0,0,0,0,0,
0,0,47,0,55,23,0,
0,0,0,0,0,0,0,
0,0,0,0,0,0,0,
212,0,0,0,0,0,0,
0,0,0,40,0,0,0,
0,0,42,0,0,0,0,
0,0,0,0,0,0,0,
0,0,0,0,0,0,0,
0,0,0,0,0,0,0,
0,0,0,0,0,0,0,
0,9,0,42,0,0,10,
0,0,0,0,0,0,0,
0,0,0,0,0,0,0,
0,0,0,0,0,0,0,
0,0,0,0,0,0,0,
0,0,0,28,0,0,0,
0,0,0,0,0,0,0,
0,0,40,0,0,0,0,
0,0,0,13,0,0,38,
0,0,0,0,31,53,0,
0,0,0,0,0,48,0,
0,0,0,0,116,0,0,
0,16,101,155,0,0,0,
0,0,29,0,0,10,0,
0,0,0,61,0,0,0,
0,0,0,0,0,0,0,
0,0,0,5,0,0,0,
0,0,0,0,25,0,0,
0,0,0,0,0,0,0,
0,0,18,0,0,0,42,
0,0,0,0,0,0,0,
0,0,0,0,0,0,0,
0,0,0,0,0,0,0,
0,0,0,0,0,0,0,
0,0,0,0,0,0,0,
0,0,0,0,0,0,0,
0,0,0,0,0,0,42,
0,0,0,0,0,0,111,
0,0,0,0,0,0,0,
0,0,0,0,0,0,0,
0,0,0,11,25,0,0,
0,0,0,0,0,0,0,
0,0,0,78,196,0,0,
0,107,0,6,0,0,0,
16,0,162,0,217,98,0,
0,0,54,17,0,0,0,
0,0,0,34,0,0,0,
0,0,0,0,76,0,0,
0,0,74,8,0,0,0,
0,0,0,94,7,0,0,
0,0,0,0,0,114,0,
188,0,60,36,10,0,0,
51,0,91,0,56,0,16,
0,0,0,0,91,0,0,
0,0,0,12,0,87,0,
0,0,7,0,0,0,0,
0,30,91,0,0,0,0,
0,0,0,0,0,0,0,
0,0,0,0,0,0,0,
0,0,0,62,0,0,0,
0,0,0,0,0,0,0,
0,0,0,0,0,0,24,
0,0,0,0,0,0,0,
0,0,0,0,0,0,0,
0,0,0,0,0,0,0,
24,45,123,152,142,0,0,
0,0,0,0,0,0,0,
0,0,0,28,3,0,0,
8,33,59,63,0,0,0,
33,33,43,0,0,0,0,
0,0,85,138,448,0,39,
0,0,0,0,0,0,0,
43,76,52,0,0,0,0,
67,42,195,0,0,0,0,
55,0,71,0,0,0,0,
0,124,241,256,145,0,0,
0,0,54,0,0,0,0,
120,0,237,0,0,0,0,
0,0,0,0,0,0,0,
0,0,0,0,0,0,65,
73,0,0,36,38,0,0,
0,0,199,0,0,0,0,
0,0,0,0,0,0,0,
0,0,0,0,0,0,0,
0,0,0,0,0,0,0,
0,0,81,60,0,0,0,
0,0,0,0,0,0,2,
0,0,0,0,0,0,0,
52,0,0,0,0,0,0,
0,0,0,0,0,0,0,
0,40,298,321,82,80,0,
0,0,0,0,0,0,0,
0,0,0,0,0,0,0,
29,42,164,152,0,0,0,
0,0,54,0,59,0,0,
41,0,254,319,121,43,73,
0,0,0,0,20,0,0,
63,0,0,0,0,0,0,
106,0,203,0,102,0,0,
0,5,0,111,0,0,0,
0,0,83,309,0,0,58,
0,0,63,0,105,0,0,
156,0,209,2,0,0,0,
33,0,0,0,5,0,0,
0,0,0,0,0,0,0,
20,44,122,40,40,0,0,
0,0,0,0,31,0,0,
0,0,0,0,0,0,0,
0,0,0,0,0,0,0,
0,0,0,0,0,0,0,
128,3,162,73,0,0,0,
0,0,0,0,0,0,0,
0,0,0,0,0,0,0,
0,0,0,0,0,0,0,
0,0,0,0,0,0,0,
602,504,1461,1399,128,51,0,
0,0,0,0,0,0,0,
0,0,0,0,0,0,0,
0,0,0,0,0,0,0,
0,69,0,0,0,0,0,
294,617,1351,1454,202,46,0,
0,0,0,0,0,0,0,
0,0,0,0,0,0,0,
0,0,0,0,0,0,0,
0,0,0,0,0,0,0,
562,332,1498,1738,270,0,0,
0,0,0,0,0,0,0,
0,0,0,0,0,0,0,
0,0,0,0,0,0,0,
0,0,0,0,0,0,0,
354,125,356,603,184,40,0,
0,0,0,0,0,0,96,
0,0,0,0,0,0,0,
0,0,0,0,0,0,0,
0,0,0,0,0,0,0,
578,290,384,224,66,36,0,
0,0,0,0,0,0,0,
0,0,0,0,0,0,0,
0,0,0,0,0,0,0,
0,0,0,0,0,0,0,
561,718,1649,2177,198,29,17,
0,0,0,0,0,0,0,
0,0,0,0,0,0,0,
0,0,0,0,0,0,0,
0,0,0,0,0,0,0,
348,531,1145,1959,524,89,29,
0,0,0,0,0,0,0,
0,0,0,0,0,0,0,
0,0,0,0,0,0,0,
0,0,0,0,0,0,0,
296,210,787,1534,762,170,29,
0,0,0,0,0,0,0,
0,0,0,0,0,0,0,
0,0,0,0,0,0,0,
0,0,0,0,0,0,0,
291,139,344,984,321,20,47,
0,0,0,0,0,0,0,
0,0,0,0,0,0,0,
0,0,0,0,0,0,0,
0,0,0,0,0,0,0,
392,404,564,474,182,0,0,
0,0,0,0,0,0,0,
0,0,0,0,0,0,0,
0,0,0,0,0,0,0,
0,0,0,0,0,0,0,
0,0,0,0,0,0,0,
0,0,0,0,0,0,0,
0,0,0,0,0,0,0,
0,0,0,0,0,0,0,
0,0,0,0,0,0,0,
0,0,0,0,0,0,0,
0,0,0,0,0,0,0,
0,0,0,0,0,0,0,
0,0,0,0,0,0,0,
0,0,0,0,0,0,0,
43,0,0,0,0,0,0,
0,0,0,0,0,0,0,
0,0,0,0,0,0,0,
0,0,0,0,0,0,0,
0,0,0,0,0,0,0,
0,0,0,0,0,0,0,
0,0,0,0,0,0,0,
0,0,0,0,0,0,0,
0,0,0,0,0,0,0,
0,0,0,0,0,0,0,
0,0,0,63,0,0,0,
0,0,0,0,0,0,0,
0,0,0,0,0,0,0,
0,0,0,0,0,0,0,
0,0,0,0,0,0,0,
0,0,0,0,0,0,0,
0,0,0,0,0,0,0,
0,0,0,0,0,0,0,
0,0,0,0,0,0,0,
0,0,0,0,0,0,0,
0,0,0,0,0,0,0,
0,0,0,0,0,0,0,
0,0,0,0,0,0,0,
0,0,0,0,0,0,0,
0,0,0,0,0,0,0,
0,0,0,0,0,0,0,
0,0,0,0,0,0,0,
0,0,0,0,0,0,0,
0,0,0,0,0,0,0,
0,0,0,0,0,0,0,
0,0,0,20,0,0,0,
0,0,0,0,0,0,0,
0,0,0,0,0,0,0,
0,0,0,0,0,0,0,
0,0,0,0,0,0,0,
0,0,0,0,0,0,0,
0,0,0,0,0,0,0,
0,0,0,0,0,0,0,
0,0,0,0,0,0,0,
0,0,0,0,0,0,0,
0,66,628,244,0,44,0,
0,0,0,0,0,0,0,
0,0,0,0,0,0,0,
0,0,0,0,0,0,0,
0,0,0,0,0,0,76,
12,25,336,185,19,0,0,
0,0,0,0,0,0,0,
0,0,0,0,0,0,0,
0,0,0,0,0,0,0,
0,0,0,15,0,33,0,
46,0,188,48,420,0,0,
0,0,0,0,0,0,0,
0,0,0,0,0,0,0,
0,0,0,0,0,0,0,
0,0,0,0,0,0,0,
0,0,122,17,43,50,0,
0,0,0,145,0,0,0,
0,0,0,0,0,0,0,
0,0,0,0,0,0,0,
0,0,0,0,0,0,0,
184,0,37,0,68,0,0,
0,0,0,0,0,0,0,
0,0,0,0,0,0,0,
0,0,0,0,0,0,0,
0,0,0,0,0,0,0,
0,88,274,503,75,0,0,
0,0,0,0,0,0,0,
0,0,0,0,0,0,0,
0,0,0,0,0,56,0,
66,0,0,0,0,82,0,
52,0,327,162,7,25,0,
0,0,0,0,0,0,0,
0,0,0,0,0,0,0,
0,0,0,0,0,0,0,
0,0,0,0,0,0,0,
0,7,86,184,36,54,0,
0,0,0,0,0,0,0,
0,0,16,0,0,0,0,
0,0,0,0,0,0,0,
0,0,0,0,0,0,0,
0,124,75,276,71,0,0,
0,0,147,0,0,0,0,
0,0,0,95,0,0,0,
0,0,0,0,0,0,0,
0,0,0,0,0,0,0,
0,37,144,206,87,0,0,
0,0,0,0,0,0,0,
161,0,0,0,0,0,0,
0,0,0,0,0,0,0,
0,0,0,0,0,0,0
*****