2010 Education by occupation in Tennessee, race/ethnicity, and gender for age 25+, wgtd 2008-10 ACS, SSDAN/U-Mich
5
AgeEduc,RaceEth,Gender,EducAll,Occup
5,7,2,7,6
25-34,35-44,45-54,55-64,65+
NhWhite,Black,Asian,Hispanic,AmIndian,NHOther,NHMulti
Male,Female
0-9Yrs,10-12Yrs,HSGrad,SomeColl,CollGrad,Masters,PhD-Prof
TopWC,OtherWC,Service,TopBC,OtherBC,Farm
106,231,443,1669,762,40,540,1663,1891,5548,3780,611,3085,10832,8047,18725,20850,992,9467,17895,8991,10789,8353,183,18110,12928,3209,1205,1379,105,6296,1291,137,58,114,0,3170,109,0,0,0,0,
71,1005,1028,55,446,0,258,3225,3195,262,1365,0,3459,21518,13521,1340,6252,291,11610,30781,14672,883,2580,190,24350,17843,2917,213,137,314,10190,2751,311,87,19,0,3435,461,50,30,0,0,
111,93,541,313,226,22,28,719,1372,1281,1532,72,361,2367,4050,2590,4769,0,1280,4323,2089,1515,2877,37,1554,2445,1031,427,257,0,429,123,21,83,0,0,190,26,0,0,0,0,
125,499,643,0,119,0,135,704,1812,172,889,0,807,4718,4988,51,2092,0,2215,9830,4352,101,1661,0,3458,3467,295,57,44,27,1975,684,0,0,0,0,245,24,29,0,0,0,
0,0,151,0,32,0,0,0,158,94,0,0,99,561,172,0,201,0,172,430,387,34,14,0,1122,235,297,125,56,0,758,142,0,0,0,0,336,0,0,0,0,0,
0,1,158,0,31,0,46,34,207,27,37,0,107,229,436,0,28,11,0,488,129,87,92,0,733,708,265,0,0,0,447,226,0,0,0,0,304,0,23,0,0,0,
47,184,2686,4630,1044,487,65,214,591,1121,269,281,284,551,1616,2887,1439,400,175,520,727,696,674,0,295,407,21,217,143,130,163,0,0,0,0,0,212,0,0,0,0,0,
0,205,2007,278,735,0,30,315,619,90,413,51,228,851,1362,102,585,0,547,929,474,192,305,0,554,308,85,0,26,0,245,0,0,0,0,0,38,38,0,0,0,0,
0,0,0,2,0,0,25,0,0,17,0,35,0,68,106,62,115,0,64,22,22,0,47,0,56,54,0,36,0,0,0,0,0,0,0,0,14,0,0,0,0,0,
0,0,0,0,0,0,0,0,85,0,0,0,0,0,93,0,24,0,0,34,84,72,0,0,99,61,0,34,0,0,0,0,0,0,0,0,0,0,0,0,0,0,
0,0,0,0,0,0,0,0,0,0,0,0,0,0,0,0,0,0,0,0,0,0,0,0,72,21,0,0,0,0,23,0,0,0,0,0,0,0,0,0,0,0,
0,0,0,0,0,0,0,0,0,0,0,0,0,0,0,0,0,0,0,75,66,0,0,0,0,0,0,0,0,0,0,0,0,0,0,0,0,0,0,0,0,0,
0,52,36,0,0,0,0,0,47,55,20,0,107,136,116,364,281,0,156,201,320,165,127,0,316,128,0,25,45,0,45,39,0,0,0,0,58,0,0,0,0,0,
0,0,11,0,0,0,0,38,60,0,27,0,18,101,230,0,195,0,247,1151,216,0,0,0,270,262,61,26,0,0,136,0,35,0,0,0,42,0,0,0,0,0,
431,942,1032,2807,2499,449,800,739,1668,6361,4620,99,5646,11117,6809,23352,21814,1167,12765,16566,7508,12010,9377,299,19318,13952,2051,1594,1580,191,7948,2608,482,236,148,47,4920,416,0,22,60,0,
166,1176,2357,145,561,31,358,2448,3296,132,1701,124,6129,27217,13065,1271,8475,655,16221,35578,9688,1101,3084,408,21444,12969,2303,328,272,134,9869,2716,411,35,0,0,4545,361,63,0,0,0,
24,121,284,202,270,34,161,646,698,700,1548,0,689,1547,3807,2309,6526,109,1634,2820,2340,1680,4098,0,1829,1882,778,168,378,0,1127,304,165,0,50,0,394,25,31,0,23,0,
0,102,484,0,252,0,182,752,1540,0,689,0,1167,5164,5204,71,2641,0,3029,8419,3496,295,1532,19,3737,2993,524,39,244,0,1966,461,92,0,79,0,759,109,0,0,0,0,
0,0,84,117,12,0,0,49,227,0,42,0,142,253,107,61,272,0,33,365,65,7,102,10,701,382,128,78,75,0,1083,69,0,0,0,0,758,21,0,0,0,0,
0,0,41,0,139,0,0,28,25,0,154,0,79,228,462,28,129,0,110,668,291,43,125,0,621,451,42,0,24,0,480,144,0,0,0,0,500,99,0,0,0,0,
94,198,816,2381,848,541,0,76,133,599,265,163,27,285,1265,1082,1064,240,283,608,301,626,467,77,313,81,196,164,157,109,190,143,0,0,0,0,114,29,0,0,0,0,
24,194,1198,112,895,5,0,118,227,0,46,0,187,399,1190,164,545,36,313,819,614,0,70,0,373,288,122,0,85,0,219,28,0,0,0,0,187,0,25,0,29,0,
0,0,0,0,41,0,0,0,0,32,154,0,0,111,41,110,24,0,34,0,0,36,24,23,43,0,0,0,0,0,0,0,0,0,0,0,0,0,0,0,0,0,
0,0,0,0,0,0,0,8,0,0,0,0,0,0,19,13,0,0,0,40,99,0,0,0,0,42,0,0,0,0,0,0,31,0,0,0,0,0,0,0,0,0,
0,0,0,0,0,0,0,0,0,0,0,0,0,26,0,0,159,0,0,0,0,0,0,0,0,0,0,0,0,0,0,0,0,0,0,0,52,0,0,0,0,0,
0,0,0,0,0,0,0,0,0,0,0,0,0,0,0,0,0,0,22,0,0,0,0,0,26,0,0,0,0,0,94,0,0,0,0,0,0,0,0,0,0,0,
0,0,0,170,11,0,0,0,62,170,0,0,25,165,91,82,334,0,130,76,153,142,142,0,57,103,0,37,38,0,51,13,0,0,0,0,26,0,0,0,0,0,
0,0,15,0,0,0,0,89,55,0,19,0,10,200,179,0,86,0,139,573,173,42,25,6,278,53,0,0,0,0,99,29,0,0,0,0,70,0,0,0,0,0,
494,949,1569,4309,3816,595,812,1286,992,5575,5364,537,7197,12968,5915,22889,24764,1005,14027,15433,5538,12992,10585,705,21040,10838,1745,1734,1654,496,7263,2760,354,207,93,23,7699,642,25,35,87,31,
164,1385,2330,305,1516,6,449,2854,3447,308,1993,112,6083,33032,13268,1199,10835,416,18352,36190,9159,949,3800,161,20838,11328,1508,176,329,152,10869,2465,445,0,25,23,4637,359,37,0,0,0,
0,79,391,470,390,24,43,490,1546,914,1348,20,320,2092,2634,2644,6523,157,1219,2612,1998,1285,3763,0,1308,1082,374,257,575,0,315,218,75,27,72,0,435,47,16,0,43,0,
160,47,519,0,432,204,267,719,1872,52,790,0,1028,5634,5070,344,3376,0,3409,8229,3450,403,1674,94,1635,1869,183,0,329,0,1541,700,20,0,21,0,429,41,0,0,0,0,
0,0,0,53,38,0,11,0,0,0,0,30,66,27,94,30,292,70,242,229,85,78,95,0,354,263,32,59,0,0,233,82,0,31,0,0,717,22,0,0,0,0,
0,65,52,25,256,0,29,151,0,0,91,0,27,139,462,117,209,0,108,108,71,34,101,0,243,365,168,0,106,0,420,93,0,0,27,0,168,87,0,0,0,0,
0,77,434,1031,515,268,6,71,76,35,231,49,114,190,117,404,188,0,217,426,181,326,183,44,337,75,48,57,53,0,128,0,0,0,0,0,326,22,0,0,0,0,
0,206,379,0,363,111,0,125,89,0,132,19,118,373,492,0,0,0,293,400,104,42,116,27,236,301,65,0,32,0,59,144,0,0,0,0,69,20,33,0,0,0,
0,0,0,35,40,0,0,0,37,59,0,0,34,0,19,187,0,0,15,54,19,54,0,0,66,213,0,0,0,0,18,0,0,0,0,0,0,0,0,0,0,0,
0,0,0,0,23,0,0,22,0,0,0,0,0,72,77,0,44,0,41,171,19,53,92,0,11,33,0,0,0,0,0,0,0,0,0,0,0,0,0,0,0,0,
0,0,0,0,0,0,0,0,0,0,0,0,0,0,0,4,0,0,0,0,0,0,32,0,0,0,0,0,0,0,0,0,0,0,0,0,0,0,0,0,0,0,
0,0,0,0,0,0,0,0,0,0,0,0,0,0,0,0,46,0,0,4,0,0,0,0,0,28,0,0,0,0,49,0,0,0,0,0,0,0,0,0,0,0,
0,0,24,115,24,28,0,80,65,37,79,26,75,256,48,271,100,13,231,57,72,187,80,61,153,99,0,0,0,0,36,49,19,0,0,0,0,0,0,0,0,0,
0,0,117,27,0,0,0,39,63,0,0,0,29,175,80,0,27,0,180,265,241,0,155,26,259,103,0,0,55,0,54,0,0,0,0,0,36,50,53,0,0,0,
337,650,1195,3266,3147,496,595,820,986,3567,3766,232,4366,9696,6274,14691,13668,1590,10201,14051,5131,8719,7944,488,16600,9606,1616,1635,1563,265,8016,3049,534,289,420,106,8410,969,126,103,82,33,
377,1171,2029,226,1281,0,526,2338,2627,101,1696,0,5587,28931,10684,1375,7426,375,12442,27009,5246,351,1658,164,12841,7384,1309,246,225,148,11263,2863,230,84,32,0,3568,416,31,0,0,0,
23,85,352,241,613,51,137,214,763,680,1225,33,579,877,1785,1540,2838,0,928,1309,1742,751,1941,0,636,436,304,154,350,24,843,131,135,0,15,0,247,77,0,0,0,0,
0,216,380,0,243,0,161,434,1404,23,668,0,678,3411,3062,149,2235,38,1408,4627,1773,155,680,21,1489,1162,177,26,72,0,1449,339,21,0,86,0,273,89,45,0,0,27,
0,0,0,25,89,0,0,0,32,0,16,0,0,94,48,122,351,0,0,119,62,65,16,0,174,95,0,31,125,0,261,0,0,0,0,0,47,0,0,0,0,0,
33,24,128,35,103,0,0,7,100,0,61,0,22,36,131,85,58,0,53,82,29,32,16,0,159,138,0,0,31,0,57,116,0,107,0,0,158,39,0,0,0,0,
0,0,221,240,161,100,0,0,36,79,68,0,43,15,22,257,136,0,54,161,0,71,216,0,113,0,13,0,28,0,129,0,0,58,0,0,26,0,0,32,0,0,
0,82,280,0,161,0,32,0,17,0,0,0,43,124,110,0,112,0,30,210,173,21,108,72,133,61,0,0,0,0,189,0,0,0,0,0,32,0,0,0,0,0,
0,0,0,0,0,36,0,0,0,6,13,0,41,20,0,0,36,0,39,107,0,70,14,0,83,0,0,19,0,0,63,0,0,0,0,0,0,0,0,0,0,0,
0,31,0,0,0,0,0,31,68,0,18,0,0,77,5,0,0,0,0,116,21,0,15,0,0,42,0,0,0,0,29,0,0,0,0,0,0,0,0,0,0,0,
0,0,0,0,0,0,0,0,0,0,0,0,0,0,0,0,0,0,0,0,0,0,0,0,25,0,0,0,0,0,0,0,0,0,0,0,68,0,0,0,0,0,
0,0,0,0,0,0,0,0,0,0,0,0,0,0,0,0,0,0,20,0,0,0,0,0,0,0,0,0,0,0,0,0,0,0,0,0,0,0,0,0,0,0,
0,0,29,0,17,0,0,27,10,15,0,0,0,60,78,111,95,32,25,60,13,52,120,0,95,77,0,0,0,0,98,0,0,0,0,0,0,5,0,0,0,0,
0,39,30,0,24,0,0,0,0,0,0,0,17,182,135,0,45,0,49,374,140,0,17,0,73,68,44,0,0,0,29,19,0,0,0,0,17,0,0,0,0,0,
466,835,879,2021,2777,568,568,847,797,1425,1907,308,2475,5567,3378,4399,5201,1350,4244,5929,2185,2532,2329,545,5982,3653,888,678,807,149,2936,1875,149,116,135,106,4577,764,91,83,135,114,
314,966,1914,73,800,59,447,1867,1952,255,924,0,2509,14237,4937,453,1888,140,4139,10115,2377,150,590,68,3409,1758,477,56,115,58,2740,960,30,33,0,27,780,155,0,0,0,0,
0,0,385,215,455,33,0,22,304,116,494,0,99,262,448,381,463,14,144,166,355,103,322,0,294,59,184,20,85,0,240,33,23,0,0,0,28,40,0,31,0,0,
25,67,702,21,134,22,39,187,1107,23,152,54,276,951,938,0,211,0,340,1073,503,0,101,0,380,244,169,0,0,27,390,336,0,0,0,30,199,0,0,0,0,0,
48,0,0,0,19,0,0,0,0,0,24,0,0,0,95,0,0,26,41,0,21,42,0,0,32,0,26,0,0,0,88,0,0,0,0,0,217,0,0,0,0,0,
0,58,18,0,36,0,0,0,23,0,39,0,0,0,72,0,0,0,0,48,50,0,15,0,53,39,0,0,0,0,40,33,0,0,0,0,0,0,0,0,0,0,
60,63,51,126,63,0,0,0,0,33,0,0,28,64,52,47,60,0,28,0,0,0,0,0,29,0,33,0,114,0,26,21,0,0,0,0,42,0,0,18,0,0,
0,49,21,0,0,0,0,0,23,0,0,0,0,83,65,0,15,0,28,65,34,0,0,0,16,56,0,0,39,0,0,0,0,0,0,0,0,0,0,0,0,0,
0,0,0,0,0,0,0,0,0,0,0,0,0,25,0,0,27,0,0,0,0,32,0,0,0,0,0,0,0,0,0,17,0,0,0,0,35,0,0,0,0,0,
0,0,0,0,0,0,0,0,0,0,0,0,0,0,0,0,0,0,0,31,6,0,0,0,0,30,0,0,0,0,0,0,0,0,0,0,0,0,0,0,0,0,
0,0,0,0,0,0,0,0,0,0,0,0,0,0,0,0,0,0,0,0,0,0,0,0,0,0,0,0,0,0,0,0,0,0,0,0,0,0,0,0,0,0,
0,0,0,0,0,0,0,0,0,0,0,0,0,0,0,0,0,0,0,0,0,0,0,0,0,0,0,0,0,0,0,0,0,0,0,0,0,0,0,0,0,0,
0,0,23,33,11,44,30,0,0,0,40,0,33,18,0,15,65,0,0,34,23,15,0,0,34,0,0,0,0,0,18,0,0,0,0,0,8,48,0,0,0,0,
32,0,0,0,0,0,0,23,18,0,30,0,0,45,73,26,56,0,26,92,12,0,0,0,19,29,0,0,0,0,32,0,0,0,0,0,0,0,0,0,0,0
*****