2010 Education by Immigration status in Wisconsin, race/ethnicity, gender, age 25+, wgtd 2008-10 ACS, SSDAN/U-Mich
5
RaceEth,Gender,AgeEduc,Immentry,EducAll
7,2,5,5,7
NhWhite, Black, Asian, Hispanic, AmIndian, NHOther,NHMulti
Male, Female
25-34,35-44,45-54,55-64,65+
Native,FB<1980,FB80-89,FB90-99,FB00-Current
0-9Yrs,10-12Yrs,HSGrad,SomeColl,CollGrad,Masters,PhD-Prof
3713,13529,87516,101299,60757,10832,5102,
0,0,59,0,78,0,0,
0,44,136,0,0,46,0,
0,0,157,213,74,271,0,
0,0,444,345,1042,310,310,
3353,13905,98293,100967,64758,19858,7885,
0,166,77,86,129,82,9,
28,0,117,48,145,0,49,
415,92,279,174,294,100,286,
0,0,77,168,587,320,206,
5702,20240,144696,122909,58904,20723,10993,
0,56,647,351,396,182,128,
0,0,88,149,289,127,321,
187,203,235,379,326,189,252,
0,0,144,174,38,192,139,
5345,12405,100862,93172,56387,23230,13797,
284,192,1177,1126,667,356,284,
0,14,50,58,0,149,209,
0,34,12,18,101,98,0,
0,0,168,50,224,212,0,
31146,23565,121948,63519,36575,18357,12884,
884,514,1796,1546,605,290,790,
0,0,47,64,51,55,41,
14,0,41,0,0,43,46,
38,0,47,3,0,0,0,
2799,9267,55599,102400,76040,20197,5260,
0,0,0,0,14,13,0,
0,0,37,376,0,0,44,
0,0,197,232,418,166,51,
57,69,299,503,698,705,112,
2592,7032,77632,109390,73491,25011,6796,
0,32,363,129,194,190,47,
0,0,191,245,145,185,179,
11,38,270,480,454,311,201,
0,0,254,463,368,373,92,
4286,11619,127683,138698,68048,27066,6207,
78,41,379,935,246,89,14,
0,35,267,478,218,94,0,
127,29,281,442,328,278,131,
48,0,137,22,293,141,54,
4890,9337,111683,98064,50253,26531,4779,
26,257,1495,1309,530,311,186,
12,0,25,131,52,11,0,
0,0,175,107,181,111,94,
50,92,69,88,69,174,61,
36754,30912,193452,80321,38340,15876,3200,
2421,1588,3784,2167,603,419,56,
96,0,188,9,37,49,63,
227,0,176,128,142,0,174,
147,47,89,0,44,0,0,
469,3421,8569,6608,1324,547,86,
0,0,0,0,0,0,0,
0,0,30,0,0,0,0,
42,0,28,219,58,0,72,
93,0,156,28,308,30,147,
594,3643,9180,6261,1768,320,69,
0,0,42,38,0,0,0,
17,0,24,40,164,0,0,
0,0,141,0,88,157,47,
45,46,111,34,99,98,20,
1416,3613,8404,5598,2210,143,70,
0,0,0,0,39,40,0,
76,0,0,26,276,29,77,
0,0,0,154,0,0,34,
0,0,56,0,60,48,0,
635,1828,3409,5153,915,387,150,
0,0,0,176,16,37,0,
0,0,46,0,0,0,99,
41,0,0,0,0,61,0,
0,0,0,0,0,0,0,
2130,1811,2274,1354,299,133,116,
0,0,0,0,0,0,11,
0,0,21,39,0,0,0,
0,0,0,0,0,0,0,
83,0,0,0,0,0,0,
440,2571,6500,11653,2671,795,323,
0,0,45,0,0,0,0,
0,0,0,0,0,0,0,
70,0,0,28,161,0,0,
219,0,80,133,103,35,55,
345,2348,7565,8185,2353,1169,424,
0,0,0,17,0,0,0,
0,0,0,0,0,0,0,
0,100,165,136,126,51,0,
43,0,83,85,73,0,20,
492,3338,7428,8417,2082,657,220,
81,37,0,58,30,0,0,
0,0,0,0,44,0,53,
0,0,0,46,0,48,27,
0,0,60,42,74,0,0,
1255,1830,4626,5059,967,1073,326,
0,0,0,0,0,0,0,
0,0,32,46,0,0,0,
38,0,0,0,0,0,0,
124,0,0,0,0,0,0,
2194,2626,3893,1897,370,460,92,
266,0,0,0,0,0,28,
41,0,0,74,0,0,0,
95,0,0,0,0,0,0,
0,0,0,0,0,0,0,
84,111,635,369,1080,271,122,
0,0,27,251,258,0,0,
49,75,577,1231,456,0,0,
66,324,1052,616,155,229,0,
270,262,35,421,1458,1048,489,
0,0,294,66,254,68,108,
280,0,141,240,563,92,101,
75,2,200,428,437,103,140,
302,85,333,732,516,488,898,
0,0,90,286,194,304,249,
0,0,140,78,57,0,59,
0,13,233,128,144,109,0,
302,113,394,331,240,329,277,
115,0,239,374,111,452,294,
45,0,0,7,63,145,281,
0,0,44,69,66,84,82,
212,96,246,200,347,78,343,
343,0,103,21,110,0,28,
150,0,55,108,0,76,54,
0,0,83,0,169,40,80,
88,0,25,25,71,59,48,
184,60,94,0,152,56,238,
519,38,71,0,53,138,31,
190,0,108,0,27,0,0,
48,0,106,0,166,0,0,
55,74,260,1543,929,184,143,
0,0,160,59,0,33,89,
0,0,438,719,531,0,0,
101,192,597,298,580,0,129,
95,197,287,452,1669,1503,128,
50,0,200,206,296,165,86,
73,0,9,569,357,177,175,
387,0,598,277,289,0,33,
661,99,445,393,709,768,351,
59,219,443,437,544,413,134,
0,39,6,88,213,234,139,
121,85,123,627,70,62,77,
1032,200,227,202,543,218,173,
386,53,302,269,320,76,184,
71,48,242,119,185,45,83,
39,0,122,110,85,63,38,
477,151,418,228,173,34,302,
310,33,94,135,104,54,119,
286,0,83,220,40,130,0,
168,0,18,42,215,0,0,
61,0,0,13,88,63,47,
377,56,169,26,128,79,6,
433,146,35,0,34,49,0,
375,27,53,85,0,16,0,
271,0,147,19,113,0,31,
1061,2074,4789,4665,1338,87,81,
0,35,41,166,89,0,0,
234,68,425,111,105,0,0,
2627,1499,2483,511,134,0,0,
2921,960,2096,1021,272,0,43,
468,1829,2172,2923,1536,117,59,
141,219,126,295,279,38,0,
1981,184,806,391,0,80,120,
2612,800,1120,1241,36,201,57,
3118,635,1125,90,176,92,0,
496,1043,2470,2228,418,257,42,
295,285,320,293,138,0,36,
812,364,543,159,0,148,0,
765,391,580,191,66,0,0,
810,42,470,122,282,0,0,
514,390,1224,818,396,225,125,
848,387,110,331,51,221,15,
178,27,122,0,0,50,42,
205,105,105,0,0,0,0,
339,0,70,0,143,39,0,
897,433,867,305,110,104,25,
176,7,120,0,59,0,176,
82,22,0,0,0,0,79,
88,0,66,0,0,0,0,
91,36,0,0,0,0,0,
876,1790,2865,5316,1698,413,267,
0,27,0,102,0,0,0,
148,0,125,32,123,37,0,
1590,480,1076,471,65,13,118,
2791,969,2060,610,871,25,60,
776,527,2813,2855,836,555,228,
174,0,0,207,0,0,0,
1463,89,652,141,37,17,0,
2129,546,1228,962,114,15,26,
2403,480,575,373,142,38,82,
496,1065,2001,2002,719,124,12,
391,145,323,282,19,10,38,
583,118,151,478,41,0,0,
641,17,436,175,0,43,0,
1221,200,172,203,84,0,0,
590,592,1296,872,289,154,24,
150,0,239,214,86,74,42,
201,0,0,15,44,36,52,
141,189,38,0,35,34,0,
467,74,38,0,48,0,0,
1046,295,1157,515,266,139,0,
548,10,116,114,60,0,80,
165,0,0,0,0,0,0,
55,59,67,0,26,0,141,
91,28,76,63,0,0,211,
59,685,1367,1677,54,7,0,
0,0,0,0,0,0,0,
0,0,0,0,0,0,0,
0,0,0,0,0,0,0,
0,0,0,16,40,0,0,
83,577,896,1437,133,210,36,
0,0,0,0,0,0,0,
0,0,38,0,0,0,0,
0,0,0,0,0,0,0,
0,0,0,0,0,16,0,
196,206,1443,986,508,0,0,
0,0,0,0,0,0,0,
55,0,0,0,0,0,0,
0,0,0,0,0,0,0,
0,0,0,0,0,0,0,
102,181,551,844,117,63,34,
0,0,0,0,0,0,0,
0,0,0,0,0,0,0,
0,0,34,0,0,0,0,
0,0,0,0,0,0,0,
178,135,256,174,121,36,23,
51,0,0,0,40,0,0,
0,0,0,0,0,0,0,
0,0,0,0,0,0,0,
0,0,0,0,0,0,0,
51,111,1133,1522,272,6,10,
0,0,0,0,0,0,0,
0,0,0,0,0,0,0,
0,0,0,0,0,0,0,
0,0,0,0,0,31,0,
85,244,1014,1979,647,75,74,
0,0,0,0,0,0,0,
0,0,0,0,0,0,0,
0,0,0,43,0,0,0,
32,42,0,0,67,0,0,
88,288,862,1953,431,224,0,
0,0,0,0,0,0,0,
0,0,17,0,0,0,0,
0,0,0,0,0,0,0,
0,0,0,0,0,0,0,
19,120,428,862,202,298,64,
0,0,0,0,0,0,0,
0,0,0,0,0,0,0,
27,0,0,0,0,0,0,
0,0,0,0,0,0,0,
523,406,400,365,109,23,46,
0,0,0,0,0,0,0,
0,0,0,0,0,0,0,
0,0,0,0,0,0,0,
50,0,0,0,0,0,0,
0,0,41,264,22,0,0,
0,0,0,0,0,0,0,
0,0,0,0,0,0,0,
37,0,0,0,0,0,0,
0,0,0,53,133,0,50,
0,0,79,76,0,14,0,
0,0,0,0,0,0,0,
0,0,0,0,0,0,0,
0,0,0,0,0,0,0,
0,0,0,0,0,0,0,
0,46,47,170,22,0,0,
0,0,0,0,106,0,0,
0,0,0,0,0,0,38,
0,0,0,0,0,0,0,
0,0,0,0,0,0,0,
0,0,21,9,24,0,0,
0,0,0,0,0,0,0,
0,0,0,0,0,0,0,
0,0,0,0,0,0,0,
0,0,0,0,0,0,0,
6,0,0,11,0,0,0,
0,0,0,0,0,0,0,
0,0,0,0,0,0,0,
0,0,0,0,0,0,0,
0,0,0,0,0,0,0,
0,82,0,92,31,53,0,
0,0,0,0,0,0,0,
0,0,0,0,0,0,0,
0,0,0,0,0,0,0,
0,0,0,0,0,0,50,
0,0,0,15,208,0,0,
0,0,0,0,0,0,0,
0,0,0,0,0,0,0,
0,0,14,62,0,0,0,
0,0,0,0,113,0,0,
40,0,0,101,185,51,75,
0,0,55,0,0,0,0,
0,0,0,0,0,0,50,
0,0,0,0,0,0,0,
0,0,39,0,0,0,0,
0,0,19,19,30,0,0,
0,0,8,0,0,0,0,
0,0,0,0,0,0,0,
0,0,0,0,0,0,0,
0,0,0,0,0,0,0,
59,0,0,0,0,0,0,
0,0,0,0,64,36,0,
0,0,0,0,0,0,0,
0,0,0,0,0,0,0,
0,0,0,0,0,0,0,
0,155,1540,1590,422,83,112,
0,0,0,61,0,0,0,
0,0,27,0,0,0,0,
0,0,53,0,0,0,0,
0,0,0,68,52,0,0,
28,300,786,1505,372,104,141,
0,0,0,82,0,0,0,
0,0,0,0,0,0,0,
0,0,0,52,0,0,0,
94,0,0,51,50,0,0,
71,341,893,676,295,52,42,
0,0,0,0,0,0,0,
0,0,0,0,0,0,0,
0,0,0,0,0,0,35,
33,0,0,0,0,0,0,
153,60,433,547,154,125,42,
17,0,0,0,60,0,0,
0,0,0,0,0,67,0,
0,0,0,0,0,0,0,
0,0,0,0,0,0,0,
101,84,472,310,207,18,0,
0,0,0,0,0,0,0,
0,0,0,0,0,0,0,
0,0,0,0,0,0,0,
0,0,0,0,0,0,0,
0,513,978,1124,944,88,77,
0,0,0,0,0,0,0,
0,0,0,0,0,0,0,
0,38,47,0,51,0,0,
0,0,0,0,34,0,0,
0,317,662,1231,503,224,86,
0,0,0,248,53,0,0,
0,0,0,0,0,0,0,
0,0,0,37,0,0,32,
0,0,0,0,42,0,0,
107,474,492,1084,650,73,25,
0,0,0,15,0,0,0,
0,0,138,0,0,0,0,
0,0,0,0,0,0,0,
0,0,0,0,0,0,0,
87,213,618,502,316,44,12,
0,0,0,0,103,0,0,
0,0,0,0,0,0,0,
0,0,0,0,0,0,0,
0,0,0,0,0,0,0,
134,311,418,362,111,0,12,
0,15,51,11,0,0,0,
78,0,0,0,0,0,0,
0,0,0,0,0,0,0,
0,0,0,0,0,0,0
*****