2010 Education by occupation in Vermont, race/ethnicity, and gender for age 25+, wgtd 2008-10 ACS, SSDAN/U-Mich
5
AgeEduc,RaceEth,Gender,EducAll,Occup
5,7,2,7,6
25-34,35-44,45-54,55-64,65+
NhWhite,Black,Asian,Hispanic,AmIndian,NHOther,NHMulti
Male,Female
0-9Yrs,10-12Yrs,HSGrad,SomeColl,CollGrad,Masters,PhD-Prof
TopWC,OtherWC,Service,TopBC,OtherBC,Farm
0,0,77,61,101,0,0,103,214,451,542,0,679,1521,1124,2323,1443,399,815,1549,936,1424,763,73,1578,1519,608,649,137,116,496,66,65,0,0,0,274,0,0,0,0,0,
0,53,237,0,17,0,86,129,250,41,140,0,330,2122,1146,97,397,25,842,2951,1486,26,102,185,2929,3341,787,17,0,118,1197,535,214,0,0,0,669,14,0,0,0,0,
0,0,0,0,0,0,0,0,0,0,45,0,0,0,0,0,0,0,0,0,172,0,0,0,24,0,0,0,0,0,27,87,0,0,0,0,0,55,0,0,0,0,
0,0,0,0,0,0,0,0,0,0,0,0,0,0,300,0,0,0,0,0,0,0,0,0,37,0,0,0,0,0,26,0,0,0,0,0,0,0,0,0,0,0,
0,0,0,0,0,0,0,0,0,0,0,0,0,0,0,0,0,0,88,0,0,0,0,0,0,0,0,58,0,0,0,0,0,0,0,0,0,0,0,0,0,0,
0,0,0,0,0,0,0,0,0,0,0,0,0,0,0,0,0,0,39,23,0,0,0,0,0,77,52,0,0,0,171,13,0,0,0,0,0,0,0,0,0,0,
0,0,0,0,0,29,0,0,45,0,0,0,0,143,50,59,83,23,0,97,0,0,61,0,0,0,0,0,0,0,105,0,0,0,0,0,0,0,0,0,0,0,
0,0,0,0,0,0,0,0,0,0,0,0,0,0,59,0,0,0,0,69,0,0,0,0,0,0,0,0,0,0,0,0,0,0,0,0,0,0,0,0,0,0,
0,0,0,0,0,0,0,0,0,0,0,0,0,0,0,0,0,0,0,0,0,163,0,0,0,0,0,0,0,0,0,0,0,0,0,0,0,0,0,0,0,0,
0,0,0,0,0,0,0,0,0,0,0,0,0,0,0,0,0,0,0,0,0,0,0,0,0,0,27,0,0,0,0,0,0,0,0,0,0,0,0,0,0,0,
0,0,0,0,0,0,0,0,0,0,0,0,0,0,0,0,0,0,0,0,0,0,0,0,0,0,0,0,0,0,15,0,0,0,0,0,0,0,0,0,0,0,
0,0,0,0,0,0,0,0,0,0,0,0,0,0,0,0,0,0,0,0,0,0,0,0,0,0,0,0,0,0,15,0,0,0,0,0,0,0,0,0,0,0,
0,0,0,0,0,0,0,0,0,0,0,0,0,81,23,0,0,0,0,0,35,0,0,0,0,0,0,0,0,0,0,94,28,0,0,0,0,0,0,0,0,0,
0,0,23,0,0,0,0,0,0,0,0,0,0,67,52,0,0,0,0,14,11,0,0,0,31,0,23,0,0,0,0,0,0,0,0,0,0,0,0,0,0,0,
44,99,92,138,68,150,175,169,540,824,233,130,1232,1213,867,2908,2348,343,1193,1318,353,1599,391,91,3080,1661,762,203,182,152,1006,236,46,44,0,0,949,10,0,0,0,30,
0,204,50,0,0,15,13,259,170,0,107,0,421,3438,1939,172,604,101,2102,4063,1514,251,592,116,2652,2198,636,93,44,89,2009,429,153,0,15,0,555,202,0,0,0,0,
0,0,0,0,0,0,0,0,0,0,0,0,0,0,0,9,0,0,0,0,0,0,0,0,76,0,0,0,0,0,0,0,0,0,0,0,0,0,0,0,0,0,
0,0,0,0,0,0,0,0,0,0,0,0,0,0,0,0,0,0,0,0,0,0,0,0,0,0,0,0,0,0,0,0,0,0,0,0,0,0,0,0,0,0,
55,0,0,0,0,0,0,0,0,0,0,0,0,0,0,0,0,0,0,0,54,0,0,0,0,0,0,0,0,0,32,0,0,0,0,0,40,0,0,0,0,0,
0,0,21,0,0,0,0,0,0,0,0,0,0,0,0,0,0,0,65,145,50,0,0,0,0,14,0,0,0,0,0,0,0,0,0,0,0,0,0,0,0,0,
0,0,0,0,0,0,0,0,0,24,0,0,0,41,0,0,0,0,22,97,41,30,0,0,0,27,0,0,0,0,65,0,0,0,0,0,0,0,0,0,0,0,
0,0,0,0,0,0,0,0,0,0,0,0,0,0,83,0,126,0,126,275,0,0,0,0,22,0,29,0,0,0,32,0,0,0,0,0,28,0,0,0,0,0,
0,0,0,0,0,0,0,0,0,5,0,0,0,0,0,0,0,0,0,0,0,0,0,0,0,0,0,0,0,0,0,0,0,0,0,0,0,0,0,0,0,0,
0,0,0,0,0,0,0,0,0,0,0,0,0,0,0,0,0,0,0,0,0,0,0,0,0,0,0,0,0,0,0,0,0,0,0,0,0,0,0,0,0,0,
0,0,0,0,0,0,0,0,0,0,0,0,0,0,0,0,0,0,0,0,0,0,0,0,0,0,0,0,0,0,106,0,0,0,0,0,0,0,0,0,0,0,
0,0,0,0,0,0,0,0,0,0,0,0,0,0,0,0,0,0,0,0,0,0,0,0,7,0,0,0,0,0,0,106,0,0,0,0,0,0,0,0,0,0,
0,0,0,0,28,0,16,0,0,0,0,0,0,0,139,0,58,0,147,0,12,288,0,0,0,0,0,0,23,0,0,0,0,0,0,0,0,0,0,0,0,0,
0,0,0,0,0,0,0,0,0,0,0,0,0,47,124,0,0,0,102,158,24,0,0,0,29,0,0,0,0,0,0,0,0,0,0,0,0,0,0,0,0,0,
15,85,120,141,160,198,0,91,73,549,395,43,1435,1674,1359,3444,3345,744,2418,2111,1249,1311,843,204,3197,1581,335,554,164,74,1979,468,23,27,34,12,1028,74,0,0,25,15,
0,116,430,0,116,0,62,59,433,171,141,0,714,4635,2516,91,828,114,2133,4582,1581,127,538,103,3969,2193,607,41,22,69,2483,738,187,51,22,129,913,50,0,0,0,0,
0,0,0,0,0,0,0,0,0,0,0,0,0,0,0,0,0,0,0,0,0,0,0,0,0,0,0,0,0,0,0,0,0,0,0,0,17,0,0,0,0,0,
0,0,0,0,0,0,0,0,0,0,0,0,0,0,0,0,0,0,0,0,0,0,0,0,0,0,0,0,0,0,0,0,0,0,0,0,0,0,0,0,0,0,
0,0,0,0,0,0,44,0,0,0,0,0,0,0,0,0,0,0,0,0,0,0,0,0,58,0,0,0,0,0,0,0,0,0,0,0,0,0,0,0,0,0,
0,0,0,0,0,0,0,0,0,0,0,0,0,0,0,0,18,0,0,0,0,0,0,13,38,0,0,44,0,0,76,0,0,0,0,0,0,0,0,0,0,0,
0,0,0,0,0,0,0,0,0,0,0,0,0,8,0,0,0,0,54,0,12,259,0,0,0,0,0,0,0,0,0,0,0,0,0,0,0,0,0,0,0,0,
0,0,0,0,0,0,0,0,0,0,0,0,71,0,0,0,0,0,0,41,0,0,0,0,0,0,0,0,0,0,31,0,0,0,0,0,0,0,0,0,0,0,
0,28,0,0,41,0,0,0,0,0,0,0,36,0,0,0,0,0,0,0,0,0,0,0,0,0,0,0,0,0,0,0,0,0,0,0,0,0,0,0,0,0,
0,0,0,0,0,0,0,0,0,0,0,0,0,20,0,0,0,0,37,0,0,0,0,0,0,0,0,0,0,0,0,0,0,0,0,0,0,0,0,0,0,0,
0,0,0,0,0,0,0,0,0,0,0,0,0,0,42,0,0,0,0,0,0,0,0,0,0,0,0,0,0,0,0,15,0,0,0,0,0,0,0,0,0,0,
0,0,0,0,0,0,0,0,0,0,0,0,0,0,0,0,0,0,0,0,0,0,0,0,0,0,0,0,0,0,0,0,0,0,0,0,0,0,0,0,0,0,
0,0,0,0,0,0,0,0,44,0,0,0,0,23,0,13,9,0,0,35,0,35,0,0,0,13,0,0,0,0,0,0,0,0,0,0,0,0,0,0,0,0,
0,0,0,0,0,0,0,0,0,0,0,0,60,105,250,0,17,13,0,112,0,0,0,0,17,0,0,0,0,0,0,27,0,0,0,0,0,0,0,0,0,0,
0,94,104,212,219,84,10,15,39,397,241,11,637,1195,1103,2101,1789,438,971,1421,1195,1231,616,57,2619,1579,232,399,465,95,1983,723,43,30,69,49,1306,133,16,0,74,0,
41,36,222,0,12,19,83,41,156,9,70,0,625,3271,1248,226,458,139,2089,3189,1009,88,149,14,3465,1493,210,13,110,16,3273,917,13,36,68,0,733,79,0,0,0,36,
0,0,0,0,0,0,0,0,0,0,0,0,22,0,0,0,0,0,0,0,0,0,0,0,0,0,0,0,0,0,0,0,0,0,0,0,0,0,0,0,0,0,
0,0,0,0,0,0,0,0,0,0,0,0,0,0,22,0,0,0,0,0,0,0,0,0,0,0,0,0,0,0,0,0,0,0,0,0,0,0,0,0,0,0,
0,0,0,0,0,0,0,0,0,0,0,0,0,0,0,0,0,0,0,0,0,0,0,0,0,0,74,0,0,0,0,0,0,0,0,0,0,0,0,0,0,0,
0,0,110,0,0,0,0,0,0,0,0,0,0,0,0,0,0,0,0,0,0,0,0,0,0,0,0,0,0,0,16,0,0,0,0,0,0,0,0,0,0,0,
0,0,0,0,0,0,0,0,0,0,0,0,0,0,15,0,48,25,25,0,0,0,0,0,0,0,0,0,0,0,18,0,0,0,0,0,124,0,0,0,0,0,
0,0,0,0,30,0,0,0,0,0,0,0,0,0,0,0,0,0,0,0,0,0,17,0,0,32,0,0,0,0,78,0,0,0,0,0,0,0,0,0,0,0,
0,0,0,0,0,0,0,0,0,0,0,0,0,0,0,50,0,0,0,14,0,0,0,0,0,0,0,0,0,0,0,0,0,0,0,0,0,0,0,0,0,0,
0,0,0,0,0,0,0,0,0,0,0,0,0,0,0,0,0,0,0,0,0,0,0,0,0,0,0,0,0,0,0,0,0,0,0,0,0,0,0,0,0,0,
0,0,0,0,0,0,0,0,0,0,0,0,0,0,0,0,0,0,0,0,0,0,0,0,13,0,0,0,0,0,0,0,0,0,0,0,0,0,0,0,0,0,
0,0,0,0,0,0,0,0,0,0,0,0,0,0,0,0,0,0,0,0,0,0,0,0,0,0,0,0,0,0,0,0,0,0,0,0,0,0,0,0,0,0,
0,12,0,0,61,0,0,29,0,0,0,0,11,0,0,0,0,0,0,8,0,31,0,0,0,0,0,0,0,0,0,15,0,0,0,0,0,0,0,0,0,0,
0,0,0,0,0,0,0,0,0,0,0,0,0,0,0,0,0,0,0,11,0,0,0,0,0,0,0,0,0,0,0,33,0,0,0,0,20,0,13,0,0,0,
77,111,231,312,203,52,0,84,207,302,139,41,84,556,455,1225,744,173,483,589,367,488,352,22,729,402,251,70,93,51,747,385,133,10,79,16,1053,109,0,49,12,0,
126,39,98,0,28,0,7,58,108,0,110,0,285,1577,979,0,151,28,582,1193,231,9,199,53,648,768,43,0,30,0,757,127,65,0,0,0,190,49,0,0,0,0,
0,0,0,0,0,0,0,0,0,0,0,0,0,0,0,0,0,0,9,0,0,0,0,0,0,0,0,0,0,0,0,0,0,0,0,0,0,0,0,0,0,0,
0,0,0,0,0,0,0,0,0,0,0,0,0,0,0,0,0,0,0,30,0,0,0,0,0,0,0,0,0,0,0,0,0,0,0,0,0,0,0,0,0,0,
0,0,0,0,0,0,0,0,0,0,0,0,0,0,0,0,0,0,0,0,0,0,0,0,0,0,0,0,0,0,0,0,0,0,0,0,0,0,0,0,0,0,
0,0,0,0,17,0,0,0,0,0,0,0,0,0,46,0,0,0,0,0,43,0,0,0,0,0,0,0,0,0,38,0,0,0,0,0,0,0,0,0,0,0,
0,0,0,0,0,0,0,0,0,0,0,0,0,0,0,0,0,0,0,0,0,0,0,0,0,0,0,0,0,0,0,0,0,0,0,0,0,0,0,0,0,0,
0,0,0,0,0,0,0,0,0,0,0,0,0,20,0,0,0,0,0,0,0,0,0,0,0,0,0,0,0,0,53,0,0,0,0,0,45,0,0,0,0,0,
0,0,0,0,0,0,0,0,0,0,0,0,0,0,0,0,0,0,0,0,0,0,0,0,0,0,0,0,0,0,0,0,0,0,0,0,0,0,0,0,0,0,
0,0,0,0,0,0,0,0,0,0,0,0,0,0,0,0,0,0,55,0,0,0,0,0,0,0,0,0,0,0,0,0,0,0,0,0,0,0,0,0,0,0,
0,0,0,0,0,0,0,0,0,0,0,0,0,0,0,0,0,0,0,0,0,0,0,0,0,0,0,0,0,0,0,0,0,0,0,0,0,0,0,0,0,0,
0,0,0,0,0,0,0,0,0,0,0,0,0,0,0,0,0,0,0,0,0,0,0,0,0,0,0,0,0,0,0,0,0,0,0,0,0,0,0,0,0,0,
0,0,0,0,0,0,0,0,0,0,0,0,0,0,0,0,0,0,29,0,0,0,0,0,0,8,0,0,0,0,46,0,0,0,0,0,0,0,0,0,0,0,
0,0,0,0,0,0,0,0,0,0,0,0,0,6,0,0,0,0,0,0,0,0,0,0,0,0,0,0,0,0,0,0,0,0,0,0,0,0,0,0,0,0
*****