2010 Education by Immigration status in Vermont, race/ethnicity, gender, age 25+, wgtd 2008-10 ACS, SSDAN/U-Mich
5
RaceEth,Gender,AgeEduc,Immentry,EducAll
7,2,5,5,7
NhWhite, Black, Asian, Hispanic, AmIndian, NHOther,NHMulti
Male, Female
25-34,35-44,45-54,55-64,65+
Native,FB<1980,FB80-89,FB90-99,FB00-Current
0-9Yrs,10-12Yrs,HSGrad,SomeColl,CollGrad,Masters,PhD-Prof
527,1721,11063,8742,7047,830,374,
0,0,0,15,0,0,0,
0,0,16,125,0,0,0,
0,0,66,227,33,89,0,
0,0,249,44,105,134,0,
886,2618,12699,8587,8533,2342,1288,
37,0,0,0,119,0,0,
0,0,0,0,58,0,0,
0,13,239,59,13,0,0,
0,0,41,146,18,31,0,
1225,2305,18534,11205,8559,3325,1634,
66,14,576,209,36,38,8,
17,13,37,14,145,0,28,
29,70,78,51,25,50,215,
0,0,0,46,71,13,0,
1224,1133,12961,9754,8190,4447,2217,
55,274,271,147,127,34,104,
0,0,21,0,40,10,57,
0,0,254,49,132,20,0,
0,0,59,57,115,0,23,
4653,2435,10747,6757,5758,3657,2830,
187,91,355,219,166,267,164,
0,0,0,22,36,0,56,
0,0,0,0,0,22,0,
0,0,0,0,0,0,0,
453,1059,7253,8765,10512,2729,855,
0,0,0,67,0,0,0,
0,0,0,0,14,0,0,
0,0,162,15,0,0,0,
0,0,81,105,119,93,38,
757,1030,9243,13048,8221,3956,966,
0,0,41,0,78,27,0,
0,0,0,16,64,14,0,
71,0,270,290,276,10,121,
0,0,0,103,107,20,0,
1177,1292,14773,14245,10867,5193,1248,
55,15,288,0,89,0,20,
0,12,0,175,88,177,12,
0,157,42,9,69,66,0,
41,21,0,12,62,0,36,
818,1165,11439,10692,9024,6771,1340,
26,83,208,316,90,130,0,
26,10,113,84,52,0,0,
0,0,203,103,0,0,16,
0,0,82,11,16,0,0,
4281,3615,17880,9347,7146,3646,647,
457,183,697,693,43,95,0,
42,0,24,27,49,60,0,
0,0,0,12,44,0,0,
0,0,23,0,26,0,0,
0,0,0,36,0,114,55,
0,0,0,0,0,0,0,
0,0,0,0,0,0,0,
0,0,0,0,0,0,0,
0,45,0,155,24,0,0,
0,60,0,110,76,229,0,
0,0,0,0,0,0,0,
0,0,0,0,0,0,0,
0,0,0,0,0,0,0,
21,0,9,19,0,0,0,
0,0,0,127,0,0,17,
0,0,0,0,0,0,0,
0,0,0,0,0,0,0,
0,0,0,108,0,0,0,
0,0,0,0,0,0,20,
0,0,22,42,0,87,0,
0,0,0,0,0,0,0,
0,0,0,0,0,0,0,
0,0,0,0,0,0,0,
0,0,0,0,0,0,0,
38,0,0,24,30,0,0,
0,0,0,0,0,0,0,
0,0,0,0,0,0,0,
0,0,0,0,0,0,0,
0,0,0,0,0,0,0,
0,0,328,17,30,26,0,
0,0,0,0,0,0,0,
0,0,0,0,0,0,0,
0,0,0,0,0,0,0,
0,0,0,68,37,0,0,
0,0,0,0,101,89,0,
0,0,44,0,0,0,0,
0,0,0,48,0,0,0,
0,0,0,0,0,0,0,
0,0,0,27,0,0,0,
0,0,0,47,0,0,0,
0,0,0,0,0,0,0,
0,0,0,0,0,0,0,
0,0,0,0,0,0,0,
0,0,0,43,0,0,0,
0,0,22,0,0,0,30,
0,0,0,0,0,0,0,
0,0,0,0,0,0,0,
0,0,0,0,0,0,0,
0,0,0,0,0,24,0,
38,0,32,74,0,0,0,
0,0,0,0,0,0,0,
0,0,0,0,0,0,0,
0,0,0,0,0,0,0,
0,0,0,0,0,0,0,
0,0,0,0,0,0,0,
0,0,0,0,0,0,0,
0,0,210,0,58,0,0,
0,0,51,0,96,0,0,
0,0,47,172,73,96,0,
0,0,0,0,0,0,0,
0,0,0,0,98,0,0,
55,0,0,0,0,0,0,
0,86,0,54,0,0,40,
25,0,0,0,0,32,0,
0,0,0,0,0,0,0,
0,0,0,0,75,0,0,
0,44,34,0,0,0,0,
0,0,0,0,0,0,0,
32,0,0,0,0,0,0,
0,0,0,0,0,0,0,
0,0,0,26,22,0,0,
0,0,10,13,74,0,12,
0,0,0,0,0,0,0,
0,0,0,0,0,0,0,
0,0,0,0,0,0,0,
0,0,0,0,0,0,0,
0,0,0,18,0,0,0,
0,0,0,0,0,0,0,
0,0,0,0,0,0,0,
0,0,0,0,0,13,0,
0,0,0,0,0,0,0,
0,0,0,0,0,0,0,
0,13,83,0,0,134,78,
0,0,0,62,278,161,83,
0,0,0,0,36,0,0,
0,0,32,145,15,0,0,
0,0,25,50,14,0,0,
33,0,139,65,0,0,0,
68,0,0,0,10,0,0,
0,0,0,13,35,0,0,
0,0,0,0,17,67,0,
0,11,18,260,10,9,0,
0,0,0,65,44,0,0,
41,0,0,121,0,0,0,
0,0,0,0,0,0,0,
110,0,0,0,0,16,0,
0,0,0,0,0,0,0,
0,0,0,0,0,0,0,
0,0,0,0,0,0,0,
0,0,0,0,0,13,0,
17,0,132,43,0,38,0,
0,0,0,0,0,0,0,
46,0,254,0,0,0,0,
0,0,0,0,0,0,0,
0,45,276,228,49,105,0,
0,0,0,0,0,0,0,
29,0,0,97,0,0,0,
0,0,59,0,0,0,0,
59,0,23,0,0,0,0,
0,24,41,168,34,28,38,
0,0,0,22,40,65,0,
0,0,0,0,0,0,0,
0,0,0,0,0,0,0,
0,0,0,0,0,0,0,
0,0,13,480,93,0,0,
0,0,0,0,0,0,0,
0,0,0,0,0,0,0,
0,0,0,0,0,0,0,
0,0,0,0,0,0,0,
0,0,88,84,0,18,124,
0,0,0,0,0,0,0,
0,0,0,0,0,0,36,
0,0,0,0,0,0,0,
0,0,0,0,0,0,0,
0,0,48,122,0,62,0,
0,31,0,0,0,0,0,
0,0,0,0,0,0,0,
0,0,0,0,0,0,0,
0,0,0,0,0,0,0,
0,0,147,91,116,0,0,
0,0,0,0,0,0,0,
0,0,0,0,0,0,0,
0,0,0,0,0,111,0,
0,0,0,36,0,0,0,
0,0,43,401,113,84,28,
0,0,0,0,0,0,0,
0,0,13,0,0,0,0,
0,0,153,0,0,0,0,
0,0,0,31,0,0,0,
0,0,107,41,0,31,0,
0,0,0,0,0,0,0,
0,0,49,0,0,0,0,
0,0,0,0,0,0,58,
0,0,0,0,0,0,0,
30,0,0,17,55,78,0,
0,0,0,0,0,0,0,
0,0,0,0,0,0,0,
0,0,0,0,0,0,0,
0,0,0,0,0,0,0,
0,26,128,22,0,0,45,
0,56,0,14,0,53,0,
38,0,0,0,0,0,0,
0,0,0,0,0,0,0,
0,0,0,0,0,0,0,
0,0,16,163,0,0,0,
0,0,0,0,0,0,0,
0,0,0,0,0,0,0,
0,0,0,0,0,0,0,
0,0,0,0,0,0,0,
0,5,0,0,0,0,0,
0,0,0,0,0,0,0,
0,0,0,0,0,0,0,
0,0,0,0,0,0,0,
0,0,0,0,0,0,0,
69,0,85,0,0,0,15,
0,0,0,0,0,0,0,
0,0,0,0,0,0,0,
0,0,0,0,0,0,0,
0,0,0,0,0,0,0,
0,0,86,25,0,0,0,
0,0,0,0,0,0,0,
0,0,0,0,0,0,0,
0,0,0,0,0,0,0,
0,0,0,0,0,0,0,
11,0,66,0,0,0,0,
0,0,0,0,0,0,0,
0,0,0,0,0,0,0,
0,0,0,0,0,0,0,
0,0,0,0,0,0,0,
0,0,0,0,27,0,0,
0,0,0,0,0,0,0,
0,0,0,0,0,0,0,
0,0,0,0,0,0,0,
0,0,0,0,0,0,0,
0,0,9,0,0,0,0,
0,0,0,0,0,0,0,
0,0,0,0,0,0,0,
0,0,0,0,0,0,0,
0,0,0,0,0,0,0,
28,0,98,43,0,0,0,
0,0,0,0,0,0,0,
0,0,0,0,0,0,0,
0,0,0,0,0,0,0,
0,0,0,0,0,0,0,
0,0,11,22,0,0,0,
0,0,0,0,0,0,0,
0,0,0,0,0,0,0,
0,0,0,0,0,0,0,
0,0,0,0,0,0,0,
121,56,8,55,64,0,0,
0,0,0,0,0,0,0,
0,0,0,0,0,0,0,
0,0,0,0,0,0,0,
0,0,0,0,0,0,0,
0,0,0,0,0,15,0,
0,0,0,0,0,0,0,
0,0,0,0,0,0,0,
0,0,0,0,0,0,0,
0,0,0,0,0,0,0,
0,0,0,0,0,0,0,
0,0,0,0,0,0,0,
0,0,0,0,0,0,0,
0,0,0,0,0,0,0,
0,0,0,0,0,106,0,
0,0,42,11,0,15,0,
0,0,0,0,0,0,0,
0,0,0,0,0,0,0,
0,0,0,0,0,0,0,
0,0,0,0,0,0,0,
0,0,0,23,13,0,0,
0,0,0,0,0,0,0,
0,0,0,0,0,0,0,
0,0,0,0,0,0,0,
0,0,0,0,0,0,0,
0,0,10,0,0,0,0,
0,0,0,0,0,0,0,
0,0,0,0,0,0,0,
0,0,0,0,0,0,0,
0,0,0,0,0,0,0,
0,23,0,0,0,15,0,
0,0,0,0,0,0,0,
0,0,0,0,0,0,0,
0,0,0,0,0,0,0,
0,0,0,0,0,0,0,
0,0,0,0,7,0,0,
0,0,0,0,0,0,0,
0,0,0,0,0,0,0,
0,0,0,0,0,0,0,
0,0,0,0,0,106,0,
0,0,0,12,0,23,0,
0,0,0,0,0,0,0,
0,0,0,0,0,0,0,
0,0,0,0,0,0,0,
0,0,0,0,0,0,0,
0,0,36,0,0,0,0,
0,0,0,0,0,0,0,
0,0,0,0,0,0,0,
0,0,0,0,0,0,0,
0,0,0,0,0,0,0,
0,0,8,0,0,0,0,
0,0,0,0,0,0,0,
0,0,0,0,0,0,0,
0,0,0,0,0,0,0,
0,0,0,0,0,0,0,
0,29,160,173,0,122,0,
0,0,0,0,0,0,0,
0,0,0,0,0,0,0,
0,0,0,0,0,0,0,
0,0,0,0,0,0,0,
0,16,208,454,0,0,51,
0,0,0,0,0,0,0,
0,0,0,0,0,0,0,
28,0,0,0,0,0,0,
0,0,0,0,23,0,0,
12,44,75,210,0,77,0,
0,0,0,0,13,0,0,
0,0,0,0,0,0,0,
0,0,0,0,0,0,0,
0,0,0,0,0,0,0,
117,49,42,69,0,15,0,
0,0,0,0,0,0,0,
0,0,0,0,0,0,0,
0,0,0,0,0,0,0,
0,0,0,0,0,0,0,
33,0,23,41,8,0,0,
0,0,0,0,0,46,0,
0,0,0,0,0,0,0,
0,0,0,0,0,0,0,
0,0,0,0,0,0,0,
0,0,128,88,215,0,0,
0,0,0,0,0,0,0,
0,0,0,0,0,0,0,
0,0,0,0,0,0,0,
23,0,0,0,0,0,0,
0,0,171,373,135,46,0,
0,0,0,0,0,0,0,
0,0,0,0,0,0,0,
0,0,0,0,0,34,0,
0,0,0,0,0,0,0,
0,0,485,177,17,46,0,
0,0,0,0,0,0,0,
0,0,0,0,0,0,0,
0,0,0,0,0,0,0,
30,0,0,0,0,0,0,
26,0,35,34,74,33,33,
0,0,0,0,0,0,0,
0,0,0,0,0,0,0,
0,0,0,0,0,0,0,
0,0,0,0,0,0,0,
59,8,6,9,55,0,0,
0,0,0,0,0,0,0,
0,0,0,0,0,0,0,
0,0,0,0,0,0,0,
0,0,0,0,0,0,0
*****