2010 Education by occupation in Rhode Island, race/ethnicity, and gender for age 25+, wgtd 2008-10 ACS, SSDAN/U-Mich
5
AgeEduc,RaceEth,Gender,EducAll,Occup
5,7,2,7,6
25-34,35-44,45-54,55-64,65+
NhWhite,Black,Asian,Hispanic,AmIndian,NHOther,NHMulti
Male,Female
0-9Yrs,10-12Yrs,HSGrad,SomeColl,CollGrad,Masters,PhD-Prof
TopWC,OtherWC,Service,TopBC,OtherBC,Farm
56,114,0,240,191,0,0,180,308,227,615,0,492,1904,1380,1734,1631,74,1703,2092,1818,1384,971,0,3262,2259,569,378,409,63,1223,493,28,0,123,0,806,68,0,0,0,0,
0,88,141,0,0,0,0,348,306,0,0,0,617,2806,2006,0,155,110,1262,5207,2443,85,124,0,4302,2970,1010,85,160,92,1958,537,136,24,0,0,706,0,37,0,0,0,
0,116,0,0,0,0,0,0,19,0,0,0,125,100,286,217,399,0,19,234,322,183,100,0,54,183,128,30,0,0,25,0,0,0,0,0,0,0,0,0,0,0,
0,72,226,0,0,0,35,132,74,0,0,0,83,121,391,0,59,0,180,219,290,0,49,0,120,17,0,0,0,0,31,0,25,0,0,0,79,48,0,0,0,0,
0,42,0,0,0,0,0,79,0,0,135,0,0,36,219,86,85,0,25,311,28,0,42,0,220,123,123,0,29,0,98,0,0,0,0,0,93,22,0,0,0,0,
0,0,0,0,0,0,0,0,0,0,0,0,0,0,16,0,78,0,72,319,93,0,74,0,347,157,59,0,0,0,154,42,0,0,0,0,108,0,0,0,0,0,
47,0,744,177,312,0,0,128,354,357,232,60,124,406,415,239,280,0,183,421,318,176,301,0,212,100,260,0,64,0,134,0,88,0,0,0,68,36,0,0,0,0,
60,45,180,45,298,0,0,436,200,0,124,0,210,459,171,30,459,0,314,1318,939,112,81,0,205,82,28,0,0,0,86,38,28,0,0,0,43,0,0,0,17,0,
0,0,0,0,0,0,0,0,0,0,0,0,0,0,0,0,0,0,0,107,0,36,0,0,0,0,0,0,0,0,0,0,0,0,0,0,0,0,0,0,0,0,
0,0,0,0,0,0,0,0,0,0,0,0,0,0,0,0,0,0,60,76,62,0,0,0,0,0,0,0,0,0,20,0,0,0,0,0,0,0,0,0,0,0,
0,0,0,0,0,0,0,0,0,0,20,0,0,0,0,0,55,0,0,0,64,0,0,0,0,0,0,0,0,0,24,0,0,0,0,0,0,0,0,0,0,0,
0,0,0,0,0,0,0,0,0,0,0,0,0,136,0,0,0,0,0,172,71,0,0,0,0,63,0,0,0,0,33,0,0,0,0,0,0,0,0,0,0,0,
0,0,0,0,0,0,0,0,0,0,53,0,0,0,67,157,0,0,75,154,0,0,0,0,0,0,26,0,0,0,0,0,0,0,0,0,0,0,0,0,0,0,
0,0,33,0,0,0,0,0,0,0,0,0,64,0,58,24,0,0,29,108,99,0,0,0,176,0,58,22,0,0,0,0,0,0,0,0,0,0,0,0,0,0,
24,58,44,240,323,0,55,46,232,856,206,0,940,1522,1408,3411,2174,22,1654,2559,1671,2102,1027,0,4685,2160,680,473,369,60,1713,362,405,35,0,0,1532,97,20,0,0,0,
87,114,364,0,0,0,26,61,256,0,97,0,985,3532,2274,16,397,64,2695,5633,2509,99,480,60,4835,2572,645,21,27,17,3170,662,89,0,27,0,1194,63,46,0,0,0,
0,47,51,310,103,0,0,0,26,47,194,0,87,112,79,135,190,0,160,69,25,66,159,0,127,46,96,37,0,0,21,33,0,0,0,0,0,0,0,0,0,0,
0,0,75,0,26,0,0,0,164,0,51,0,82,164,461,0,104,0,156,175,287,0,0,0,90,80,44,0,84,0,104,0,0,0,0,0,21,93,0,0,0,0,
0,0,0,0,0,26,0,0,0,0,28,0,0,0,38,244,144,0,8,28,0,0,26,0,90,66,65,0,85,0,369,0,0,0,0,0,65,0,0,0,0,0,
0,0,0,0,105,0,0,14,21,0,142,0,0,114,0,0,61,0,0,114,12,34,0,0,292,60,65,0,0,0,178,0,0,0,0,0,64,0,0,0,0,0,
0,286,231,375,454,0,0,0,27,216,161,0,76,127,228,583,504,0,126,56,70,292,299,0,206,128,0,0,126,0,120,0,0,0,0,0,49,0,0,0,0,0,
22,134,144,0,353,59,0,116,138,127,171,0,141,180,694,112,631,0,229,519,356,26,73,0,194,247,97,0,307,0,35,33,0,0,0,0,37,0,0,0,25,0,
0,0,0,0,0,0,0,0,0,0,0,0,0,40,0,0,123,0,0,0,0,36,0,0,0,0,0,0,0,0,0,0,0,0,0,0,0,0,0,0,0,0,
0,0,45,0,0,0,0,0,0,0,0,0,0,0,47,0,0,0,0,34,137,0,0,0,0,0,0,0,0,0,0,0,0,0,0,0,0,0,0,0,0,0,
0,0,0,0,0,0,0,0,0,0,0,0,0,0,101,94,123,0,48,0,120,0,28,0,0,0,0,0,0,0,0,0,0,0,0,0,0,0,0,0,0,0,
0,0,53,0,0,0,0,0,0,0,0,0,0,22,115,0,0,0,0,50,18,0,0,0,0,0,0,0,0,0,0,0,0,0,0,0,0,0,0,0,0,0,
0,0,0,32,17,0,0,0,33,90,0,0,85,0,47,127,56,25,60,0,29,21,0,0,24,0,0,0,23,0,26,0,0,0,0,0,0,0,0,0,0,0,
0,0,0,0,0,0,0,0,0,0,0,0,0,19,32,0,0,0,17,185,53,28,0,0,52,35,0,0,0,0,21,0,0,0,0,0,50,65,0,0,0,0,
56,54,271,264,422,0,62,384,289,1129,437,22,1324,1984,1091,4392,2352,30,2353,3251,1029,2952,1481,56,4748,2375,536,443,242,76,2245,643,287,53,81,0,1848,78,0,79,25,0,
0,257,359,0,60,0,165,514,299,32,293,0,986,6614,2183,75,929,0,4440,7369,2138,149,397,25,4973,3001,465,133,138,44,4156,898,81,19,19,0,788,57,63,0,0,0,
0,67,34,37,227,0,0,37,27,31,21,0,104,0,27,170,193,0,224,111,103,72,175,0,150,190,22,0,113,0,79,42,0,0,67,0,53,0,0,0,0,0,
335,0,90,0,133,0,0,0,8,0,0,0,151,178,470,0,70,0,304,270,343,0,0,0,230,0,25,0,0,0,96,0,0,0,0,0,66,0,0,0,0,0,
0,0,0,0,313,0,0,0,0,51,56,35,22,0,24,57,233,0,0,15,0,0,47,0,93,0,32,0,28,0,126,0,0,0,0,0,26,0,0,0,0,0,
78,69,0,102,114,0,0,0,0,0,46,0,0,120,75,0,227,0,0,0,38,48,0,0,89,69,85,96,26,0,126,0,0,0,0,0,0,0,0,0,0,0,
0,0,363,34,500,0,0,16,142,168,121,0,0,142,142,203,272,0,86,53,76,109,120,0,0,191,75,0,0,0,25,0,0,0,0,0,42,0,0,0,0,0,
33,38,472,0,346,0,0,57,309,19,224,0,113,117,85,0,219,0,41,106,375,0,25,0,156,158,52,0,0,0,0,56,0,0,0,0,28,0,0,0,0,0,
0,0,0,0,0,0,0,0,0,0,0,0,0,0,0,0,0,0,0,46,0,0,0,0,0,0,0,0,0,0,0,0,0,0,27,0,0,0,0,0,0,0,
0,0,0,0,0,0,0,0,0,0,0,0,0,78,0,0,0,0,20,21,47,0,0,0,24,0,0,0,0,0,0,0,0,0,0,0,0,0,0,0,0,0,
0,0,0,0,0,0,0,0,0,0,0,0,0,51,64,0,45,0,77,56,56,29,0,0,0,0,40,0,0,0,0,0,0,0,0,0,0,0,0,0,0,0,
0,0,0,0,0,0,0,0,0,0,0,0,0,0,0,0,0,0,24,68,119,0,0,0,16,0,0,0,0,0,0,0,0,0,0,0,0,0,0,0,0,0,
0,0,0,44,0,0,21,0,0,0,0,0,11,28,41,67,77,0,95,0,25,0,138,0,18,0,0,0,0,0,24,0,0,0,0,0,20,0,0,0,0,0,
0,0,0,0,0,0,0,0,0,0,0,0,0,0,67,0,0,0,0,76,57,17,0,0,19,0,0,0,0,0,0,48,0,0,0,0,19,0,0,0,0,0,
103,84,317,384,710,0,35,209,103,388,577,25,951,1272,1072,2065,2219,98,1721,1844,883,1674,1553,37,4574,2195,580,333,367,27,3041,859,110,0,90,0,1884,130,0,0,25,0,
0,153,475,24,374,0,27,447,434,0,126,0,506,5180,2593,89,841,0,3069,5291,908,125,308,20,3167,1754,167,0,35,45,3250,904,137,0,60,0,1229,43,18,0,0,0,
0,37,0,0,87,0,26,0,14,24,0,0,0,24,0,0,57,0,0,114,77,68,58,0,228,192,0,0,52,0,56,30,0,0,0,0,19,0,0,0,0,0,
0,0,138,0,50,0,0,0,0,23,0,0,154,124,194,0,65,0,81,322,43,0,21,0,33,167,0,0,0,0,0,32,0,0,0,0,0,0,0,0,0,0,
0,0,32,0,32,0,0,0,0,0,0,0,0,0,0,0,41,0,0,19,0,0,43,0,65,28,0,0,0,0,28,0,0,0,0,0,46,0,0,0,0,0,
0,0,24,0,103,0,0,0,0,0,0,0,0,201,24,0,15,0,0,53,0,0,38,0,103,0,22,0,61,0,0,0,0,0,0,0,17,14,0,0,0,0,
0,18,0,15,287,0,0,0,31,0,126,0,0,52,26,31,182,0,0,27,19,0,55,0,41,0,0,0,26,0,26,0,0,0,0,0,53,0,0,0,0,0,
0,0,151,0,244,0,0,0,0,0,165,0,0,39,134,25,101,0,13,84,190,0,94,0,20,56,0,0,21,0,193,0,0,0,0,0,14,0,0,0,0,0,
0,0,0,0,0,0,0,0,0,0,0,0,0,0,25,0,32,0,0,0,0,0,0,0,0,0,0,0,0,0,0,0,0,0,0,0,0,0,0,0,0,0,
0,0,0,0,0,0,0,0,0,0,0,0,0,0,0,0,0,0,0,0,0,0,0,0,0,0,0,0,0,0,0,0,0,0,0,0,0,0,0,0,0,0,
0,0,0,0,0,0,0,0,0,0,0,0,0,0,0,0,0,0,0,0,0,0,0,0,0,0,0,0,0,0,0,0,0,0,0,0,0,0,0,0,0,0,
0,0,0,0,23,0,0,0,0,0,0,0,0,73,0,0,0,0,0,0,61,0,0,0,0,0,0,0,0,0,0,0,0,0,0,0,0,0,0,0,0,0,
0,0,0,0,0,0,0,0,0,0,0,0,0,0,88,0,40,0,24,14,0,0,23,0,55,0,0,0,0,0,0,0,0,0,0,0,0,0,0,0,0,0,
0,0,0,0,0,0,0,0,0,0,0,0,0,20,0,0,0,0,35,72,0,0,0,0,0,0,0,0,0,0,18,0,0,0,0,0,0,0,0,0,0,0,
93,53,459,497,263,20,93,57,362,108,189,55,401,604,799,775,956,0,510,626,554,497,716,0,1812,570,135,106,136,0,1173,310,45,22,71,0,1269,181,0,0,0,0,
71,27,169,53,284,0,45,134,377,80,126,0,605,2372,954,93,380,31,627,1760,45,33,88,0,687,940,125,0,27,0,797,197,120,0,0,0,268,0,0,0,0,0,
0,0,0,0,18,0,0,0,154,0,0,0,0,0,98,0,0,0,31,32,0,0,25,0,0,0,94,0,0,0,0,0,0,0,0,0,0,0,0,0,0,0,
0,0,0,0,61,0,0,0,0,22,0,0,0,0,0,0,0,0,0,22,0,0,0,0,0,0,0,0,0,0,0,36,0,0,0,0,0,0,0,0,0,0,
0,0,0,17,22,0,27,0,0,0,0,0,0,0,9,0,0,0,0,0,0,25,0,0,23,0,11,0,55,0,0,0,0,0,0,0,44,33,0,0,0,0,
0,0,0,0,45,0,0,0,0,0,0,0,0,0,0,0,20,0,0,0,0,0,11,0,0,45,0,0,0,0,0,18,0,0,0,0,0,23,0,0,7,0,
0,0,23,0,134,0,0,0,0,0,0,0,13,0,43,0,37,0,0,0,0,0,27,0,24,0,0,0,0,0,0,30,0,0,0,0,0,0,0,0,0,0,
0,0,131,0,59,0,0,0,0,0,8,0,0,0,0,0,0,0,0,0,0,0,0,0,0,0,0,0,0,0,0,0,0,0,0,0,0,0,0,0,0,0,
0,0,0,0,0,0,0,0,0,0,0,0,16,0,0,0,0,0,0,0,0,0,0,0,0,0,0,0,0,0,0,0,0,0,0,0,0,0,0,0,0,0,
0,0,0,0,0,0,0,34,0,0,15,0,0,0,15,0,0,0,34,29,0,0,0,0,0,0,0,0,0,0,0,0,0,0,0,0,0,0,0,0,0,0,
0,0,0,0,0,0,0,0,0,0,0,0,0,0,0,0,0,0,0,0,0,0,0,0,0,0,0,0,0,0,0,0,0,0,0,0,0,0,0,0,0,0,
0,43,0,0,0,0,0,0,0,0,0,0,0,0,0,0,0,0,0,29,0,0,0,0,0,38,0,0,0,0,0,0,0,0,0,0,0,0,0,0,0,0,
0,21,64,0,0,0,0,0,0,0,0,0,0,0,0,0,50,0,0,0,0,0,0,0,0,0,0,0,0,0,0,0,0,0,0,0,0,0,0,0,0,0,
0,0,0,0,0,0,0,0,0,0,0,0,0,0,53,0,0,0,0,0,42,0,0,0,0,0,0,0,0,0,0,0,0,0,0,0,0,0,0,0,0,0
*****