2010 Education by occupation in Alaska, race/ethnicity, and gender for age 25+, wgtd 2008-10 ACS, SSDAN/U-Mich
5
AgeEduc,RaceEth,Gender,EducAll,Occup
5,7,2,7,6
25-34,35-44,45-54,55-64,65+
NhWhite,Black,Asian,Hispanic,AmIndian,NHOther,NHMulti
Male,Female
0-9Yrs,10-12Yrs,HSGrad,SomeColl,CollGrad,Masters,PhD-Prof
TopWC,OtherWC,Service,TopBC,OtherBC,Farm
0,91,0,65,134,21,164,95,43,172,103,12,554,1425,600,3084,1388,132,618,1747,1363,3136,577,269,2105,578,710,357,171,43,390,204,49,0,26,30,165,0,0,0,0,0,
0,0,0,129,0,0,0,104,106,52,0,0,205,1557,1144,130,144,117,1613,3468,1379,182,60,37,2908,2440,415,43,0,0,861,320,97,0,34,0,348,0,0,0,0,0,
0,0,0,0,95,0,0,0,0,0,0,0,0,92,169,0,130,0,252,271,57,203,41,0,45,108,0,0,0,0,0,0,0,0,0,0,0,0,0,0,0,0,
0,0,0,0,0,0,0,0,75,0,0,0,71,0,0,0,0,0,124,58,346,88,0,0,0,91,36,34,0,0,71,0,0,0,0,0,0,0,0,0,0,0,
0,0,0,0,43,0,0,0,0,38,59,0,57,108,117,175,192,0,0,230,79,96,153,0,72,103,109,44,0,0,39,53,0,0,0,0,0,84,0,0,0,0,
0,0,0,0,0,0,0,0,0,0,78,0,0,206,264,76,0,0,45,444,0,6,0,0,91,164,62,0,0,0,0,0,0,0,0,0,29,0,0,0,0,0,
0,0,0,0,0,0,0,0,33,51,83,0,0,81,0,37,32,0,80,96,193,55,351,0,135,0,0,0,0,0,0,0,0,11,0,0,36,0,0,0,0,0,
0,33,0,0,0,0,0,46,0,0,0,0,36,349,151,0,45,0,211,358,62,0,0,0,142,4,133,0,0,0,55,0,0,0,0,0,0,38,0,0,0,0,
0,13,88,10,34,0,0,118,157,96,12,2,154,342,439,537,283,117,86,275,382,624,163,4,111,20,40,0,0,2,0,26,0,0,0,0,0,0,0,0,0,0,
0,58,32,0,23,0,0,148,131,0,113,0,38,858,364,49,0,0,340,876,448,45,0,28,85,35,0,0,0,0,0,0,0,0,0,0,0,0,0,0,0,0,
0,0,0,0,0,0,0,0,0,0,0,0,0,0,0,0,0,0,0,0,0,0,0,0,0,34,0,0,0,0,0,0,0,0,0,0,0,0,0,0,0,0,
0,0,0,0,0,0,0,0,0,0,0,0,0,0,0,0,0,0,0,0,0,0,0,0,32,0,0,0,0,0,0,0,0,0,0,0,0,0,0,0,0,0,
38,0,0,0,0,0,0,0,0,86,0,0,115,114,83,253,134,2,72,61,168,288,80,22,83,97,56,0,0,4,29,0,0,0,0,0,13,0,0,0,0,0,
0,0,0,0,0,11,0,151,46,0,0,0,99,399,0,0,0,0,84,450,119,14,0,0,123,71,40,0,0,45,159,0,0,0,0,0,0,0,0,0,0,0,
0,48,120,24,23,0,173,82,189,252,145,44,647,770,1100,2636,1022,269,1357,1588,1429,1724,818,373,2663,674,240,403,191,79,985,129,0,45,0,0,773,0,0,0,0,0,
0,36,16,0,0,0,0,121,328,0,0,0,428,1722,1029,370,72,7,1661,3870,1166,115,55,72,3462,1020,347,0,0,18,879,202,132,0,0,0,626,0,0,0,0,0,
0,0,17,0,0,0,0,0,21,0,0,0,52,0,143,134,141,0,235,130,63,96,146,0,41,0,0,99,0,0,0,0,0,0,0,0,0,0,0,0,0,0,
0,0,0,0,0,0,0,0,0,0,0,0,0,92,0,0,0,0,0,606,0,0,0,0,0,170,0,0,0,0,0,0,0,0,0,0,0,0,0,0,0,0,
0,0,0,0,46,0,0,0,0,0,50,0,0,116,246,69,391,0,197,179,32,410,127,0,112,49,0,0,115,0,0,0,0,0,0,0,118,0,0,0,0,0,
0,32,155,0,36,53,0,2,86,26,0,0,209,524,225,6,0,0,126,222,51,0,143,0,199,122,70,0,61,0,62,0,0,0,0,0,0,0,0,0,0,0,
0,0,0,0,190,0,0,0,0,0,91,0,28,130,166,105,180,0,11,237,153,0,0,0,0,165,0,0,0,0,0,0,0,0,0,0,90,0,0,0,0,0,
0,0,0,0,0,0,0,0,67,0,0,0,0,177,42,0,23,22,285,130,306,0,6,0,0,237,0,0,0,0,37,0,0,0,0,0,21,34,0,0,0,0,
0,0,19,10,0,0,0,10,65,189,138,0,92,286,570,830,393,86,71,125,32,356,331,19,44,31,0,28,19,7,25,0,0,32,0,0,0,0,0,0,0,0,
0,119,248,0,0,0,0,41,90,0,0,0,384,896,549,23,48,11,319,857,254,60,103,0,153,77,26,0,30,0,172,0,0,0,0,0,0,0,0,0,0,0,
0,0,0,0,0,0,0,0,0,0,0,0,0,0,0,0,37,0,0,0,0,0,0,0,0,0,0,0,0,0,0,0,0,0,0,0,0,0,0,0,0,0,
0,0,0,0,0,0,0,0,0,0,0,0,0,0,0,0,0,0,0,0,0,0,0,0,0,0,0,0,0,0,0,0,0,0,0,0,36,0,0,0,0,0,
0,0,0,0,55,0,0,0,0,20,0,0,4,21,109,454,160,0,126,39,0,171,147,0,178,88,0,0,0,0,38,0,37,0,0,0,0,0,0,0,0,0,
0,51,0,0,0,0,0,0,34,0,0,0,106,17,26,35,0,0,24,336,139,23,0,0,41,70,15,0,0,0,0,0,0,0,0,0,0,0,0,0,0,0,
36,0,0,147,79,0,0,94,71,600,254,19,1338,1701,767,3001,1085,163,1900,1871,1278,3399,1068,133,2930,1327,766,525,41,28,1193,292,0,223,0,31,1035,65,0,0,0,0,
33,44,0,0,0,0,29,151,125,0,0,0,312,2253,1214,39,71,57,2799,5731,990,93,320,44,2728,1524,245,79,58,0,1874,482,31,0,0,0,691,31,42,0,0,0,
0,0,0,0,0,0,0,0,42,0,55,0,0,175,0,165,501,4,29,139,99,74,0,0,0,20,0,0,0,0,64,0,0,0,0,0,0,0,0,0,0,0,
0,0,61,0,0,0,0,0,0,0,0,0,0,23,346,0,0,0,42,190,138,0,5,0,117,0,0,0,0,0,24,20,0,0,0,0,0,0,0,0,0,0,
0,0,46,0,89,52,0,0,0,5,19,0,0,109,239,133,504,0,16,114,72,0,143,0,47,55,61,64,0,0,42,0,0,0,0,0,81,0,0,0,0,0,
0,46,129,0,0,0,0,0,27,0,82,0,0,318,179,0,117,0,53,299,142,26,0,0,35,394,0,0,0,0,16,0,0,0,0,0,0,0,0,0,0,0,
0,0,0,0,30,0,0,0,6,0,127,0,197,139,58,0,57,0,10,41,198,0,0,0,24,0,63,0,0,0,0,0,0,0,0,20,0,0,0,0,0,0,
0,0,0,0,0,0,0,0,67,0,0,0,0,47,193,12,80,0,150,121,52,0,68,0,91,45,0,0,0,0,39,145,0,0,0,0,0,0,0,0,0,0,
0,10,13,15,6,0,32,0,98,84,126,0,96,99,204,827,366,90,188,259,245,333,121,13,54,4,0,27,0,0,0,0,0,0,0,0,0,0,0,0,0,0,
24,10,156,0,7,0,46,37,56,10,14,0,83,628,277,28,76,0,426,832,334,0,48,0,199,0,40,0,0,0,4,0,0,0,0,0,0,0,0,0,0,0,
0,0,0,0,0,0,0,0,0,0,0,0,0,0,0,0,0,0,0,0,0,0,0,0,0,0,0,0,0,0,0,0,0,0,0,0,0,0,0,0,0,0,
0,0,0,0,0,0,0,0,0,0,0,0,0,0,0,0,0,0,36,53,0,0,0,0,0,0,0,0,0,0,0,0,0,0,0,0,0,0,0,0,0,0,
0,0,0,0,0,0,11,0,9,0,87,0,13,69,0,327,140,5,85,64,101,20,149,18,109,0,40,0,0,0,16,0,14,0,0,0,72,0,0,0,0,0,
0,27,32,0,0,0,0,0,36,0,0,0,18,89,240,48,0,0,128,297,55,0,0,0,146,129,0,0,0,0,115,0,0,0,0,0,0,0,0,0,0,0,
38,36,79,0,0,0,0,33,0,75,65,29,630,697,466,1972,270,14,1738,1797,624,1774,1157,205,2514,1030,369,477,121,85,1943,347,0,121,46,22,1107,55,0,0,44,0,
0,0,26,0,0,0,0,216,159,0,36,0,523,865,943,55,219,0,1275,3278,920,58,215,42,2332,1066,91,53,93,0,1341,480,79,0,0,0,589,82,0,0,0,0,
0,0,0,0,0,0,0,0,28,0,0,0,42,0,37,31,63,0,31,141,19,0,40,0,0,32,0,0,28,0,58,0,0,0,0,0,0,0,0,0,0,0,
0,0,29,0,0,0,0,0,0,0,0,0,0,0,126,0,0,0,0,217,0,0,0,0,0,41,0,0,0,0,58,0,0,0,0,0,0,0,0,0,0,0,
0,0,48,0,0,0,0,35,74,0,0,0,0,85,22,93,34,0,0,176,58,0,96,0,0,50,134,0,51,0,0,101,0,0,52,0,0,0,0,0,0,0,
0,0,103,15,0,0,0,13,83,29,0,0,37,79,220,0,113,0,0,174,190,0,55,0,144,0,111,0,108,0,128,0,0,0,0,0,0,0,0,0,0,0,
0,0,49,0,173,0,0,0,0,0,0,0,0,6,113,54,0,0,98,34,68,0,107,0,45,0,41,0,0,0,80,52,0,0,0,0,34,0,0,0,0,0,
0,0,0,0,0,0,0,0,28,0,0,0,0,40,64,0,0,0,0,185,60,70,0,0,0,0,0,0,0,0,49,0,0,0,0,0,0,0,0,0,0,0,
13,17,14,102,25,39,0,0,25,0,0,18,54,84,144,680,217,60,161,250,86,240,62,33,92,52,0,8,0,0,75,0,0,0,10,0,0,0,0,0,0,0,
0,70,65,6,0,0,19,94,9,0,0,0,104,283,272,0,0,0,115,438,106,0,46,16,81,4,38,0,0,0,28,24,17,0,0,0,0,83,0,0,0,0,
0,0,0,0,0,0,0,0,0,0,0,0,0,0,0,32,0,0,0,0,0,0,0,0,0,0,0,0,0,0,0,39,0,0,0,0,0,0,0,0,0,0,
0,0,0,0,0,0,0,0,0,0,0,0,0,0,0,0,0,0,0,0,0,0,0,0,0,0,0,0,0,0,28,0,0,0,0,0,0,0,0,0,0,0,
0,0,0,0,0,0,0,0,15,30,30,0,30,0,0,90,0,0,30,0,0,102,5,0,64,39,0,0,0,0,0,38,0,0,0,0,0,0,0,0,0,0,
0,0,0,0,0,0,26,0,0,0,0,0,0,63,98,0,0,0,25,147,0,0,0,0,54,37,0,0,0,0,149,10,0,0,0,0,0,0,0,0,0,0,
0,17,0,106,12,0,59,71,63,48,20,0,213,206,201,319,307,69,406,388,192,204,174,85,785,246,63,106,64,6,222,96,113,0,39,38,773,37,0,0,31,0,
0,22,0,0,0,0,32,57,213,0,0,0,168,475,23,22,61,0,299,1037,300,0,67,0,597,274,104,0,0,0,210,234,19,0,49,55,109,0,0,0,0,0,
0,0,0,0,79,0,0,0,0,0,0,0,0,0,0,0,13,0,28,90,49,0,14,0,0,0,0,0,0,0,0,0,0,0,0,0,0,20,0,0,0,0,
0,0,0,0,0,0,0,0,0,0,0,0,0,0,58,0,0,0,33,20,21,0,0,0,0,0,0,0,0,0,0,0,0,0,0,0,0,0,0,0,0,0,
0,0,0,0,0,0,0,0,0,27,0,42,0,0,55,0,193,0,0,0,178,0,0,0,0,0,0,0,0,0,0,0,0,0,0,0,57,0,0,0,0,0,
0,0,20,0,0,0,0,0,0,0,0,0,0,0,33,0,0,0,0,38,0,0,0,0,0,0,22,0,0,0,0,0,0,0,0,0,0,0,0,0,0,0,
0,0,0,0,0,0,0,0,0,30,133,0,0,0,0,0,0,0,0,0,0,0,23,0,0,0,0,0,0,0,0,0,0,0,0,0,0,0,0,0,0,0,
0,0,0,0,26,0,0,25,0,0,0,0,0,0,0,0,0,0,15,0,0,0,0,0,0,0,0,0,0,0,0,0,0,0,0,0,0,0,0,0,0,0,
0,47,73,122,21,12,47,0,0,10,12,0,17,107,12,13,28,0,50,19,26,0,63,0,0,0,0,0,0,0,0,0,0,0,0,0,0,0,0,0,0,0,
61,5,11,0,0,0,0,15,7,14,0,0,50,68,61,0,0,0,31,48,31,0,0,0,14,0,0,0,0,0,0,0,0,0,0,0,0,0,0,0,0,0,
0,0,0,0,0,0,0,0,0,0,0,0,0,0,0,0,0,0,0,0,0,0,0,0,0,0,0,0,0,0,0,0,0,0,0,0,0,0,0,0,0,0,
0,0,0,0,0,0,0,0,0,0,0,0,0,0,0,0,0,0,0,0,0,0,0,0,0,0,0,0,0,0,0,0,0,0,0,0,0,0,0,0,0,0,
0,0,0,0,0,0,0,0,0,77,0,17,0,0,0,0,0,0,0,0,0,0,56,0,0,0,0,0,0,0,0,0,0,0,0,0,0,0,0,0,0,0,
0,0,0,0,0,0,0,0,26,0,0,0,0,50,0,0,0,0,0,58,18,0,0,0,0,0,0,0,0,0,46,0,0,0,0,0,0,0,0,0,0,0
*****