2010 Education by occupation in Florida, race/ethnicity, and gender for age 25+, wgtd 2008-10 ACS, SSDAN/U-Mich
5
AgeEduc,RaceEth,Gender,EducAll,Occup
5,7,2,7,6
25-34,35-44,45-54,55-64,65+
NhWhite,Black,Asian,Hispanic,AmIndian,NHOther,NHMulti
Male,Female
0-9Yrs,10-12Yrs,HSGrad,SomeColl,CollGrad,Masters,PhD-Prof
TopWC,OtherWC,Service,TopBC,OtherBC,Farm
289,924,1617,4655,1793,439,1514,2649,4917,9802,3331,275,10111,21002,21382,36187,14650,1230,22558,37288,25071,22417,10873,901,39054,25449,8742,3417,1600,447,10680,3083,795,458,53,0,7102,562,74,136,31,0,
436,1876,2017,237,603,194,1028,5468,5317,342,648,170,8026,37032,21154,1797,2845,667,25288,62456,31068,1758,2187,950,49998,28538,8265,322,220,686,18111,5325,852,54,22,58,7144,640,64,0,0,0,
194,324,1548,1290,1208,50,207,1581,3521,3319,2817,35,2117,9378,9900,8509,8966,85,4798,14534,9327,5718,5419,39,6567,4822,1289,778,459,20,1481,748,110,147,0,0,403,213,90,0,0,0,
168,937,1894,120,312,0,505,2978,4598,195,685,70,2582,15725,14229,424,2093,0,8686,27188,12175,315,1313,39,10056,7830,1645,0,233,69,3863,1903,200,0,0,0,1416,177,32,0,0,0,
0,61,175,54,59,0,0,82,386,38,76,0,204,787,1278,486,372,0,779,1974,2000,484,289,0,3797,2653,384,223,43,0,3510,614,96,29,0,0,1088,0,20,18,0,0,
30,30,355,0,71,0,15,121,492,41,32,0,169,1034,1932,73,175,90,1121,2276,1085,52,318,0,4022,2984,759,28,46,0,2686,325,132,0,0,0,1511,84,151,0,0,0,
343,1222,8754,16748,3174,3468,354,1524,3719,7788,3002,925,5075,10695,13130,19812,10819,1579,7922,17630,9293,10025,5698,442,8616,6565,2010,1942,914,122,2821,1445,151,463,204,36,1432,232,193,44,93,0,
241,2011,5006,455,1729,1847,481,3898,2746,314,916,226,4374,21135,12807,596,1754,397,11011,31651,10101,603,1268,106,14967,12252,2950,62,606,80,5425,2340,360,60,18,0,1786,992,546,0,162,0,
0,0,287,65,164,0,0,0,0,133,63,0,3,39,88,329,54,0,58,240,101,360,0,11,21,19,0,0,9,0,59,0,0,0,0,0,25,23,0,0,0,0,
0,0,39,160,85,0,22,256,12,0,0,0,26,70,36,0,58,0,158,205,140,0,0,0,190,44,29,0,0,0,0,38,0,0,0,0,0,0,0,0,0,0,
0,24,0,150,0,0,0,0,23,252,34,0,0,79,0,582,148,0,138,328,46,130,118,0,177,33,127,25,20,0,0,121,0,0,0,0,82,0,0,0,0,0,
0,0,0,0,0,0,0,57,0,0,0,0,60,501,0,36,71,0,277,536,130,0,82,0,225,344,24,0,34,0,56,33,0,0,0,0,26,0,0,0,0,0,
0,30,107,168,60,0,0,63,289,52,220,0,225,583,465,369,270,26,457,1155,487,515,305,16,1292,772,131,161,27,0,262,23,23,0,0,0,79,0,0,0,0,0,
0,23,197,0,0,0,0,399,273,0,27,0,68,1022,549,108,126,0,890,1930,853,71,54,44,955,856,215,0,0,0,177,105,34,0,0,0,139,0,0,0,0,0,
495,1060,1816,4879,1808,434,1700,3341,3838,11185,4415,463,15724,24928,19830,41259,20914,1603,34789,38476,24849,25108,12583,797,47791,28244,6895,4615,1418,385,18572,6590,1512,748,287,100,14113,1099,296,159,89,0,
253,1954,2473,505,895,494,973,5602,6229,626,1293,257,13085,50036,22517,2389,4558,1283,36899,76887,23922,2812,2461,1039,51820,27599,6155,688,537,251,23096,7357,1288,44,42,90,10107,944,223,0,33,0,
326,182,1642,2027,1075,242,154,1127,3066,3339,3717,96,2709,8061,9536,9667,12008,558,5358,8651,7361,6197,5894,0,5237,3446,1392,913,666,93,2618,618,134,72,164,0,790,126,198,0,156,0,
359,723,2080,22,486,44,661,2701,6169,122,869,158,3329,14715,16144,370,2616,173,9589,23337,11875,221,1403,48,9299,5923,1618,176,204,21,4736,2378,522,19,79,0,1726,372,27,0,0,0,
101,0,700,148,365,0,0,165,423,133,189,0,308,516,1484,802,667,0,953,1478,1261,774,423,24,3240,2353,456,226,175,135,2910,505,143,0,0,0,2764,37,80,0,0,0,
60,236,966,25,190,0,36,427,334,0,281,0,199,1743,2027,80,433,0,1084,2238,1735,69,52,0,4504,2044,685,47,81,0,1862,535,57,26,0,0,1642,95,27,0,0,0,
574,1060,6596,11168,4134,3356,658,2210,2292,6450,3665,349,6898,10500,11403,21837,11833,468,8755,16347,8132,9968,5001,165,11632,8558,2987,3742,1731,192,6268,2360,506,566,188,0,3537,386,356,776,329,0,
265,2267,7127,722,2686,1483,827,3113,3081,259,1302,14,4364,19914,17129,1200,3862,752,12102,27762,11800,996,1491,135,14758,13911,4079,246,685,0,7763,3212,559,71,54,0,3264,978,996,0,170,0,
0,0,129,386,111,0,0,26,17,106,65,0,69,123,137,60,179,90,137,322,167,468,38,0,97,112,0,0,115,0,0,0,0,0,0,0,0,28,0,0,0,0,
0,22,112,0,0,0,0,109,54,0,23,0,0,293,169,86,0,0,127,431,158,0,41,0,117,60,0,0,17,0,14,27,0,0,0,0,11,0,0,0,0,0,
0,25,17,51,21,0,79,0,65,96,66,0,0,100,102,269,165,0,160,145,0,25,92,0,20,106,0,69,44,0,247,0,58,0,0,0,98,0,0,21,0,0,
0,48,76,0,0,0,0,62,0,0,0,0,35,583,79,29,0,0,198,272,137,0,46,0,169,118,0,0,0,0,340,53,0,0,0,0,0,0,0,0,0,0,
0,0,52,77,0,0,18,72,249,377,31,0,323,185,274,782,348,25,811,547,445,648,230,0,542,324,62,28,0,55,430,95,0,0,0,0,386,32,0,0,0,0,
0,0,24,0,22,0,0,55,157,0,0,0,57,656,357,0,60,0,1130,1241,347,26,64,0,337,267,32,0,79,0,354,130,28,0,41,0,71,0,0,0,0,0,
520,1181,1540,5173,2815,534,2744,3267,3685,11703,7430,727,22304,29419,18821,54346,26394,2477,41305,48980,22869,34392,14621,1207,53401,33558,7762,5333,2629,861,23730,6911,1387,751,509,103,17995,1497,222,193,91,29,
300,2773,2197,222,632,222,1337,6275,6492,897,1285,373,20357,75432,31076,3137,6119,1316,50169,95428,25953,2705,4640,938,54352,33251,6564,726,484,192,26645,8379,1778,128,44,0,8903,1793,362,48,0,75,
208,618,3092,1965,1821,310,308,996,3681,3440,2815,250,1593,5819,9564,9958,9980,655,3560,6685,6991,5316,5304,45,4800,3040,1738,1238,887,0,2700,916,328,230,82,43,1073,368,79,31,7,0,
202,1407,4589,90,1026,133,557,1915,6167,230,1141,228,3612,12204,16884,622,4103,52,9422,19325,8879,572,1840,88,8693,4522,1644,62,269,26,4049,1302,265,37,0,0,1086,56,0,0,0,0,
24,119,364,171,438,51,104,170,592,63,255,18,416,912,732,817,715,0,810,1249,874,432,380,90,1392,1672,729,303,191,0,993,1193,71,81,27,0,1282,140,19,49,43,0,
112,428,941,23,172,32,71,356,918,20,212,0,475,1639,1523,230,952,0,1171,2510,997,0,318,0,2328,1406,509,73,142,39,881,438,130,0,32,0,796,162,51,0,54,0,
363,1413,3931,7663,3631,2798,390,1393,1555,4671,2822,214,3924,5866,6437,15335,8947,441,6973,11990,6538,8671,5192,146,10889,7266,2321,3256,2073,65,5115,1951,373,772,491,0,3918,783,445,549,423,87,
592,1990,6738,79,1887,754,841,2831,3915,44,671,14,3700,14872,15317,862,3794,87,9654,24236,9615,785,2663,177,10366,8955,4347,114,1047,55,4310,2096,448,109,57,20,2119,1063,855,24,94,0,
30,0,29,282,24,40,28,0,24,48,8,0,87,87,130,259,216,0,97,106,34,237,86,0,236,91,14,94,0,0,20,0,17,0,0,0,126,0,19,0,0,0,
0,42,63,0,0,40,0,57,130,0,0,0,69,364,248,38,69,11,35,411,325,0,58,0,179,127,117,0,0,0,138,0,0,0,0,0,0,0,0,0,0,0,
0,0,0,0,30,0,0,104,0,0,6,0,104,87,71,96,27,0,32,205,36,53,0,26,190,20,63,0,0,0,144,15,0,0,0,0,52,0,0,0,0,0,
0,0,0,0,0,0,26,81,26,0,0,0,43,0,166,0,0,0,125,82,123,0,0,0,61,148,52,0,0,0,65,12,0,0,0,0,95,0,0,0,0,0,
107,66,47,101,0,0,43,28,0,201,92,0,119,344,334,779,232,19,340,512,240,266,168,0,646,399,44,52,25,0,228,0,42,0,0,0,147,0,0,0,0,0,
0,83,13,0,20,0,21,150,169,0,29,0,129,804,704,90,82,0,389,1525,553,24,121,0,304,341,60,13,70,0,612,8,79,0,0,0,202,0,0,0,21,0,
756,677,1606,3320,2157,198,1250,1865,2156,6098,2746,482,15107,21479,12937,30885,17687,1577,33488,43488,17203,24056,15161,1227,45720,30077,6860,5572,3744,533,27338,10592,2338,1222,829,42,21865,3128,754,201,101,86,
484,1662,1959,170,1232,63,1014,5834,5009,447,1303,93,15551,71016,22026,1796,6281,525,40591,81533,16588,1631,2707,873,40295,25613,3654,291,888,183,29359,9919,1326,107,78,50,8718,1673,433,0,0,27,
151,400,3169,1850,1774,566,364,655,2500,1817,1637,351,794,3013,4171,5471,5100,203,1844,3690,3085,2680,2973,0,2338,2006,795,661,611,0,1782,543,255,58,31,0,1031,214,164,20,82,0,
111,1078,4303,162,966,208,265,1093,4105,163,892,31,1288,8048,9345,498,1521,72,4970,10278,5218,389,797,0,4147,2478,823,46,105,15,3857,860,114,0,0,0,998,160,27,0,0,0,
56,126,414,76,285,43,13,190,289,107,219,0,320,675,552,177,365,54,603,1118,343,423,385,0,1103,1095,333,39,201,72,908,352,0,0,162,0,1117,124,0,0,31,0,
90,370,628,179,336,0,55,274,578,20,273,0,286,944,970,0,360,0,910,1162,633,28,151,132,1638,1066,399,53,121,20,451,161,154,0,0,0,507,113,9,0,0,0,
741,1206,3426,5201,3097,934,526,793,1708,1993,1773,60,1849,3752,4630,5310,5747,95,3857,5487,3327,3940,2969,101,5092,3927,1251,1551,1335,76,2624,1163,320,366,220,35,2996,1081,274,186,194,26,
356,2172,5762,115,1936,502,343,2066,2473,202,1180,42,2020,10081,8470,555,2871,0,3996,10957,4544,191,862,0,5710,3968,2164,189,256,0,2471,902,122,0,0,0,1180,641,228,112,26,25,
0,25,0,111,0,0,0,0,82,0,0,0,0,0,35,201,53,0,101,217,0,136,28,0,48,68,37,0,0,0,132,0,25,0,0,0,21,0,0,0,0,0,
0,0,0,29,0,0,0,0,46,0,30,0,48,178,146,0,25,0,191,180,60,0,55,0,79,143,0,0,0,0,38,15,15,0,0,0,82,0,0,0,0,0,
0,0,27,0,20,0,0,0,0,21,75,0,27,145,69,0,105,0,19,32,25,30,22,0,24,23,62,0,86,20,25,64,0,0,0,0,13,24,0,0,0,0,
25,0,21,0,0,0,26,0,217,0,0,0,0,266,47,0,89,0,0,133,19,0,0,0,20,97,0,0,0,0,0,79,0,0,0,0,0,0,0,0,0,0,
0,27,34,29,245,0,29,21,0,22,38,0,15,140,94,218,209,0,407,326,140,116,109,53,377,324,68,47,80,0,298,36,71,0,0,0,298,14,0,0,30,0,
0,0,77,19,88,0,0,149,118,0,55,0,131,307,422,0,37,0,389,657,258,32,102,0,314,397,0,0,0,0,209,101,0,0,0,0,96,16,0,0,0,0,
915,1601,1631,2152,2126,386,1683,2864,2877,2397,2942,225,9307,15090,12565,12208,12361,830,17818,23669,10690,7660,9005,791,21688,15584,3451,1456,2684,525,13687,5866,1617,473,808,142,17374,2920,538,257,272,258,
318,2083,2279,527,548,72,762,6131,3970,417,1162,87,6709,43948,13390,966,3156,366,14409,41153,7610,367,1044,347,12422,10626,1429,131,148,104,9314,4430,532,24,120,19,3390,674,93,0,0,0,
65,274,1736,1019,1305,521,227,464,1218,643,1331,133,574,994,2091,1197,1010,105,735,1216,934,638,785,60,825,648,386,120,254,0,823,506,43,59,62,0,501,129,79,0,0,0,
122,257,2721,88,190,135,159,442,2132,67,303,63,297,1931,3968,44,390,0,1101,2774,1323,0,140,0,1434,472,229,0,0,0,1055,225,86,0,21,0,438,38,29,0,0,0,
58,49,156,81,36,0,30,81,75,17,71,0,0,324,281,33,292,0,81,186,161,170,63,43,240,378,176,49,92,0,138,81,65,0,0,0,667,56,7,0,0,0,
0,47,401,19,183,0,0,62,103,0,240,0,42,445,400,101,43,0,164,245,79,0,60,0,119,280,132,40,92,0,102,77,15,0,64,0,166,82,0,0,0,0,
426,1293,2621,1991,2780,405,305,988,939,741,1282,67,1050,1938,2590,2199,1871,104,1382,2348,1039,1045,947,24,1354,1956,602,372,290,42,660,580,43,29,73,0,1464,498,341,107,22,0,
221,1084,3025,453,988,0,122,869,993,162,378,0,543,3884,2566,129,691,14,1081,4057,780,22,421,0,1230,969,249,24,142,0,389,219,23,0,0,0,421,289,69,22,32,0,
17,17,0,0,50,83,0,0,0,0,44,0,50,0,21,0,21,0,122,0,37,12,116,0,0,75,19,0,28,0,24,25,0,0,0,19,19,0,0,0,0,0,
0,0,0,0,0,0,0,14,0,0,22,0,0,149,63,0,27,0,37,83,0,0,0,0,35,26,0,0,0,0,0,0,0,0,0,0,0,0,0,0,0,0,
0,19,0,0,0,0,0,0,0,0,0,0,0,0,0,53,0,0,19,0,0,0,0,0,24,0,0,0,0,0,34,0,0,0,0,0,20,0,0,0,0,0,
0,0,0,20,0,0,0,0,27,0,0,0,0,61,19,0,0,0,0,0,0,0,0,0,0,0,0,0,0,0,0,0,0,0,0,0,0,0,0,0,0,0,
0,30,21,46,98,0,44,27,28,28,57,0,34,131,80,54,65,0,20,22,114,18,58,0,197,50,0,60,0,0,67,49,0,0,0,0,83,15,0,0,0,0,
19,0,86,0,0,0,0,27,80,0,0,0,0,109,105,0,0,0,75,305,148,0,0,0,42,151,85,0,0,0,40,17,0,0,0,0,28,0,0,0,0,0
*****