2010 Education by Immigration status in Maryland, race/ethnicity, gender, age 25+, wgtd 2008-10 ACS, SSDAN/U-Mich
5
RaceEth,Gender,AgeEduc,Immentry,EducAll
7,2,5,5,7
NhWhite, Black, Asian, Hispanic, AmIndian, NHOther,NHMulti
Male, Female
25-34,35-44,45-54,55-64,65+
Native,FB<1980,FB80-89,FB90-99,FB00-Current
0-9Yrs,10-12Yrs,HSGrad,SomeColl,CollGrad,Masters,PhD-Prof
3098,8334,39012,49378,50719,14666,6474,
0,0,153,73,95,0,29,
0,0,44,113,233,196,87,
30,62,246,647,538,231,127,
0,58,601,698,1210,1070,910,
4476,8992,49788,52157,45475,22334,12549,
0,119,146,343,357,187,124,
62,64,123,328,385,277,145,
0,130,607,915,774,739,1029,
78,22,185,514,873,577,929,
6277,13002,68607,62410,54824,29216,16491,
150,138,648,867,899,647,301,
61,134,337,468,568,645,591,
0,56,668,466,872,559,931,
0,0,184,246,653,475,562,
7143,7655,51013,48536,41961,27726,21180,
269,123,681,946,1247,793,1106,
91,61,284,304,462,433,448,
48,27,114,185,411,292,434,
0,98,103,137,211,268,60,
18661,14703,56356,37090,34208,20127,20422,
1101,533,1802,1289,1300,1264,2002,
30,0,179,107,321,247,146,
210,119,196,243,352,169,323,
0,31,58,0,90,48,0,
2748,5493,27011,45532,57783,24519,6949,
0,0,0,54,21,0,24,
23,0,201,157,524,200,72,
46,124,373,408,559,485,110,
136,65,430,900,2171,1362,978,
2840,6290,43708,56702,52181,30265,10832,
0,139,258,392,422,169,177,
30,54,224,435,496,174,244,
168,69,324,946,1345,953,690,
68,23,423,610,1300,1003,636,
4431,6694,67021,80496,56699,31712,11167,
132,123,529,957,737,513,266,
111,59,239,546,733,788,347,
22,59,744,739,895,520,613,
38,26,190,393,588,571,116,
5550,8501,60392,57316,40193,31999,9566,
368,353,1247,1441,1061,1210,316,
31,34,435,449,417,403,168,
22,69,438,155,486,305,166,
0,212,134,321,140,135,35,
22359,24351,104801,56055,32173,18931,5262,
1690,1587,5020,3541,1678,1171,520,
256,0,244,187,122,7,152,
334,50,641,271,717,359,254,
126,38,459,101,367,71,0,
3004,9309,29459,27723,14088,2638,781,
0,0,18,0,57,35,0,
43,0,427,627,479,25,0,
125,128,1710,1375,1378,425,130,
578,384,1743,3247,2232,874,169,
2517,7821,33785,28888,13676,4853,1366,
107,38,106,614,292,157,192,
56,210,847,1303,1339,339,232,
347,367,1485,2322,1591,847,283,
72,84,2537,2627,1702,1291,505,
4391,11333,36838,27097,12787,4607,1804,
168,81,305,1050,238,541,150,
134,386,921,1915,2044,1026,307,
130,136,1132,984,521,815,203,
289,174,852,922,505,655,174,
5059,6060,22024,19742,7493,4628,2365,
212,71,777,902,991,385,335,
227,48,651,801,375,216,204,
69,111,372,330,407,423,270,
59,46,279,242,163,0,89,
10817,7680,15953,10112,5296,2650,1648,
116,299,462,384,238,148,142,
110,28,77,316,87,127,33,
123,15,54,239,127,198,30,
159,0,62,42,257,89,32,
1319,6215,25799,38466,21111,9155,2109,
0,0,0,39,44,0,0,
0,98,128,814,928,523,42,
50,206,742,2551,1881,605,295,
152,526,2750,4004,2214,736,150,
1494,6374,33117,41957,20238,11077,2531,
0,0,204,588,156,219,111,
111,107,1043,1709,1060,729,161,
65,102,1695,3810,1604,831,331,
203,427,2127,2265,1283,568,190,
3139,7712,36766,44259,18273,9095,3127,
129,20,458,1415,1202,372,195,
119,247,953,1838,1147,673,244,
328,445,1438,1463,851,349,238,
184,399,1436,1280,478,256,28,
2942,7693,27863,30494,10103,8590,1821,
63,131,754,1120,643,589,149,
223,129,396,637,242,145,38,
313,43,278,313,323,377,89,
373,40,516,283,367,140,114,
12555,12191,27224,18225,6143,5244,1101,
501,178,747,851,348,114,0,
133,182,317,189,82,28,72,
474,146,223,371,288,0,0,
803,160,257,115,138,62,0,
92,48,378,1614,2340,559,857,
0,73,27,47,164,345,30,
0,127,348,950,1400,343,179,
93,354,619,1433,1442,573,220,
87,191,371,1344,2781,3549,2192,
56,110,346,291,741,569,307,
115,0,78,457,749,771,243,
224,33,478,977,1106,629,279,
391,154,895,874,2445,3036,1609,
274,427,1101,730,2727,1395,1594,
0,0,40,157,383,450,338,
199,109,309,692,1068,794,148,
366,293,694,1545,1598,1710,1908,
442,131,811,491,1213,766,1264,
205,73,333,288,1069,515,599,
119,0,260,219,150,84,100,
227,129,857,886,1393,1127,1284,
290,112,571,655,1096,340,566,
359,214,494,347,715,458,184,
38,39,207,432,624,251,142,
44,0,66,94,204,115,120,
394,24,774,577,1313,1451,2175,
591,96,889,202,443,110,130,
392,122,244,166,303,142,84,
110,109,223,198,580,0,200,
23,0,171,1000,2424,1554,777,
33,0,0,0,294,38,124,
0,33,159,828,900,522,463,
118,176,842,1253,1626,790,355,
406,541,1020,1747,4751,4223,1985,
0,0,246,371,738,469,428,
45,50,103,553,500,873,408,
151,84,560,705,1608,695,456,
348,448,1347,1290,4217,2590,1388,
407,366,1517,1318,3801,1552,624,
0,70,269,173,457,273,99,
117,121,759,953,1026,364,390,
794,248,1839,1680,3094,1388,1041,
622,290,927,715,2058,633,653,
284,27,837,334,1423,395,311,
122,0,176,131,247,117,143,
394,470,822,1644,2315,1027,537,
874,190,977,599,1258,400,220,
865,84,718,184,1023,221,205,
509,304,607,221,402,219,89,
26,0,110,100,231,85,41,
1263,463,1560,1006,1657,666,763,
1196,219,523,179,353,52,124,
869,122,634,167,240,43,114,
784,202,483,208,560,36,116,
1043,524,2161,3359,1799,556,234,
26,31,22,161,101,0,0,
701,316,972,901,437,105,0,
5629,1777,3734,1867,478,248,44,
12087,1747,5236,2748,879,41,306,
450,223,1286,1869,1580,744,297,
0,158,200,190,301,45,79,
3330,605,1910,800,522,169,59,
5905,807,2430,1192,521,252,408,
5534,493,1965,875,1077,294,171,
189,155,858,1268,992,635,534,
547,231,567,358,266,359,148,
2727,529,1460,1318,627,306,134,
1097,234,558,1040,396,107,236,
1792,80,938,579,558,88,86,
264,157,317,694,437,296,193,
378,222,493,608,214,227,89,
1390,61,542,195,246,101,108,
430,130,137,160,54,160,81,
514,27,241,171,158,64,51,
173,115,209,492,235,212,92,
757,255,345,291,148,244,366,
64,114,26,33,52,26,75,
312,17,268,33,0,0,0,
163,95,0,143,66,74,182,
394,288,1299,3767,2785,855,487,
36,0,17,29,0,0,0,
235,184,623,828,503,21,30,
4386,741,2593,1765,376,104,0,
8882,1639,3282,2085,820,242,189,
611,154,987,1878,1663,1100,346,
212,136,230,144,290,105,57,
1865,446,1674,563,426,99,22,
3926,1152,2597,1634,771,300,165,
3302,280,2271,708,807,405,342,
180,420,597,2053,1363,550,231,
309,145,566,647,94,304,129,
2227,509,1255,1230,505,197,335,
1532,152,928,832,463,228,188,
882,135,815,577,523,146,128,
148,155,549,739,496,213,130,
490,309,733,1288,477,140,81,
764,109,240,455,248,0,93,
852,27,244,208,105,0,25,
1089,83,127,187,266,40,60,
332,220,722,345,240,76,89,
895,456,1222,1167,471,183,134,
601,62,148,48,23,0,0,
462,107,94,0,79,58,68,
484,109,51,8,73,0,37,
21,75,135,469,187,0,0,
0,0,0,0,0,0,0,
0,0,0,0,23,0,0,
0,105,53,0,0,0,0,
142,63,0,100,0,0,0,
30,33,187,293,114,44,63,
0,0,21,0,0,0,0,
67,0,26,24,0,0,0,
266,0,29,0,0,0,0,
279,0,174,67,48,0,41,
28,120,200,358,53,104,46,
0,0,0,34,0,0,0,
0,42,24,0,0,0,0,
0,0,29,62,0,0,0,
23,0,0,67,0,0,0,
149,69,211,149,172,134,0,
50,0,0,0,0,0,0,
0,0,0,0,0,0,0,
0,0,0,0,0,0,0,
0,0,0,0,0,0,0,
69,46,107,67,18,18,21,
23,0,0,20,0,0,15,
0,0,0,0,0,0,0,
0,0,0,0,0,0,0,
0,0,0,0,0,0,0,
15,0,19,336,120,28,0,
0,0,0,0,0,0,0,
0,0,0,0,0,0,0,
73,0,43,24,0,0,0,
41,42,18,14,43,0,0,
0,91,424,399,172,113,24,
0,0,0,0,0,0,0,
48,24,0,0,34,0,0,
181,24,71,68,0,0,0,
48,0,0,0,24,0,0,
65,0,456,508,117,177,10,
0,0,0,0,0,0,25,
10,0,57,0,0,0,0,
28,0,0,37,0,0,0,
0,0,22,0,36,0,0,
0,0,278,215,203,121,25,
34,0,0,0,0,0,0,
0,0,0,0,0,14,0,
0,38,0,0,0,0,0,
0,0,0,0,0,0,0,
93,76,248,130,0,21,0,
8,0,0,0,0,0,0,
0,0,0,0,0,0,0,
0,0,0,0,0,0,0,
0,0,0,0,0,0,0,
0,24,44,255,78,135,28,
0,0,0,0,0,0,0,
0,0,0,0,29,0,0,
79,0,0,41,67,0,0,
102,0,109,7,0,22,52,
0,0,150,182,65,31,54,
0,0,0,0,0,0,0,
22,0,0,34,30,0,0,
86,0,0,0,28,31,27,
34,0,0,0,0,0,0,
0,0,88,30,32,89,26,
0,0,0,0,0,0,0,
30,24,0,0,47,0,0,
0,22,0,129,0,70,22,
81,0,0,0,0,0,0,
0,0,0,23,64,92,94,
0,0,0,0,30,60,0,
0,0,0,0,64,0,0,
0,0,0,0,0,0,0,
0,0,0,0,107,0,0,
0,37,0,0,0,34,65,
0,0,0,0,0,0,0,
0,0,0,0,0,0,0,
0,0,0,0,0,0,0,
0,0,0,0,0,0,0,
0,0,16,318,123,63,73,
0,0,0,0,0,0,0,
0,0,0,0,0,0,0,
0,0,0,56,91,34,0,
75,0,0,113,101,42,53,
0,0,0,152,141,0,49,
0,0,0,70,0,0,0,
0,0,34,28,31,33,0,
0,0,0,0,169,66,0,
0,0,134,31,103,0,0,
0,0,0,70,236,149,171,
0,0,32,0,33,0,0,
0,0,99,37,0,27,0,
27,21,27,0,37,32,0,
0,0,0,0,67,0,0,
0,0,105,268,139,30,0,
0,0,5,0,0,0,0,
0,0,0,6,59,0,0,
0,0,0,0,184,0,0,
0,0,0,0,0,0,109,
0,0,40,46,58,16,0,
0,0,0,0,38,0,0,
0,0,0,0,0,0,23,
0,0,38,0,0,0,0,
33,0,0,0,31,0,0,
206,344,1816,1894,1025,334,135,
0,0,0,34,16,0,0,
0,0,15,71,36,0,0,
0,0,19,29,0,0,0,
41,0,0,37,69,43,35,
124,138,1001,1491,784,494,179,
0,0,29,87,48,22,0,
22,0,0,35,125,0,0,
0,0,0,65,51,0,0,
0,0,0,0,30,116,78,
60,185,727,1567,302,595,265,
39,54,55,70,77,23,0,
36,0,74,74,132,0,0,
0,0,21,41,23,0,0,
0,0,43,23,30,0,0,
85,80,565,956,506,162,67,
0,0,26,94,45,86,0,
0,0,27,0,0,0,69,
0,0,58,0,0,0,25,
0,0,0,99,32,0,67,
78,28,221,205,190,185,131,
0,25,38,77,69,19,21,
0,0,0,0,0,24,0,
0,0,0,25,0,0,0,
0,0,0,0,35,0,0,
189,216,974,2847,1492,696,147,
0,0,0,28,0,0,0,
0,0,27,33,34,78,0,
0,0,28,101,54,89,29,
0,0,94,0,17,74,24,
0,90,388,2398,765,551,277,
0,0,0,30,47,0,0,
0,0,132,0,28,0,53,
20,0,37,28,158,34,35,
0,0,57,87,102,7,43,
95,360,588,1434,774,646,220,
0,0,53,166,47,21,7,
0,112,55,149,32,45,0,
0,0,0,43,0,22,0,
0,0,28,0,100,29,0,
72,313,990,1023,562,446,79,
27,121,0,81,20,0,29,
0,0,24,0,32,0,21,
0,0,0,80,30,0,0,
19,0,48,0,0,27,0,
306,294,622,648,248,185,98,
37,0,175,23,71,29,0,
0,0,0,0,0,0,0,
0,0,0,0,0,0,0,
0,0,33,30,0,0,0
*****