2010 Education by occupation in Louisiana, race/ethnicity, and gender for age 25+, wgtd 2008-10 ACS, SSDAN/U-Mich
5
AgeEduc,RaceEth,Gender,EducAll,Occup
5,7,2,7,6
25-34,35-44,45-54,55-64,65+
NhWhite,Black,Asian,Hispanic,AmIndian,NHOther,NHMulti
Male,Female
0-9Yrs,10-12Yrs,HSGrad,SomeColl,CollGrad,Masters,PhD-Prof
TopWC,OtherWC,Service,TopBC,OtherBC,Farm
168,343,293,2563,1623,146,563,835,586,4759,2142,268,2183,5130,3580,13094,7141,613,4538,9314,5568,9706,4528,384,10558,6507,1692,1905,714,157,2686,683,167,124,38,0,2419,255,91,88,0,0,
185,1101,1415,69,58,0,213,1795,1676,189,147,0,2818,12540,6349,612,429,270,6373,18315,6117,512,702,248,17452,9224,1562,202,265,89,4561,1817,207,0,35,135,1766,423,78,0,0,0,
0,133,777,552,989,21,303,459,2234,2530,1937,206,609,3130,4767,6057,7394,260,1504,3357,3331,2792,3894,38,1721,1374,365,293,757,21,545,133,0,43,0,0,343,0,0,0,0,0,
165,416,858,0,19,28,179,2021,2965,237,73,67,995,5263,9086,375,1066,71,3876,13246,7608,158,972,23,3542,3258,756,48,123,0,1585,798,250,0,0,0,431,124,0,0,0,0,
17,0,275,86,68,0,87,0,7,0,78,0,33,14,106,0,117,0,0,314,203,73,92,0,307,330,54,134,0,0,348,13,9,0,0,0,556,0,0,0,0,0,
0,0,86,0,44,0,0,0,0,0,26,0,0,57,223,0,21,0,114,449,180,34,0,0,627,484,3,0,0,0,518,147,0,0,0,0,307,29,0,0,0,0,
71,132,832,1408,198,144,0,0,241,261,374,0,44,510,515,2253,474,77,196,301,441,593,442,0,358,13,184,127,49,0,78,25,0,0,0,0,61,0,0,0,82,0,
151,145,359,155,101,13,0,83,230,0,60,0,316,642,476,0,48,0,272,643,892,257,86,0,384,300,280,0,47,0,366,0,0,19,0,0,119,10,0,0,0,0,
0,0,40,36,0,0,43,17,0,18,18,0,0,51,42,145,104,0,0,33,13,48,194,0,0,59,33,0,24,0,0,0,0,0,0,0,0,0,0,0,0,0,
0,0,0,0,0,0,0,49,29,0,0,0,30,50,155,73,8,0,6,222,41,0,9,0,128,34,0,0,0,0,30,0,0,0,0,0,0,0,0,0,0,0,
0,0,0,129,0,0,0,0,0,0,0,0,0,30,0,209,0,0,0,0,0,15,0,0,41,0,0,119,0,0,0,0,0,0,0,0,0,0,0,0,0,0,
0,0,95,0,8,0,0,0,0,0,0,0,0,113,49,0,0,0,0,39,88,0,15,0,0,0,0,0,0,0,0,0,0,0,0,0,0,0,0,0,0,0,
0,0,0,0,0,0,0,36,0,24,35,0,0,55,26,200,115,0,7,13,165,151,131,0,32,17,35,0,0,0,10,10,0,0,0,0,71,0,0,0,0,0,
0,0,5,0,0,0,0,51,72,0,15,0,65,123,248,0,0,5,63,325,175,0,40,0,135,15,0,0,0,0,0,70,0,0,0,0,0,0,0,0,0,0,
383,330,382,3378,2075,445,597,296,855,3195,1975,353,3847,6581,2809,14192,8152,663,6931,8172,4167,7335,4068,197,10822,5617,1225,1203,598,192,3019,1079,48,265,25,0,3735,296,72,24,0,0,
184,446,1184,140,203,71,235,1481,1220,91,136,9,3426,18177,6742,691,1878,144,8571,16428,4945,642,730,107,15565,5958,862,85,275,9,4607,1520,123,0,64,10,1857,194,31,0,0,0,
71,27,433,722,550,54,379,457,1650,1570,1015,363,1077,2346,4924,4955,6440,230,1147,2897,2826,3176,2941,0,2136,739,439,583,263,0,701,107,0,0,0,0,566,0,0,0,0,0,
97,277,1518,26,416,0,178,1743,2962,538,763,0,1381,6418,7295,411,1853,0,2767,9420,5797,103,763,0,3649,1866,504,46,88,0,1307,931,30,0,0,0,488,21,0,0,0,0,
99,0,43,0,0,0,89,0,0,78,153,27,52,82,81,158,97,0,126,92,134,25,152,38,400,54,103,0,95,0,294,80,0,0,0,0,476,0,0,0,0,0,
0,0,69,63,0,55,0,70,114,0,0,0,91,312,142,0,33,0,227,436,191,0,0,0,393,126,0,0,0,0,94,39,0,0,0,0,187,0,76,0,0,0,
66,43,241,1186,252,49,56,0,58,276,231,173,280,224,345,1695,401,77,292,442,104,745,484,0,489,386,140,197,0,0,156,0,24,7,0,0,142,0,0,0,0,0,
0,51,182,0,174,12,0,148,164,0,0,8,106,419,1134,41,25,29,390,602,461,20,138,0,546,432,113,134,0,29,249,20,0,0,0,0,46,19,0,0,0,0,
0,89,0,164,71,49,0,47,0,34,89,0,32,0,53,102,103,0,71,68,0,0,51,0,28,0,44,0,0,0,0,17,0,0,0,0,0,0,0,0,0,0,
0,6,57,0,98,0,0,12,30,0,0,0,59,83,199,0,211,0,101,62,212,36,114,0,71,7,0,0,0,0,28,0,0,0,0,0,0,0,0,0,0,0,
0,0,0,17,0,0,0,0,0,0,0,0,0,0,0,127,0,0,61,122,0,30,0,0,0,0,0,0,0,0,97,0,0,0,0,0,0,0,0,0,0,0,
0,0,0,0,0,0,0,0,0,0,0,0,0,0,0,0,0,0,6,0,0,0,0,0,0,0,0,0,0,0,0,0,0,0,0,0,0,0,0,0,0,0,
0,0,0,38,12,0,0,6,33,94,0,0,46,36,137,129,49,0,111,30,49,59,0,50,189,0,0,18,0,0,27,0,0,0,0,0,32,0,0,0,0,0,
0,0,27,0,0,0,0,22,0,0,0,0,89,43,203,41,0,0,38,161,6,0,0,0,40,57,27,0,23,0,56,0,0,0,0,0,0,0,0,0,0,0,
306,350,728,3354,2374,320,384,806,739,3918,2487,275,5672,7740,4226,17863,12181,1486,7623,8619,3055,8050,5552,268,12325,5859,994,1586,859,286,3866,1099,99,98,90,0,4826,262,20,35,134,37,
110,828,1171,378,272,0,205,1613,1668,120,471,24,5923,25340,8187,1248,2038,213,10117,19298,3232,340,955,0,14607,6043,603,142,306,59,6510,1352,127,50,48,22,1919,232,27,97,0,0,
0,215,715,1148,775,574,105,433,1591,2215,2455,227,951,2585,4337,6351,6826,511,1328,2995,2345,3375,2452,152,1458,1069,578,78,188,0,370,363,119,24,0,0,414,139,0,22,0,0,
0,444,986,0,235,0,181,876,4724,66,191,13,1553,5990,8047,160,2334,10,3066,9868,5039,300,1090,0,2896,2582,422,20,56,0,2076,562,0,0,0,0,623,80,0,0,0,0,
0,0,186,107,146,45,139,0,86,0,0,158,0,163,196,21,76,23,67,119,206,93,96,0,93,162,0,34,69,0,311,53,107,0,0,0,295,0,0,0,0,0,
163,18,163,162,95,32,0,34,83,23,0,0,90,40,240,0,117,0,65,359,112,0,0,0,231,113,135,0,0,0,101,218,30,0,0,0,39,0,0,0,0,0,
0,217,98,493,196,24,23,53,22,220,54,0,343,228,361,898,280,65,143,282,224,267,16,0,244,329,126,40,156,0,163,0,0,0,0,0,229,24,0,140,0,0,
0,0,227,0,0,104,47,29,34,0,35,0,28,664,567,75,169,0,346,608,352,0,25,0,497,222,28,0,26,0,48,49,0,0,0,0,71,90,0,0,0,0,
0,0,0,0,41,39,0,0,0,19,0,36,110,31,34,186,45,48,0,106,45,82,0,0,79,43,0,0,15,0,0,0,0,0,0,0,0,0,0,0,0,0,
0,0,31,0,0,0,0,0,38,0,0,0,22,311,124,0,0,0,22,118,41,0,0,0,100,22,0,0,0,0,0,0,0,0,0,0,0,0,0,0,0,0,
0,0,0,0,0,0,0,0,0,29,0,0,0,0,0,0,0,0,0,0,0,0,55,0,0,0,27,0,0,0,0,0,0,0,0,0,22,0,0,0,0,0,
0,0,26,0,0,0,0,0,0,0,0,0,0,36,0,0,0,0,0,0,4,0,0,0,22,0,15,0,11,0,0,0,0,0,0,0,0,36,0,0,0,0,
0,0,0,19,0,0,0,0,82,0,0,0,0,56,57,264,47,0,49,109,251,92,50,0,20,7,0,0,9,0,44,0,0,0,0,0,0,0,0,0,0,0,
0,0,42,0,0,0,0,0,7,0,0,0,34,235,59,0,28,0,82,415,22,0,24,0,152,97,0,0,0,0,25,0,0,0,0,0,0,0,0,0,0,0,
126,450,668,1738,1974,314,429,520,413,2261,1212,214,3228,6118,3007,10005,6376,448,5565,7614,2376,4995,3639,400,9850,6017,952,1454,705,288,4460,1317,199,164,294,16,3758,723,50,29,57,37,
150,801,1190,63,334,10,277,1322,1384,108,283,20,3997,17328,5524,702,1489,148,6384,13179,1872,266,367,58,8651,3821,280,167,86,103,5351,1723,36,0,0,33,1798,211,19,0,0,0,
18,199,558,769,1127,427,152,431,661,829,1415,80,580,730,2370,3081,2976,73,697,1499,1504,1356,1942,154,1006,732,212,351,342,0,873,0,8,0,30,0,557,0,58,0,0,0,
152,120,1047,0,219,0,120,296,2867,30,266,75,359,4188,5733,98,956,0,1435,4568,2553,101,470,34,2348,1450,443,34,103,0,1845,625,106,0,17,0,264,27,32,25,0,0,
0,19,115,0,88,0,36,198,95,0,99,0,0,0,56,60,202,0,19,57,22,85,37,0,70,66,0,24,0,17,43,92,0,0,0,0,127,0,0,0,0,0,
9,8,267,0,57,0,35,50,14,0,112,25,6,84,183,0,125,0,81,193,122,0,0,0,259,88,0,0,0,0,50,0,0,0,0,0,63,0,0,0,0,0,
0,0,44,136,100,32,27,11,63,86,14,21,112,270,18,444,48,52,171,155,78,60,78,0,277,212,60,0,85,0,93,0,0,0,0,0,241,0,0,17,0,0,
0,27,214,0,0,14,0,127,133,0,0,0,56,247,163,16,19,0,290,262,111,0,0,0,120,202,102,0,0,0,158,0,29,0,0,0,42,0,0,0,0,0,
0,0,18,27,5,0,0,0,0,28,13,0,31,12,13,100,48,0,57,51,0,42,102,0,0,0,0,58,8,0,0,26,0,0,0,0,0,0,0,0,0,0,
0,27,151,0,0,0,0,54,0,0,0,0,70,63,18,0,0,0,42,171,33,21,0,0,0,0,0,0,0,0,0,0,0,0,0,0,0,0,0,0,0,0,
0,0,0,0,0,0,0,0,0,0,0,0,0,0,0,0,0,0,0,0,0,0,50,0,0,0,0,0,0,0,0,0,0,0,0,0,0,0,0,0,0,0,
0,0,18,0,0,0,0,0,0,0,0,0,0,0,0,0,0,0,0,5,0,0,0,0,0,14,0,0,0,0,0,0,0,0,0,0,0,0,0,0,0,0,
0,34,21,0,0,0,0,0,0,34,22,16,21,34,20,206,56,0,0,8,15,17,11,0,47,0,0,60,0,0,62,0,0,0,0,0,22,0,0,0,0,0,
0,0,17,0,21,0,0,54,35,0,0,0,0,147,85,9,28,0,28,288,44,0,19,0,167,34,0,0,0,0,23,0,0,0,0,0,0,24,0,0,0,0,
327,590,658,977,762,588,339,453,470,964,360,85,1295,3204,2174,2625,3192,264,3318,3317,1168,1825,1252,152,3860,1792,323,372,292,150,1722,816,98,60,71,21,3489,347,5,0,0,52,
125,371,789,24,227,0,158,683,764,105,260,0,1496,8239,3050,129,502,78,2556,4733,816,164,195,8,2373,1462,189,6,49,24,1318,425,80,0,56,0,578,50,0,0,0,0,
52,88,752,255,726,225,95,97,352,255,141,27,176,477,1182,534,638,5,153,275,473,133,375,32,294,188,81,27,91,0,193,117,23,0,0,0,234,0,0,0,24,0,
21,208,1009,28,61,16,101,151,1258,49,128,27,244,1054,1966,44,201,0,431,951,421,20,8,0,697,385,59,0,66,0,906,76,31,0,0,0,17,70,0,0,0,0,
0,0,0,0,0,0,0,0,34,0,0,0,0,25,126,0,24,0,39,0,0,52,0,0,0,146,0,0,0,0,0,54,0,0,0,0,117,0,0,0,0,0,
0,0,17,0,39,0,7,0,0,0,0,5,0,46,61,0,0,0,0,34,0,0,0,0,0,34,53,0,0,0,0,155,0,0,0,0,25,0,0,0,0,0,
78,0,33,54,0,69,40,89,20,0,0,0,56,126,109,32,36,0,174,79,0,92,33,0,31,74,124,0,99,0,23,56,0,0,0,0,209,0,0,0,0,0,
0,25,29,0,0,0,0,0,0,25,0,0,5,272,108,0,68,0,53,137,63,0,0,0,41,46,0,0,0,0,0,13,37,0,0,0,27,0,0,0,0,0,
0,0,0,25,0,31,38,0,0,0,0,0,0,43,12,16,0,0,0,0,0,0,0,0,0,0,0,27,0,0,0,0,0,0,0,0,0,0,0,0,0,0,
0,9,73,0,0,0,0,0,0,0,0,0,0,0,50,0,0,0,0,57,0,0,0,0,0,0,0,0,0,0,0,0,0,0,0,0,0,0,0,0,0,0,
0,0,0,4,0,0,0,0,0,0,0,0,0,0,0,0,0,0,0,0,0,0,36,0,0,0,0,0,0,0,0,0,0,0,0,0,24,0,0,0,0,0,
0,0,0,0,0,0,0,0,7,0,0,0,0,0,0,0,0,0,0,0,0,0,0,0,0,0,0,0,0,0,0,0,0,0,0,0,0,0,0,0,0,0,
0,0,0,2,0,8,0,0,0,0,0,0,9,11,60,0,9,0,47,28,18,53,0,9,10,25,0,0,18,0,6,0,9,0,0,0,29,0,0,0,0,0,
0,0,15,0,0,0,0,0,19,0,0,0,0,92,18,0,0,0,0,8,31,0,0,0,7,0,0,0,0,0,0,0,0,0,0,0,17,0,0,0,0,0
*****