2010 Education by occupation in Maryland, race/ethnicity, and gender for age 25+, wgtd 2008-10 ACS, SSDAN/U-Mich
5
AgeEduc,RaceEth,Gender,EducAll,Occup
5,7,2,7,6
25-34,35-44,45-54,55-64,65+
NhWhite,Black,Asian,Hispanic,AmIndian,NHOther,NHMulti
Male,Female
0-9Yrs,10-12Yrs,HSGrad,SomeColl,CollGrad,Masters,PhD-Prof
TopWC,OtherWC,Service,TopBC,OtherBC,Farm
65,68,101,786,270,56,295,592,682,1713,961,45,2650,4640,3283,9490,4657,305,7044,9804,5001,7404,2350,124,18706,10023,3223,849,915,73,8335,1425,143,107,44,107,4797,456,92,0,0,0,
97,552,559,68,123,54,45,1334,1707,180,271,0,2023,8664,4523,145,762,145,7242,15004,5537,439,426,226,23811,12865,2819,324,338,124,12665,3636,500,24,36,0,4927,275,111,0,0,4,
0,237,386,107,320,0,94,1082,1245,985,998,0,1009,4130,3651,4476,5839,0,3832,7328,4621,2189,2879,43,5918,3932,1395,395,483,0,1659,572,37,0,0,0,629,114,0,30,0,0,
0,135,500,0,0,0,161,1228,2089,83,272,0,1731,8331,6108,176,653,96,5274,15655,6545,310,701,0,8620,7305,1321,48,63,0,5115,1778,311,89,33,0,1225,121,0,0,0,0,
16,63,93,0,39,0,0,46,146,49,280,0,123,460,53,415,268,0,602,1317,629,322,277,0,3360,1562,401,68,108,0,2677,662,0,0,0,0,2116,40,38,0,0,0,
23,0,99,0,0,0,0,38,104,0,27,0,36,554,307,0,104,0,875,1070,576,0,90,0,3585,1836,422,0,0,0,3248,711,51,0,83,0,1548,227,0,0,0,0,
224,418,2955,8201,1727,214,97,85,573,1307,519,0,330,478,1942,4150,795,45,1012,1526,1064,1150,472,83,1361,691,339,50,94,0,415,116,0,75,36,0,290,68,0,18,0,0,
316,421,4672,205,707,61,83,446,652,19,437,0,265,1364,2107,144,235,33,650,2234,1381,39,175,52,1088,1059,396,0,0,0,529,182,29,0,0,0,428,30,0,0,0,0,
0,0,0,32,21,0,0,15,25,60,80,0,0,68,29,18,38,0,65,37,0,0,83,0,133,77,0,0,0,0,0,0,0,0,0,0,0,0,0,0,0,0,
15,0,0,0,0,0,0,0,23,0,0,0,0,43,18,0,0,0,45,73,24,0,47,0,82,81,0,0,0,0,0,0,0,0,0,0,0,0,0,0,0,0,
0,0,0,181,0,0,0,0,24,0,0,0,0,109,0,0,27,0,35,0,22,0,154,0,38,29,0,0,0,0,46,32,0,0,0,0,52,0,0,0,28,0,
0,0,75,0,0,0,0,0,0,0,0,0,0,0,0,0,0,0,163,185,0,0,0,0,22,110,31,0,0,0,35,24,0,0,0,0,53,0,0,0,0,0,
0,0,65,0,59,0,0,0,36,0,49,11,103,567,111,441,94,0,293,499,227,134,304,0,272,206,68,0,88,0,175,0,0,0,0,0,73,0,0,0,0,0,
0,0,81,0,0,0,0,0,44,0,0,0,109,446,204,0,29,0,712,922,226,0,80,0,650,191,0,0,0,0,449,83,78,0,0,0,121,0,0,0,0,0,
305,96,222,661,710,66,500,535,574,2135,1320,167,4355,5870,2877,13957,5694,239,10352,9458,5066,7788,2702,228,19194,8707,1794,1293,780,103,11892,2324,336,168,193,0,9393,770,136,27,0,0,
24,542,823,25,41,38,143,1904,1312,212,283,54,4063,13303,7602,763,2014,203,11627,18401,6254,688,608,187,20938,9728,1860,230,371,176,16765,3438,281,63,80,0,7581,463,173,34,25,0,
118,310,362,389,571,67,385,815,971,1139,1278,0,1858,3551,6362,4856,5791,79,5526,7116,3925,3077,3687,0,6134,2902,1419,407,478,0,2899,1273,141,193,150,0,1606,66,0,74,41,0,
53,262,216,80,178,0,258,1557,1578,99,52,0,2319,10779,7973,222,945,49,9673,15637,6358,417,616,0,8908,4873,1160,0,275,0,5950,2361,429,0,197,0,1951,221,23,0,0,0,
15,0,307,99,82,0,0,58,193,40,337,0,20,473,522,275,446,0,715,734,321,368,95,0,3036,1302,305,281,107,0,3073,919,0,0,267,0,2391,285,26,20,0,0,
0,54,429,0,87,0,0,205,203,0,26,0,58,721,1437,65,86,0,474,995,785,25,0,0,4024,1511,543,25,25,0,2590,731,15,54,62,0,1768,116,30,0,0,0,
265,169,2447,5886,1197,122,36,61,279,918,223,0,414,217,1124,2272,714,22,298,460,320,1270,564,0,1227,656,327,536,193,0,779,114,36,0,0,0,472,0,51,216,0,0,
214,536,3337,166,280,52,22,304,1220,35,0,0,276,978,3161,101,171,21,524,1345,1311,0,49,0,1624,652,454,0,24,0,882,216,86,0,0,0,377,126,68,0,20,0,
0,0,42,152,0,0,0,20,0,0,0,0,58,0,90,64,66,0,40,0,78,65,0,0,48,0,0,25,89,0,23,0,0,0,0,0,63,0,0,41,0,0,
35,0,77,0,32,0,0,0,90,0,0,0,148,32,220,0,0,0,117,142,0,0,0,0,38,58,26,0,0,0,84,29,0,0,0,0,24,0,0,0,0,0,
0,0,34,86,22,0,0,0,0,0,0,0,23,0,0,127,0,0,21,0,65,96,0,0,31,34,0,0,0,0,62,0,0,0,0,0,27,0,0,0,0,0,
0,0,0,0,0,0,0,0,0,0,0,0,0,0,57,0,0,0,24,135,0,31,0,0,168,0,45,0,0,0,70,0,0,0,0,0,49,0,0,0,0,0,
0,0,0,21,0,0,0,0,0,0,0,0,54,175,25,337,117,0,348,357,64,215,56,0,306,220,23,0,0,0,193,75,0,0,0,0,178,0,0,0,0,0,
0,0,0,0,0,0,0,13,0,77,0,0,67,246,22,0,0,0,238,1036,400,0,7,0,369,164,0,22,0,0,185,83,37,0,0,0,232,0,0,0,0,0,
172,199,681,1275,714,17,501,535,680,3619,1628,161,6338,7646,3927,16638,8414,731,13079,11300,4006,9817,4078,211,23234,9522,2038,2365,1231,235,15146,2965,845,301,272,115,11427,911,204,38,76,0,
0,527,615,63,341,0,137,1350,1192,77,180,33,5268,22015,7967,849,2081,521,16728,26662,6525,709,775,173,22332,10345,2083,231,399,127,16451,4058,511,127,23,59,7348,606,97,31,0,0,
30,338,409,684,673,0,298,542,1447,1754,1717,18,1491,4927,5280,4959,6509,120,3195,5438,4212,3933,2548,26,5284,3399,794,294,497,0,2823,1036,230,86,26,0,1244,370,44,0,21,0,
7,507,668,84,88,0,469,787,2410,89,482,0,3195,9554,9150,232,1736,0,8595,15791,4845,480,1069,0,8442,4678,817,202,0,52,5124,1558,180,21,203,0,2085,338,30,0,0,0,
0,33,425,45,241,0,0,33,88,131,65,0,141,504,145,424,155,0,409,730,152,141,173,0,1624,1050,199,189,300,30,1978,395,57,85,164,0,2139,372,46,29,24,0,
144,133,552,0,71,9,38,83,214,11,125,0,155,903,1239,84,162,0,567,843,499,35,138,0,1673,1699,433,0,145,0,1145,467,0,0,0,0,1112,149,0,24,22,0,
181,76,1089,2598,257,31,0,95,284,522,0,0,295,112,625,1456,335,28,226,702,381,987,428,27,792,295,292,445,87,0,770,191,67,0,0,0,731,81,31,22,0,0,
0,154,2173,157,299,0,100,163,377,0,136,0,260,690,1363,77,150,0,658,1232,1135,56,169,23,858,538,414,28,0,0,817,135,30,0,22,0,467,35,58,0,17,0,
0,0,0,0,0,23,0,0,30,90,0,0,0,0,20,21,66,0,57,62,119,68,34,0,0,0,0,0,0,0,0,62,0,0,0,0,0,0,0,0,0,0,
0,0,10,0,0,0,0,0,0,0,0,0,41,28,56,0,22,0,104,140,0,0,103,0,0,0,36,0,0,0,57,0,0,0,0,0,0,10,0,0,0,0,
30,0,0,0,0,0,0,0,24,0,22,0,30,0,34,24,0,0,0,0,23,0,113,0,32,28,0,0,0,0,97,36,0,0,0,0,22,0,0,0,0,0,
0,0,0,0,0,0,0,21,0,0,0,0,0,70,27,0,0,0,29,78,0,0,0,0,200,65,0,0,0,0,104,54,0,0,0,0,144,0,0,0,0,0,
0,0,36,0,45,0,0,44,0,195,0,0,105,45,165,146,0,0,386,341,77,207,117,0,364,84,0,0,0,0,249,124,0,32,0,0,78,0,23,0,0,0,
0,19,12,0,42,0,0,96,72,0,0,0,23,12,79,35,62,0,402,426,137,0,20,0,292,190,0,0,0,0,222,80,85,0,0,0,77,56,44,0,0,0,
219,215,417,1251,1046,81,241,697,426,2089,1256,16,4501,7147,2901,8937,5049,784,9456,8204,2867,5537,3188,265,17168,6909,1751,1171,808,149,14635,2926,718,310,310,0,13626,1243,30,20,68,0,
128,463,599,28,233,0,165,1605,1360,77,606,51,4526,18248,6395,331,2160,338,9643,17343,3727,531,1040,148,13734,7464,955,161,82,36,15707,4008,449,30,74,89,5487,569,60,23,58,0,
106,178,553,302,640,41,74,446,1048,605,812,142,986,2959,3210,2436,3326,143,2687,3636,2396,1474,2585,25,2493,2210,402,120,560,0,2677,724,215,0,23,0,1368,459,118,36,0,0,
119,174,579,85,79,0,117,986,2160,163,398,0,1813,7049,5201,64,1102,0,5315,10464,2256,83,376,0,4328,2387,307,27,0,0,4488,1337,59,0,0,0,1251,256,29,0,0,0,
31,119,233,132,128,4,32,44,90,0,111,0,138,510,385,181,405,0,335,647,282,221,75,0,1130,1049,165,165,122,0,851,349,82,22,0,0,1377,58,0,0,58,0,
60,194,899,19,123,0,23,92,254,0,217,0,108,637,580,25,158,25,327,701,407,0,164,0,1140,1085,188,26,45,0,858,344,42,0,51,0,456,59,0,0,0,0,
0,94,610,719,137,101,109,21,107,29,142,0,49,115,297,490,84,0,93,281,306,233,123,0,353,116,169,56,0,0,279,276,75,0,0,0,245,0,7,0,0,0,
0,145,806,50,56,0,0,58,232,0,0,0,0,355,577,20,0,0,255,864,321,0,25,0,296,127,237,25,0,0,87,54,0,0,0,0,247,38,0,0,0,0,
16,0,94,0,69,0,0,29,0,0,0,0,0,25,0,61,63,14,13,29,0,20,31,32,35,0,0,0,0,0,21,24,0,0,0,0,0,0,0,0,0,0,
0,0,0,0,0,0,38,0,0,0,0,0,61,90,65,0,0,0,18,51,0,0,0,0,165,0,0,0,0,0,135,0,0,0,0,0,0,0,0,0,0,0,
0,0,0,0,0,0,0,0,0,0,0,0,0,0,0,0,0,0,0,0,0,0,0,0,137,0,0,0,0,0,118,0,0,0,0,0,94,0,0,0,0,0,
0,0,0,0,0,0,0,0,0,0,0,0,0,110,0,0,0,0,22,6,0,0,0,0,33,0,0,0,0,0,30,0,0,0,0,0,109,0,0,0,0,0,
14,0,0,31,0,0,0,16,24,0,0,0,25,88,142,102,17,0,26,233,43,132,67,0,73,130,32,0,0,0,42,31,0,0,0,0,92,0,30,0,0,0,
0,37,0,0,19,0,0,56,0,0,35,0,54,379,98,0,37,0,203,274,99,28,15,0,237,33,24,0,0,0,102,119,0,0,40,0,76,0,0,0,0,0,
117,227,563,1573,635,229,220,558,824,851,803,118,1965,3471,2262,3074,3436,550,3050,4291,1412,1682,1191,100,5974,3154,545,375,546,151,5056,1490,328,252,157,21,8077,706,88,28,59,97,
0,597,768,49,206,24,98,1076,844,57,320,25,2180,9704,2774,169,1352,48,3571,7960,1176,168,165,64,4066,2689,434,28,0,48,4224,1267,80,0,102,0,1685,207,44,0,0,0,
20,131,441,216,494,0,216,296,650,210,539,134,231,987,1121,839,1125,8,575,1138,886,318,672,22,867,519,367,23,334,0,488,280,146,24,22,0,776,231,22,31,0,0,
130,248,639,0,0,0,83,452,876,47,0,0,521,2870,1531,18,252,0,937,2423,1365,32,63,0,1022,671,50,0,0,0,1250,211,77,0,0,0,311,169,0,0,0,0,
0,0,48,26,61,0,41,26,23,0,53,0,84,191,104,78,148,0,18,177,131,26,101,0,514,151,85,0,114,0,491,36,0,0,24,0,849,209,0,0,0,0,
0,28,82,28,86,0,0,56,0,24,0,0,40,0,287,0,39,0,22,130,183,62,0,0,197,316,32,0,38,0,133,80,32,0,20,0,482,0,0,0,27,0,
0,0,168,25,114,0,0,0,14,93,16,0,0,24,239,24,45,2,44,34,0,73,68,0,36,38,55,0,18,0,141,41,0,0,0,0,222,0,0,0,0,0,
0,18,240,0,47,0,0,13,88,0,0,0,0,446,111,0,19,0,60,164,116,13,87,0,8,173,0,0,0,0,39,39,0,0,0,0,89,0,0,0,0,0,
0,0,0,23,0,0,0,0,0,0,14,0,0,0,13,25,0,0,0,35,20,0,0,0,0,0,0,0,0,0,0,0,0,0,0,0,36,0,0,0,0,0,
0,0,17,0,0,0,0,0,0,0,24,0,0,17,0,0,0,0,0,29,0,0,0,0,0,0,0,0,0,0,21,0,0,0,0,0,0,0,0,0,0,0,
0,0,0,0,0,0,0,0,0,0,0,0,0,0,0,0,0,0,0,0,0,0,0,0,0,0,0,0,0,0,0,0,0,0,0,0,0,0,0,0,0,0,
0,0,0,0,0,0,0,0,0,0,0,0,0,0,38,0,0,0,0,0,0,0,0,0,0,31,32,0,0,0,0,0,0,0,0,0,23,0,0,0,0,0,
0,0,0,0,0,0,0,0,0,25,0,0,6,0,0,0,29,0,0,83,0,0,0,0,22,0,25,0,0,0,24,32,0,0,0,0,0,0,0,0,0,0,
0,0,0,0,0,0,0,0,111,0,0,0,0,81,56,0,0,0,18,93,75,0,31,0,22,72,0,0,0,0,124,0,0,0,0,0,58,28,0,0,0,0
*****