2010 Education by Immigration status in Wyoming, race/ethnicity, gender, age 25+, wgtd 2008-10 ACS, SSDAN/U-Mich
5
RaceEth,Gender,AgeEduc,Immentry,EducAll
7,2,5,5,7
NhWhite, Black, Asian, Hispanic, AmIndian, NHOther,NHMulti
Male, Female
25-34,35-44,45-54,55-64,65+
Native,FB<1980,FB80-89,FB90-99,FB00-Current
0-9Yrs,10-12Yrs,HSGrad,SomeColl,CollGrad,Masters,PhD-Prof
683,1447,10783,12446,5507,827,537,
0,0,0,0,0,0,0,
0,0,0,0,0,0,0,
0,0,0,0,0,0,0,
0,16,0,56,67,20,0,
77,916,10124,11477,4803,1728,978,
0,0,37,0,0,0,0,
0,0,0,22,0,0,0,
0,0,0,0,0,0,0,
0,0,7,0,0,0,61,
374,1436,14676,14070,4858,1769,912,
0,35,0,0,82,0,70,
0,0,0,0,0,0,0,
0,0,7,0,0,0,0,
0,0,0,0,0,0,0,
389,1111,8805,12549,5838,2875,1480,
24,0,169,22,37,0,36,
0,0,0,0,0,0,0,
0,0,9,0,0,0,41,
0,0,0,0,44,0,0,
2670,1684,9001,7726,4114,2646,1405,
73,0,138,116,25,42,0,
0,0,0,0,0,0,0,
0,0,0,0,0,91,0,
0,0,0,0,0,0,0,
306,1000,6291,13459,6365,1309,351,
0,0,0,0,0,0,0,
0,0,0,0,0,0,0,
0,0,0,0,0,0,0,
0,0,0,84,69,0,0,
241,642,7201,11096,6184,1411,393,
0,0,0,0,103,93,0,
132,0,0,0,0,50,0,
0,0,41,0,0,0,0,
0,0,0,53,20,43,0,
557,1345,11073,15268,6036,2455,657,
0,0,115,67,139,0,0,
0,0,0,0,6,0,0,
0,0,0,76,0,0,0,
30,0,0,0,8,0,21,
359,1130,8049,13247,4794,2757,806,
43,26,65,30,103,0,0,
0,0,0,0,0,0,0,
0,0,36,0,38,0,0,
0,0,68,0,0,81,0,
2382,2391,13678,9851,3870,1322,266,
148,7,238,138,26,31,48,
0,0,0,0,0,0,0,
0,0,0,0,0,0,85,
0,0,0,0,0,0,0,
0,0,76,68,24,17,0,
0,0,0,0,0,0,0,
0,0,0,0,0,0,0,
0,0,0,0,0,0,0,
0,0,14,21,0,0,0,
0,51,165,84,18,20,0,
0,0,0,0,0,0,0,
0,0,0,0,0,0,0,
0,0,0,19,0,0,0,
0,0,0,0,0,0,0,
0,0,72,133,54,83,0,
0,0,0,0,0,0,0,
0,0,0,0,0,0,0,
0,0,0,0,0,0,41,
0,0,0,0,0,0,0,
0,0,0,88,102,34,0,
0,0,0,0,0,0,0,
0,0,0,0,0,0,0,
0,0,0,0,0,0,0,
0,0,0,0,0,0,0,
110,21,182,67,10,0,0,
0,0,0,0,0,0,0,
0,0,0,0,0,0,0,
0,0,0,0,0,0,0,
0,0,0,0,0,0,0,
0,0,97,0,11,18,0,
0,0,0,0,0,0,0,
0,0,0,0,0,0,0,
0,0,0,48,0,0,0,
0,0,0,0,0,0,0,
0,0,98,14,0,0,0,
0,0,0,0,0,0,0,
0,0,0,0,0,0,0,
0,0,0,0,0,0,0,
0,0,0,0,0,0,0,
0,0,63,10,24,0,0,
0,0,0,0,0,0,0,
0,0,0,0,0,0,0,
0,0,0,0,0,49,0,
0,0,0,0,0,0,0,
0,0,35,27,0,0,0,
0,0,0,0,0,0,0,
0,0,0,0,0,0,0,
0,0,0,0,0,0,0,
0,0,0,0,0,0,0,
0,47,145,59,4,0,0,
0,0,0,0,0,0,0,
0,0,0,0,0,0,0,
0,0,0,0,0,0,0,
0,0,0,0,0,0,0,
6,0,0,0,45,0,0,
0,0,0,0,0,0,0,
0,0,59,25,0,0,0,
0,0,0,0,0,0,0,
0,32,0,20,0,30,33,
0,0,126,0,0,0,0,
0,0,0,0,0,0,0,
0,0,9,0,0,0,0,
0,0,0,0,0,0,31,
0,0,0,43,54,0,34,
0,0,52,0,0,0,0,
0,0,0,0,0,0,0,
0,0,0,0,22,0,0,
0,0,0,0,0,0,0,
0,0,0,0,36,0,0,
0,0,0,56,0,0,0,
0,0,0,0,0,0,0,
0,0,0,0,0,0,0,
0,0,0,0,0,0,0,
0,0,0,86,0,0,0,
0,0,81,0,0,0,0,
0,0,0,0,34,0,0,
0,0,0,0,0,0,0,
0,0,0,0,0,0,0,
0,0,0,0,0,0,0,
0,19,0,81,9,0,0,
0,0,0,0,0,0,0,
0,0,27,0,0,0,0,
0,0,34,0,0,0,0,
0,66,0,37,0,102,0,
0,0,0,151,0,0,0,
0,0,0,0,0,0,0,
0,0,0,0,20,0,0,
0,0,29,0,72,0,95,
18,0,0,5,43,0,100,
0,0,295,0,16,0,28,
0,0,0,0,0,0,0,
40,0,0,50,0,0,0,
0,0,0,0,0,0,0,
0,0,0,86,104,0,0,
0,0,0,33,95,47,0,
0,0,25,110,0,0,0,
0,0,0,0,13,0,0,
0,0,0,0,0,0,0,
0,0,0,0,0,0,0,
0,0,0,25,0,0,0,
0,0,135,0,0,0,0,
0,0,0,0,0,0,12,
0,0,0,0,0,0,0,
0,0,0,0,0,0,0,
119,187,1359,636,161,0,0,
0,0,0,0,0,0,0,
24,0,0,0,83,0,0,
148,0,216,113,0,0,0,
201,29,424,57,0,83,0,
29,6,742,598,87,319,0,
23,0,141,0,0,0,0,
47,29,204,44,0,0,0,
312,0,59,23,0,0,0,
223,0,0,0,0,0,0,
89,180,587,339,147,0,56,
108,16,11,49,68,0,0,
23,0,54,0,43,0,0,
0,34,157,101,0,0,0,
47,9,119,110,0,0,0,
99,236,466,381,33,59,0,
98,0,50,20,0,0,0,
0,0,0,0,0,0,0,
0,0,0,0,0,0,0,
158,0,0,0,0,0,0,
377,218,111,144,0,28,0,
77,42,62,0,0,0,0,
0,0,0,0,0,0,0,
0,0,0,0,0,0,0,
0,0,0,0,0,0,0,
193,73,755,1364,182,124,0,
0,0,22,0,0,0,0,
0,0,0,168,0,0,0,
147,46,0,44,0,0,0,
151,101,123,108,11,71,0,
114,81,544,513,148,55,92,
0,14,0,0,0,0,0,
0,0,0,98,0,0,0,
0,0,57,140,0,0,0,
76,49,144,149,17,0,0,
72,0,817,765,123,106,35,
29,0,93,0,0,0,0,
0,0,32,30,0,0,0,
55,0,99,0,0,0,0,
0,0,32,0,0,0,0,
173,42,638,435,38,0,0,
0,30,0,0,0,0,0,
0,0,0,0,0,0,0,
0,0,0,65,0,0,0,
81,0,0,0,0,0,0,
135,126,445,245,40,0,0,
51,0,0,0,0,0,0,
0,0,0,0,0,0,0,
0,0,0,0,0,0,0,
17,0,55,0,0,0,0,
100,115,238,258,32,0,0,
0,0,0,0,0,0,0,
0,0,0,0,0,0,0,
0,0,0,0,0,0,0,
0,0,0,0,0,0,0,
58,0,302,556,31,17,0,
0,0,0,0,0,0,0,
0,0,0,0,0,0,0,
0,0,0,0,0,0,0,
0,0,0,0,0,0,0,
111,101,195,263,394,0,0,
0,0,0,0,0,0,0,
0,0,0,0,0,0,0,
0,0,0,0,0,0,0,
0,0,96,0,0,0,0,
59,16,159,73,25,0,0,
0,0,0,0,0,0,0,
0,0,0,0,0,0,0,
0,0,0,0,0,0,0,
0,0,0,0,0,0,0,
149,28,27,56,3,0,25,
0,0,0,0,0,0,0,
0,0,0,0,0,0,0,
0,0,0,0,0,0,0,
0,0,0,0,0,0,0,
22,30,218,412,0,94,0,
0,0,0,0,0,0,0,
0,0,0,0,0,0,0,
0,0,0,0,0,0,0,
0,0,0,0,0,0,0,
0,104,138,596,14,0,14,
0,0,0,0,0,0,0,
0,0,0,0,0,0,0,
0,0,0,0,0,0,0,
0,0,0,0,0,0,0,
90,34,382,333,24,0,0,
0,14,0,0,0,0,0,
0,0,0,0,0,0,0,
0,0,0,0,0,0,0,
0,0,0,0,0,0,0,
0,15,22,326,36,16,0,
0,0,0,16,0,0,0,
0,0,0,0,0,0,0,
0,0,0,0,0,0,0,
0,0,0,0,0,0,0,
37,77,52,62,50,0,51,
0,0,0,0,0,0,0,
0,0,0,0,0,0,0,
0,0,0,0,0,0,0,
0,0,0,0,0,0,0,
0,0,0,0,0,0,0,
0,0,0,0,0,0,0,
0,0,0,0,0,0,0,
0,0,0,0,0,0,0,
0,0,0,0,0,0,0,
0,0,0,21,0,0,0,
0,0,0,0,0,0,0,
0,0,0,0,0,0,0,
0,0,0,0,0,0,0,
0,0,27,0,0,0,0,
0,0,0,0,0,0,20,
0,0,0,0,0,0,0,
0,0,0,0,0,0,0,
0,0,0,0,0,0,0,
0,0,0,0,0,0,0,
0,0,24,0,0,0,0,
0,0,0,0,0,0,0,
0,0,0,0,0,0,0,
0,0,0,0,0,0,0,
0,0,0,0,0,0,0,
0,0,0,0,0,0,0,
0,0,0,0,0,0,0,
0,0,0,0,0,0,0,
0,0,0,0,0,0,0,
0,0,0,0,0,0,0,
0,0,0,0,15,0,0,
0,0,0,0,0,0,0,
0,0,0,0,0,0,0,
0,0,0,0,0,0,0,
0,0,0,0,0,0,0,
0,0,0,20,0,0,0,
0,0,0,0,0,0,0,
0,0,0,0,0,0,0,
0,0,0,0,0,0,0,
0,0,0,105,0,0,0,
0,0,0,0,0,0,0,
0,0,0,0,0,0,0,
0,0,0,0,0,0,0,
0,0,0,0,0,0,0,
0,0,0,0,0,0,0,
0,0,0,0,0,0,0,
0,0,0,0,0,0,0,
0,0,0,0,0,0,0,
0,0,0,0,0,0,0,
0,0,0,0,0,0,0,
0,0,0,0,0,0,0,
0,0,0,0,0,0,0,
0,0,0,0,0,0,0,
0,0,0,0,0,0,0,
0,0,0,0,0,0,0,
0,0,189,100,25,0,0,
0,0,0,0,0,0,0,
0,0,0,0,0,0,0,
0,0,0,0,0,0,0,
0,0,0,0,0,32,0,
0,19,72,419,0,24,0,
0,0,0,0,0,0,0,
0,0,0,0,0,0,0,
0,0,0,0,0,0,0,
0,0,0,0,0,0,0,
0,77,77,163,79,0,0,
0,0,0,0,0,0,0,
0,0,0,0,0,0,0,
0,0,0,0,0,0,0,
0,0,0,0,0,0,0,
0,0,44,215,25,5,0,
0,0,0,0,0,0,0,
0,0,0,0,0,0,0,
0,0,0,0,0,0,0,
0,0,0,0,0,0,0,
49,44,36,42,21,30,0,
0,0,0,0,0,0,0,
0,0,0,0,0,0,0,
0,0,0,0,0,0,0,
0,0,0,0,0,0,0,
0,0,133,254,137,0,0,
0,0,0,0,0,0,0,
0,0,0,0,0,0,0,
0,0,0,0,0,0,0,
0,0,0,0,0,0,0,
0,0,117,333,54,32,0,
0,0,0,0,0,0,0,
0,0,0,0,0,0,0,
0,0,0,0,0,0,0,
0,0,0,0,0,27,0,
0,18,95,537,44,0,42,
0,0,0,0,0,0,0,
0,0,0,0,0,0,0,
0,0,0,0,0,0,0,
0,0,0,0,0,0,0,
0,0,68,185,0,37,50,
0,0,0,0,0,0,0,
0,0,0,0,0,0,0,
0,0,0,0,0,0,0,
0,0,0,0,0,0,0,
0,27,82,66,69,13,24,
0,0,22,0,0,0,0,
0,0,0,0,0,0,0,
0,0,0,0,0,0,0,
0,0,0,0,0,0,0
*****