2010 Education by Immigration status in Alaska, race/ethnicity, gender, age 25+, wgtd 2008-10 ACS, SSDAN/U-Mich
5
RaceEth,Gender,AgeEduc,Immentry,EducAll
7,2,5,5,7
NhWhite, Black, Asian, Hispanic, AmIndian, NHOther,NHMulti
Male, Female
25-34,35-44,45-54,55-64,65+
Native,FB<1980,FB80-89,FB90-99,FB00-Current
0-9Yrs,10-12Yrs,HSGrad,SomeColl,CollGrad,Masters,PhD-Prof
676,1020,9978,13375,5937,1366,341,
0,0,0,0,0,0,0,
0,0,0,0,37,0,0,
0,0,112,132,0,0,0,
0,0,56,265,62,0,0,
558,1012,8660,11862,7100,1858,947,
0,0,51,0,0,0,0,
0,39,23,0,43,0,0,
0,49,78,0,0,85,0,
0,0,0,43,0,54,0,
552,1567,12532,13979,7783,2847,1721,
17,19,110,83,86,0,12,
0,32,48,41,39,0,0,
0,0,114,0,70,71,86,
0,0,63,0,0,0,31,
506,789,6791,12162,7655,3950,1657,
37,0,99,258,9,70,153,
0,18,0,13,124,12,0,
33,0,0,35,17,10,0,
0,0,12,61,28,0,0,
1059,1101,4589,5838,3142,1703,1406,
37,13,250,163,65,43,37,
16,0,0,0,0,0,65,
0,0,0,0,35,21,0,
0,0,0,0,0,0,0,
409,360,5587,11300,8832,1756,414,
0,0,0,15,0,0,0,
0,0,0,0,0,0,0,
0,0,47,18,52,0,0,
0,0,0,447,368,48,126,
144,763,5521,12105,7447,2318,886,
0,0,0,0,16,0,0,
0,67,54,19,0,0,0,
0,0,135,87,43,0,0,
0,0,7,262,103,51,33,
211,785,7253,15308,7678,3529,1292,
30,0,102,207,34,90,56,
0,27,71,42,23,0,0,
0,40,0,10,180,152,51,
0,99,45,148,26,83,31,
153,802,4832,11424,6011,3219,1002,
82,40,172,434,147,31,0,
0,0,0,0,36,20,0,
0,0,55,0,0,0,18,
0,0,0,51,0,0,0,
873,1306,5140,5974,2616,1620,408,
216,106,400,383,171,69,0,
133,0,0,0,22,0,0,
0,0,0,20,0,33,0,
0,0,10,26,0,0,0,
12,31,489,1088,221,0,28,
0,0,0,0,0,0,0,
0,0,0,0,0,0,0,
0,0,0,88,0,0,0,
95,0,71,123,0,0,0,
17,40,457,944,238,113,0,
0,0,29,0,0,0,0,
0,0,0,0,0,72,0,
0,0,0,46,0,0,0,
18,0,63,50,0,0,0,
20,55,561,659,85,64,0,
0,0,0,0,20,0,0,
0,42,416,50,35,0,0,
0,0,0,0,0,0,0,
0,0,0,0,30,0,0,
0,41,196,383,136,58,0,
0,0,0,0,0,0,0,
0,0,0,30,0,0,0,
0,0,0,0,0,0,0,
23,0,0,0,0,0,0,
85,0,111,243,0,30,0,
0,0,0,0,0,0,0,
0,0,0,0,0,0,20,
0,0,0,0,0,0,0,
0,0,0,0,0,0,0,
0,75,96,1132,135,71,0,
0,0,0,0,36,0,0,
0,0,0,0,0,0,0,
0,0,0,74,47,0,0,
0,0,0,89,0,0,0,
0,105,264,753,213,0,0,
0,0,0,0,0,0,0,
0,0,0,0,0,0,0,
0,0,0,0,14,0,0,
0,0,0,0,30,0,0,
61,26,437,566,312,44,0,
0,0,0,29,0,0,0,
0,0,0,53,0,0,0,
0,0,0,0,0,0,0,
0,0,0,21,0,0,0,
25,0,126,335,143,142,0,
0,0,0,0,0,0,0,
29,0,0,0,0,0,0,
0,0,0,64,0,0,0,
0,0,0,0,0,0,0,
80,128,261,156,0,0,35,
0,11,0,0,0,0,0,
0,0,0,0,0,0,0,
27,0,0,0,0,0,0,
44,0,0,0,0,0,0,
0,0,582,133,257,0,0,
0,0,0,0,0,0,0,
0,0,198,285,63,53,0,
0,97,92,364,124,0,0,
43,0,66,227,94,93,84,
0,0,246,319,25,0,0,
0,0,32,0,150,0,30,
0,81,433,366,88,0,48,
88,0,369,427,68,0,70,
46,83,132,380,75,0,0,
81,0,117,231,25,11,0,
0,19,96,152,0,0,81,
152,23,195,237,142,69,0,
0,0,497,152,119,6,0,
101,0,341,108,77,111,27,
0,35,39,133,50,101,0,
147,0,0,145,34,0,0,
24,0,143,151,22,52,0,
0,0,222,57,0,0,0,
48,108,191,36,193,0,0,
6,62,5,66,0,0,0,
0,0,76,326,33,0,119,
65,51,36,93,0,0,0,
157,42,178,23,67,0,0,
0,0,55,0,0,0,0,
0,82,629,317,91,0,0,
0,0,0,0,0,0,0,
0,78,33,0,43,0,0,
0,0,94,387,32,0,0,
0,16,131,103,310,47,29,
78,0,401,359,0,67,0,
0,42,0,35,0,0,0,
36,245,335,308,0,91,0,
215,49,436,337,304,35,0,
53,0,154,124,545,0,0,
0,0,195,307,65,0,0,
96,27,197,125,0,0,0,
86,80,196,251,121,16,0,
100,82,344,265,469,0,0,
49,0,136,80,128,37,0,
51,0,137,173,63,64,0,
88,41,223,64,203,0,0,
0,0,49,154,32,0,0,
163,180,270,36,105,0,0,
176,64,131,33,259,64,0,
36,0,0,0,17,0,28,
24,31,114,201,22,17,0,
217,122,208,0,20,0,0,
58,0,72,295,48,0,0,
38,0,45,38,50,0,0,
249,156,308,1049,197,56,36,
0,0,0,0,0,0,0,
78,0,47,21,0,0,0,
147,56,0,21,0,0,0,
126,60,18,240,0,0,0,
33,65,318,593,202,153,0,
0,0,31,0,0,0,0,
116,45,113,118,60,0,0,
162,46,0,153,0,0,0,
25,56,166,0,0,0,90,
152,214,507,413,239,20,0,
40,127,170,0,0,0,0,
223,112,0,58,0,0,0,
26,0,0,0,0,0,0,
0,0,0,0,0,0,0,
0,0,77,315,117,194,0,
0,28,93,68,31,0,34,
222,0,54,0,0,0,0,
0,0,0,0,0,0,0,
0,0,0,0,0,0,0,
59,0,0,23,0,0,0,
0,30,28,78,0,0,12,
0,0,0,0,0,0,0,
84,0,0,0,0,0,0,
0,133,0,0,0,0,0,
70,46,624,870,430,88,38,
0,0,0,0,0,0,0,
0,0,125,71,0,0,0,
0,0,0,74,54,0,0,
33,0,47,39,22,0,0,
0,148,266,754,166,128,55,
0,0,0,107,83,0,0,
35,0,0,273,0,0,0,
22,16,198,0,29,0,0,
0,0,0,92,26,0,0,
56,79,241,175,253,145,0,
9,0,0,107,51,0,0,
0,27,58,68,0,0,0,
0,0,80,107,0,39,0,
0,115,41,17,23,0,0,
0,40,287,344,0,49,0,
53,59,55,0,0,0,0,
0,25,0,165,0,0,0,
113,0,64,0,0,0,0,
115,0,0,0,0,0,0,
29,25,26,54,0,34,0,
64,60,0,0,0,32,0,
0,0,0,0,0,0,0,
0,0,0,0,0,0,0,
0,0,0,0,0,0,0,
263,705,3052,2150,192,37,0,
0,0,0,0,0,0,0,
0,0,0,0,0,0,0,
0,0,0,0,0,0,0,
0,0,0,0,0,0,0,
210,574,3555,1423,228,69,0,
0,0,0,24,0,0,0,
0,0,0,0,0,0,0,
0,0,0,0,0,0,0,
0,0,0,9,0,0,0,
142,567,2955,1819,159,64,0,
0,0,0,0,0,0,0,
0,0,0,0,0,0,0,
0,0,8,0,0,0,0,
0,0,0,0,0,0,0,
313,125,2121,1725,157,95,119,
0,0,0,0,30,0,0,
55,0,0,0,0,0,0,
0,0,0,0,0,0,0,
0,0,0,0,0,0,0,
1442,110,646,486,19,0,0,
0,0,30,0,0,0,0,
0,0,0,0,0,0,0,
0,0,0,0,0,0,0,
0,0,0,0,0,0,0,
177,737,2264,2444,470,0,0,
0,0,0,0,0,0,0,
0,0,0,0,0,0,0,
0,0,0,0,0,0,0,
0,0,0,0,0,0,0,
418,332,2747,2475,393,296,29,
0,0,0,0,0,0,0,
0,0,0,0,0,0,0,
0,0,0,28,0,0,0,
0,0,0,0,0,0,0,
396,572,2295,2735,478,17,0,
0,0,0,0,0,0,0,
0,0,0,0,0,0,0,
0,0,0,0,0,0,0,
0,0,0,0,0,0,0,
408,325,1391,1878,174,128,83,
0,0,0,0,0,0,0,
0,0,0,0,0,0,0,
0,0,0,0,0,0,0,
0,0,0,0,0,0,0,
1685,305,913,778,43,0,0,
0,0,0,31,0,7,0,
0,0,0,0,0,0,0,
0,0,0,0,0,0,0,
0,0,0,0,0,0,0,
0,0,0,0,34,0,0,
0,0,0,0,0,0,0,
0,0,0,0,0,0,0,
0,0,0,0,0,0,0,
0,0,0,0,0,0,0,
0,0,37,0,0,0,0,
0,0,0,0,0,0,0,
0,0,0,0,0,0,0,
0,0,0,0,0,0,0,
0,0,0,0,0,0,0,
0,0,0,0,0,0,0,
0,0,0,0,0,0,0,
0,0,0,0,0,0,0,
0,0,0,0,0,0,0,
0,0,0,0,0,0,0,
0,0,32,0,0,39,0,
0,0,0,0,0,0,0,
0,0,0,0,0,0,0,
0,0,0,0,0,0,0,
0,0,0,0,0,0,0,
0,0,0,0,0,0,0,
0,0,0,0,0,0,0,
0,0,0,0,0,0,0,
0,0,0,0,0,0,0,
0,0,0,0,0,0,0,
0,0,0,79,32,0,0,
0,0,0,0,0,0,0,
0,0,0,0,0,0,0,
0,0,0,0,0,0,0,
0,0,0,0,0,0,0,
0,0,0,37,0,0,36,
0,0,0,0,0,0,0,
0,0,0,0,0,0,0,
0,0,0,0,0,0,0,
0,0,0,0,0,0,0,
0,0,0,89,0,0,0,
0,0,0,0,0,0,0,
0,0,0,0,0,0,0,
0,0,0,0,0,0,0,
0,0,0,0,0,0,0,
0,0,0,0,0,28,0,
0,0,0,0,0,0,0,
0,0,0,0,0,0,0,
0,0,0,0,0,0,0,
0,0,0,0,0,0,0,
0,0,0,0,0,0,0,
0,0,19,0,0,0,0,
0,0,0,0,0,0,0,
0,0,0,0,0,0,0,
0,0,0,0,0,0,0,
54,109,1404,1451,483,29,68,
0,0,0,0,0,0,0,
0,0,59,42,0,0,0,
0,0,0,0,0,0,0,
0,0,0,0,0,0,0,
0,29,1065,619,323,37,0,
0,0,0,0,70,38,0,
0,0,0,0,0,0,0,
55,0,0,39,0,0,0,
0,0,0,0,0,0,0,
0,128,864,681,155,67,72,
0,0,0,17,0,0,0,
0,0,0,0,0,0,0,
0,0,0,0,0,0,0,
0,0,0,0,0,0,0,
0,139,333,239,345,54,35,
0,0,0,5,0,0,0,
0,0,0,0,0,0,0,
0,0,0,0,0,0,0,
0,0,0,0,0,0,0,
107,112,225,139,19,18,0,
0,0,0,0,0,0,0,
0,0,0,0,0,0,0,
0,0,0,0,0,0,0,
0,0,0,0,0,0,0,
202,219,762,1003,465,159,0,
0,0,0,0,0,0,0,
0,0,0,0,0,0,0,
65,0,0,0,0,0,0,
0,0,0,0,41,0,0,
65,159,387,824,368,30,0,
0,0,0,0,0,0,0,
0,0,0,0,0,0,0,
161,0,0,0,0,0,0,
0,0,0,0,0,0,0,
59,144,514,754,607,147,0,
0,0,37,0,0,0,0,
0,0,38,5,0,0,0,
0,0,0,36,0,0,0,
0,0,0,0,0,0,0,
26,103,333,271,126,159,0,
0,0,0,26,0,0,0,
0,0,34,0,47,0,0,
0,0,0,0,0,0,0,
0,0,0,0,0,0,0,
124,43,167,185,45,81,0,
0,0,0,19,0,0,0,
0,0,0,0,0,0,0,
0,0,0,0,0,0,0,
0,0,0,0,0,0,0
*****