2010 Education by occupation in Idaho, race/ethnicity, and gender for age 25+, wgtd 2008-10 ACS, SSDAN/U-Mich
5
AgeEduc,RaceEth,Gender,EducAll,Occup
5,7,2,7,6
25-34,35-44,45-54,55-64,65+
NhWhite,Black,Asian,Hispanic,AmIndian,NHOther,NHMulti
Male,Female
0-9Yrs,10-12Yrs,HSGrad,SomeColl,CollGrad,Masters,PhD-Prof
TopWC,OtherWC,Service,TopBC,OtherBC,Farm
0,65,251,301,307,0,99,249,315,1369,718,98,1119,2462,1978,5171,3828,569,3800,6671,2966,6644,2694,605,5260,2888,968,675,480,312,1501,585,110,0,0,5,989,0,0,0,0,78,
0,208,343,0,111,24,12,907,774,162,90,20,1035,5085,3890,113,1221,30,3520,11875,5387,454,735,150,5731,4104,1132,41,41,165,1404,340,74,0,0,11,624,119,20,0,0,88,
0,0,0,0,0,0,0,51,0,0,7,0,0,110,0,0,19,0,0,30,43,0,0,0,34,0,86,0,0,0,0,0,0,0,0,0,0,0,0,0,0,0,
59,20,0,0,0,0,0,0,0,0,0,0,0,18,42,0,0,0,0,0,20,0,0,0,0,0,0,55,0,0,0,0,0,0,0,0,0,0,0,0,0,0,
0,0,0,0,34,0,0,0,0,0,0,0,0,94,0,0,80,0,179,75,0,177,257,0,105,0,0,0,0,0,372,0,0,0,0,0,0,0,0,0,0,0,
0,24,0,0,0,0,0,0,47,0,22,0,89,4,80,0,2,0,41,242,134,0,0,0,307,140,70,0,35,0,0,36,0,39,0,0,24,0,0,0,0,0,
15,82,683,918,355,815,105,146,31,86,122,455,113,450,300,951,938,242,75,628,351,147,329,89,275,93,31,26,0,0,0,16,0,0,0,0,79,0,0,0,0,0,
77,39,438,148,396,346,0,242,125,0,136,153,234,694,753,38,200,115,255,760,712,0,0,29,297,178,0,0,0,0,142,0,0,0,0,0,46,16,0,0,0,0,
0,0,0,0,0,0,0,29,0,0,0,0,30,56,0,12,209,0,24,106,0,151,0,0,0,0,0,0,0,0,0,0,0,0,0,0,0,0,0,0,0,0,
0,0,24,0,32,0,0,0,29,0,0,0,0,53,85,0,0,17,56,168,29,0,0,0,0,0,0,0,0,0,0,0,0,0,0,0,0,0,0,0,0,0,
0,0,0,0,0,0,0,0,0,0,0,0,0,0,0,0,0,0,0,0,0,0,0,0,0,0,0,0,0,0,0,0,0,0,0,0,0,0,0,0,0,0,
0,0,0,0,0,0,0,0,0,0,0,0,0,0,0,0,0,0,0,0,0,0,0,0,0,26,0,0,0,0,0,0,0,0,0,0,0,0,0,0,0,0,
0,0,0,0,0,0,0,29,0,0,40,0,71,35,32,175,55,0,75,0,138,80,0,0,58,95,0,0,0,0,58,33,0,0,0,0,0,0,0,0,0,0,
0,61,0,0,0,0,0,27,100,0,0,0,0,0,126,0,3,0,197,207,133,21,0,0,52,36,0,0,5,0,0,0,0,0,0,0,0,0,0,0,0,0,
0,131,80,199,247,185,191,570,112,727,700,71,1106,2484,1866,4716,3452,572,3222,4762,2146,3945,3549,635,4660,2570,1145,416,328,206,2648,638,0,0,69,29,1808,87,91,28,0,0,
54,356,228,0,23,0,8,353,766,130,215,35,597,5045,3619,232,1139,45,3864,9602,3896,187,471,231,5193,3550,644,0,94,97,2273,947,96,0,74,0,733,267,0,0,0,0,
0,0,0,0,0,0,0,0,0,0,0,0,0,0,73,0,28,37,58,0,0,0,0,0,0,47,0,0,0,0,20,0,0,0,0,0,24,0,0,0,0,0,
0,0,6,0,0,18,0,0,0,0,0,0,0,23,0,0,0,0,0,31,0,0,0,0,50,0,0,0,0,0,0,16,0,0,0,0,0,0,0,0,0,0,
0,0,37,0,0,0,0,0,0,0,29,0,0,0,37,0,29,0,0,30,35,8,0,38,63,81,32,0,0,0,139,0,0,0,0,0,245,0,0,0,0,0,
0,0,0,0,45,0,0,0,27,0,0,0,0,0,0,0,0,0,20,305,159,0,72,0,44,54,161,0,19,0,69,19,0,0,0,0,23,0,0,0,0,0,
108,64,293,1097,684,510,38,150,123,232,181,53,133,246,83,769,401,190,299,195,69,289,297,0,180,148,0,39,0,0,51,0,98,0,0,0,36,0,10,0,0,0,
0,203,641,0,696,394,0,214,106,0,123,0,93,727,447,87,186,27,139,627,297,0,39,0,142,51,27,0,0,0,86,0,0,0,0,0,0,0,0,0,0,0,
0,0,38,48,0,0,0,0,0,0,0,0,0,41,0,132,97,0,11,0,196,0,38,0,0,0,0,0,0,0,0,0,0,0,0,0,0,0,0,0,0,0,
0,0,0,0,0,0,0,0,0,0,23,0,15,63,182,0,51,0,28,195,16,45,51,4,14,123,0,0,0,0,0,0,0,0,0,0,0,0,0,0,0,0,
0,0,0,0,0,0,0,0,0,0,0,0,53,0,0,0,0,0,0,0,0,0,0,0,0,0,0,0,0,0,0,0,0,0,0,0,0,0,0,0,0,0,
0,0,0,0,0,0,0,0,0,0,0,0,0,0,0,0,0,0,0,0,0,0,0,0,0,0,0,0,0,0,0,0,0,0,0,0,0,0,0,0,0,0,
26,0,0,0,0,0,0,0,0,0,0,0,30,56,85,0,104,0,31,96,65,40,29,0,106,83,27,22,0,0,46,20,0,0,0,0,21,0,0,0,0,0,
0,0,0,0,52,0,0,0,44,0,0,0,36,10,0,0,0,0,101,108,87,6,56,0,229,44,14,0,0,0,55,0,41,0,0,0,16,0,0,0,0,0,
21,89,263,217,250,111,151,310,194,1092,882,65,1533,3520,1896,5522,4449,1282,4660,4730,1825,5637,2638,989,5872,2350,631,766,645,169,2137,602,100,53,177,8,2089,236,0,0,11,25,
35,195,362,50,71,0,177,722,855,71,346,126,1784,7859,3656,732,1701,358,6116,10525,3406,349,984,326,6275,3205,319,83,291,35,2443,643,78,0,7,4,983,52,56,0,0,0,
0,71,0,0,52,0,0,0,0,0,0,40,0,28,17,50,41,0,0,34,0,83,33,0,83,0,25,51,0,0,0,0,0,0,0,0,27,0,0,0,0,0,
0,0,37,0,0,0,0,0,0,0,0,0,0,32,50,0,0,0,0,105,0,0,0,0,0,0,0,0,0,0,0,0,0,0,0,0,0,0,0,0,0,0,
0,0,0,0,0,0,0,0,30,0,0,0,25,0,0,60,0,0,41,0,39,0,0,0,152,38,0,13,0,0,57,87,0,0,0,0,119,0,0,0,0,0,
0,8,88,0,72,0,0,0,0,0,71,0,0,86,168,0,61,0,5,304,33,0,2,0,152,0,0,0,0,0,14,0,0,0,0,0,0,0,0,0,0,0,
102,22,100,279,392,955,38,57,37,103,50,62,0,133,107,193,145,136,50,200,46,257,287,0,109,113,0,0,0,0,163,0,0,0,0,0,118,0,0,0,0,0,
0,196,221,0,256,132,0,75,166,0,157,0,85,268,117,0,158,19,407,573,82,0,9,0,122,74,97,0,0,0,39,0,0,0,0,0,0,0,0,0,0,0,
0,0,0,0,0,0,38,0,33,0,0,0,15,30,0,62,49,0,0,49,0,45,6,0,0,0,0,0,0,0,0,0,0,0,0,0,24,0,0,0,0,0,
0,0,0,0,0,0,0,0,34,0,0,0,34,70,73,0,0,0,118,158,58,0,0,0,10,140,0,0,0,0,57,0,0,0,0,0,0,0,0,0,0,0,
0,0,0,0,0,0,0,0,0,0,0,0,0,6,0,0,38,0,0,0,0,0,0,0,38,0,0,0,0,0,0,0,0,0,0,0,0,0,0,0,0,0,
0,0,0,0,0,0,0,0,0,0,0,0,0,0,0,0,0,0,0,0,0,0,0,0,0,0,0,0,0,0,36,0,0,0,0,0,0,0,0,0,0,0,
0,0,48,0,0,0,0,0,0,0,0,37,29,31,0,170,92,0,106,67,70,0,62,13,60,0,41,0,0,0,0,0,0,0,0,0,0,0,0,0,0,0,
0,0,58,0,0,0,0,199,0,0,16,0,0,26,54,0,0,0,46,321,41,0,12,0,0,70,0,0,0,0,0,0,0,0,0,0,0,0,0,0,0,0,
0,0,27,205,182,4,186,206,171,686,664,173,939,1403,939,3229,2107,636,4088,3569,1324,3882,2754,1340,4169,2634,645,724,525,591,2729,1018,101,10,111,8,1833,114,14,20,0,65,
37,0,213,0,37,0,175,374,264,132,104,95,1476,5950,2801,251,1151,221,3904,8929,1803,278,745,361,4377,2553,509,47,104,144,2008,508,107,0,58,0,662,33,0,0,0,60,
0,0,0,0,0,0,0,0,0,0,0,0,39,0,0,0,7,0,0,0,56,0,71,29,0,0,0,0,0,0,12,0,0,0,0,0,0,0,0,0,0,0,
0,0,0,0,0,0,0,0,0,0,0,0,0,59,0,0,0,0,0,55,0,0,0,0,0,12,0,0,0,0,0,0,0,0,0,0,0,0,0,0,0,0,
0,0,0,0,53,9,0,0,0,0,0,0,51,4,119,0,28,0,0,76,0,0,21,0,39,0,22,0,0,0,0,0,0,0,0,0,19,0,0,0,0,0,
0,0,29,0,52,0,0,0,63,0,0,0,0,0,30,0,15,0,9,81,105,0,0,0,0,0,37,0,0,0,0,0,0,0,0,0,38,0,0,0,0,0,
0,57,101,142,334,402,0,0,0,0,24,27,0,43,69,109,156,23,39,94,0,50,111,49,18,46,0,0,0,0,54,0,0,0,0,0,30,0,0,0,0,0,
0,52,182,4,99,101,0,39,0,4,0,16,29,138,147,14,133,0,92,284,74,0,24,0,0,59,0,0,0,0,0,0,0,0,0,0,0,0,0,0,0,0,
0,0,0,0,8,0,0,0,0,8,39,0,9,42,0,0,11,58,30,3,0,77,0,0,0,0,0,55,0,0,0,0,0,0,0,0,0,0,0,30,0,0,
0,0,0,0,0,0,0,0,0,0,0,0,14,140,42,0,0,0,13,74,29,0,30,0,0,33,0,0,0,0,15,0,0,0,0,0,0,0,0,0,0,0,
0,0,0,0,0,0,0,0,0,0,0,0,0,0,0,0,0,0,0,0,0,0,0,0,0,0,0,0,0,0,0,0,0,0,0,0,0,0,0,0,0,0,
0,0,0,0,32,0,0,0,0,0,0,0,0,0,0,0,0,0,0,0,0,0,0,0,0,0,0,0,0,0,0,0,0,0,0,0,0,0,0,0,0,0,
0,0,0,0,0,0,0,0,0,0,0,0,0,27,6,0,0,19,86,83,6,36,4,0,0,20,0,0,27,0,0,0,0,0,0,0,36,0,0,0,0,0,
0,0,0,0,0,0,0,0,0,101,7,0,0,123,0,0,0,0,103,60,0,0,0,0,12,0,0,0,0,0,25,3,0,0,0,0,0,0,0,0,0,0,
24,28,66,195,343,187,65,59,200,473,178,210,518,769,884,1135,1385,881,1585,1664,941,962,1178,643,1400,1177,233,260,187,540,1002,327,159,71,169,45,1053,63,0,31,32,0,
103,40,52,0,6,6,101,457,277,14,64,73,497,2766,1106,68,412,25,1073,2885,715,90,153,139,782,786,298,0,133,0,387,278,35,0,0,8,51,26,30,0,0,0,
0,0,0,0,0,0,0,0,0,27,0,0,0,0,0,0,0,0,0,0,0,0,0,0,0,0,0,0,0,0,0,0,0,0,0,0,0,0,0,0,0,0,
0,0,0,0,0,0,0,0,0,0,0,0,0,0,0,0,0,0,0,135,0,0,0,0,0,0,0,0,0,0,0,0,0,0,0,0,0,0,0,0,0,0,
0,0,0,0,0,0,0,0,0,0,0,0,0,0,0,0,36,0,0,0,0,0,39,0,0,0,0,0,0,0,0,0,0,0,0,0,64,0,0,0,0,0,
0,0,0,0,0,0,0,0,0,0,0,0,0,32,29,0,32,0,5,119,0,0,0,0,0,156,0,0,0,0,0,0,0,0,0,0,0,0,0,0,0,0,
0,0,80,60,71,30,0,0,9,129,0,0,0,0,48,52,70,0,31,0,0,0,29,12,0,0,0,32,0,0,0,0,0,0,16,0,0,0,0,0,0,0,
0,13,26,0,0,81,6,0,0,0,0,0,0,60,7,50,0,0,0,37,9,0,0,0,0,0,0,0,0,0,0,0,0,0,0,0,0,0,0,0,0,0,
0,0,0,12,0,0,0,0,0,0,0,0,0,25,4,0,0,0,0,0,10,20,24,0,0,0,0,0,0,0,62,0,0,0,0,0,0,0,0,0,0,0,
0,0,41,0,0,0,0,0,19,0,44,0,24,28,0,0,0,0,6,0,0,0,0,0,19,0,0,0,0,0,0,0,0,0,0,0,0,0,0,0,0,0,
0,0,0,0,0,0,0,0,0,0,0,0,0,0,0,0,0,0,0,0,0,0,0,0,0,0,0,0,0,0,0,0,0,0,0,0,0,0,0,0,0,0,
0,0,0,0,0,0,0,0,0,0,0,0,0,0,0,0,0,0,0,0,0,0,0,0,0,0,0,0,0,0,0,0,0,0,0,0,0,0,0,0,0,0,
0,0,0,0,7,0,0,0,4,0,0,0,0,89,0,0,0,12,0,0,0,0,26,22,0,0,0,0,0,0,0,0,0,0,0,0,0,0,0,0,0,0,
0,0,0,0,0,0,0,15,0,0,0,0,0,55,0,0,0,0,16,13,0,0,0,0,0,0,0,0,0,0,0,0,0,0,0,0,0,0,0,0,0,0
*****