2010 Education by Immigration status in Ohio, race/ethnicity, gender, age 25+, wgtd 2008-10 ACS, SSDAN/U-Mich
5
RaceEth,Gender,AgeEduc,Immentry,EducAll
7,2,5,5,7
NhWhite, Black, Asian, Hispanic, AmIndian, NHOther,NHMulti
Male, Female
25-34,35-44,45-54,55-64,65+
Native,FB<1980,FB80-89,FB90-99,FB00-Current
0-9Yrs,10-12Yrs,HSGrad,SomeColl,CollGrad,Masters,PhD-Prof
14057,34317,177446,172277,112243,25461,10325,
0,0,0,177,43,0,87,
0,0,266,156,284,181,84,
0,31,711,475,686,502,212,
58,125,672,1201,1848,988,474,
15055,36694,213165,171957,110640,37303,16348,
0,73,203,364,518,76,347,
47,106,243,670,635,209,186,
293,182,1081,1320,1360,342,611,
127,271,648,773,1280,544,591,
20059,46540,283209,190112,113530,39822,22326,
192,230,1275,1185,1074,715,219,
107,25,382,736,470,523,500,
0,64,813,774,1046,457,617,
125,116,539,513,337,210,173,
22059,33397,201100,157212,96698,45062,26236,
687,483,2130,2564,1112,968,1208,
74,30,324,216,216,168,357,
66,32,673,460,649,400,334,
26,41,355,418,98,58,101,
59427,59750,223212,119747,69897,31863,23717,
3849,1901,4395,2482,1597,1247,1368,
91,62,189,193,87,54,34,
67,0,493,200,390,68,38,
71,25,102,0,48,18,34,
13108,24617,126784,194373,130412,43479,11124,
0,0,0,188,22,0,20,
47,0,28,98,527,196,110,
112,0,554,1025,820,379,104,
41,379,840,1399,1983,777,449,
12702,24622,177335,205475,123838,50339,10986,
23,159,266,753,434,79,0,
138,0,420,597,257,123,58,
0,162,1151,1369,1157,870,414,
182,355,1024,793,778,654,370,
18558,34157,272535,235483,112965,49417,12354,
58,170,1453,1279,983,218,109,
336,56,567,707,585,295,76,
210,23,815,1274,749,369,278,
0,55,587,551,352,123,197,
19680,34251,242699,172098,81531,51644,9615,
533,406,4069,2833,1607,719,447,
195,161,503,436,81,147,89,
42,23,324,471,321,215,107,
158,0,298,285,264,121,49,
74057,90045,383624,146335,66140,29623,6622,
6337,3507,8252,5155,1898,1050,440,
448,121,123,167,57,147,111,
404,153,451,246,538,68,114,
178,52,331,40,90,0,37,
4572,12879,27044,27252,8382,1450,387,
0,0,0,0,0,0,0,
61,0,182,253,107,0,0,
0,0,300,315,722,65,0,
347,345,848,1503,513,182,0,
2486,9641,32317,27200,7163,2024,889,
0,0,36,140,173,0,0,
38,29,51,123,247,0,162,
32,206,519,1018,299,0,104,
139,126,847,416,703,234,98,
4058,10366,35140,26959,7323,2072,990,
35,0,0,336,55,151,50,
73,0,265,313,252,121,103,
242,41,559,467,118,108,135,
308,71,256,141,188,207,71,
3839,7006,24060,19268,4624,1760,952,
28,111,22,182,0,105,28,
49,0,0,87,92,120,36,
33,70,131,128,0,0,21,
50,0,79,65,168,107,57,
9380,9785,18060,9150,3086,1574,724,
127,65,187,0,0,68,0,
63,0,54,69,0,0,0,
0,0,0,0,0,33,0,
33,0,42,36,0,84,0,
2011,10971,23213,38589,11898,2799,997,
0,0,0,0,0,23,0,
0,0,93,49,96,70,0,
142,65,693,953,328,9,0,
331,259,1279,1090,368,112,0,
2195,8321,26543,38134,11097,5483,918,
0,0,22,89,0,107,0,
72,52,0,381,30,67,0,
115,220,517,736,226,294,124,
365,99,622,483,316,69,0,
3175,10352,29329,40168,10226,5415,1356,
0,0,104,116,144,22,57,
144,58,106,160,173,34,43,
245,0,257,603,147,34,25,
262,90,106,176,242,3,81,
3121,7791,24191,26389,6079,5049,991,
21,73,57,384,66,67,0,
59,20,19,36,56,33,0,
111,29,264,193,76,20,53,
252,93,33,69,0,0,0,
12438,15253,28305,17001,4509,2813,581,
51,64,185,102,86,231,0,
157,50,0,0,0,0,36,
23,0,35,0,35,0,0,
307,26,100,18,0,0,0,
51,101,530,830,1232,744,662,
0,0,0,48,57,26,52,
0,62,37,317,563,196,168,
0,247,288,443,733,224,165,
54,97,632,587,4443,4093,1494,
32,0,261,347,358,234,502,
0,66,150,292,665,110,152,
63,297,636,347,565,346,244,
312,65,823,482,1196,1867,1177,
42,0,372,265,1751,1158,999,
0,55,171,339,209,145,175,
14,35,218,426,357,271,500,
240,193,698,552,782,603,913,
75,23,329,110,577,346,611,
138,324,249,183,696,142,318,
0,71,213,148,91,69,0,
82,4,63,376,858,413,805,
292,163,307,194,473,183,463,
30,51,358,378,158,72,267,
93,0,140,200,265,144,19,
90,112,101,94,203,41,32,
110,33,457,103,437,627,1210,
248,65,106,97,161,166,91,
60,176,145,152,133,60,114,
84,24,36,150,164,0,0,
65,37,196,818,994,860,546,
0,0,0,163,121,38,97,
0,182,192,413,620,156,191,
204,42,394,864,1221,437,297,
470,65,562,1190,4529,3571,1098,
32,71,280,353,394,290,533,
47,114,108,199,510,157,353,
150,107,378,736,886,296,74,
214,148,1071,1121,1789,1644,734,
273,172,892,506,1770,946,969,
76,50,153,124,467,160,61,
0,133,209,456,476,116,111,
343,295,1118,652,1139,573,352,
216,292,505,464,846,353,485,
351,171,563,363,407,289,92,
62,130,141,476,210,38,25,
260,259,745,659,1071,484,413,
368,104,196,355,502,381,154,
155,98,181,116,286,31,106,
290,24,295,151,115,0,0,
5,109,134,105,111,72,0,
488,159,1046,503,820,328,330,
410,100,119,150,253,26,109,
512,74,0,84,38,27,90,
415,88,241,40,48,25,0,
1773,1612,5329,4848,1972,315,288,
42,37,60,20,7,0,0,
104,0,328,93,28,0,44,
1998,459,1136,530,181,76,0,
3293,659,3248,763,385,309,508,
1032,979,4208,4341,1800,337,354,
46,29,76,192,142,83,6,
977,290,607,294,85,0,46,
1073,302,808,663,187,128,134,
1490,159,1179,112,302,68,105,
1054,1449,3983,2502,1094,649,366,
133,23,264,65,360,60,132,
254,178,307,300,63,75,55,
351,69,164,128,80,0,0,
469,154,715,147,153,62,56,
1024,999,1539,1615,367,260,104,
488,35,69,126,47,0,200,
269,164,175,158,0,0,35,
35,0,0,26,0,0,0,
271,0,61,88,0,0,0,
1749,872,1533,539,383,219,119,
292,84,115,294,144,67,153,
115,0,74,0,0,0,0,
0,0,30,28,0,0,0,
195,0,0,0,0,0,0,
550,1624,3870,6132,2115,581,241,
0,0,0,123,0,0,0,
0,0,177,156,118,40,0,
784,333,830,650,79,58,32,
2359,572,2179,488,550,195,429,
656,1635,3122,5489,1853,961,173,
23,43,112,140,106,75,31,
396,82,138,383,109,0,0,
1019,201,1171,319,310,142,0,
988,71,440,339,209,258,216,
889,903,3624,3164,1063,735,139,
90,61,152,352,144,122,35,
269,102,189,304,38,37,76,
382,105,258,161,160,20,101,
433,26,55,103,88,0,0,
1039,530,2135,1825,632,142,111,
231,205,404,327,69,68,107,
67,58,199,93,31,136,0,
142,20,0,25,121,18,46,
217,0,40,49,0,0,0,
2198,995,1945,442,142,208,24,
531,228,321,236,42,93,67,
0,0,0,45,0,40,0,
48,0,25,0,40,0,0,
101,0,114,0,27,0,0,
32,410,393,232,82,27,0,
0,0,0,0,0,0,0,
0,0,0,0,0,0,0,
47,151,0,0,0,0,0,
116,33,99,64,0,0,0,
0,268,945,325,253,164,36,
0,0,0,0,0,0,0,
0,0,0,0,0,0,0,
0,0,0,0,0,0,0,
52,0,0,0,0,0,0,
362,284,803,606,218,0,103,
0,0,0,0,0,0,0,
0,0,0,26,0,0,0,
0,0,0,36,0,0,0,
0,12,0,0,0,0,29,
194,146,604,139,229,19,28,
0,0,0,0,0,0,0,
0,0,0,0,0,0,0,
0,0,0,0,0,0,0,
0,0,0,0,0,0,0,
151,52,285,203,54,56,0,
0,0,48,0,0,0,0,
0,0,0,0,0,0,0,
0,0,0,0,0,0,0,
0,0,0,0,0,0,0,
58,121,388,737,134,25,0,
0,0,0,0,0,0,0,
0,0,0,0,0,0,0,
0,22,0,0,0,0,0,
0,0,15,15,38,0,0,
150,15,466,599,132,76,0,
0,0,0,0,0,93,0,
0,0,0,0,0,0,0,
0,21,0,0,0,0,0,
0,0,0,0,0,0,0,
20,372,884,382,495,49,34,
0,0,27,0,0,0,0,
0,0,0,0,0,0,0,
0,0,22,0,0,0,0,
0,0,0,0,0,0,0,
86,91,334,224,335,247,0,
92,0,0,0,0,0,0,
0,0,0,0,0,0,0,
0,0,0,0,0,0,0,
0,0,0,0,0,0,0,
44,161,254,79,69,66,19,
19,0,0,23,0,0,0,
0,0,0,0,0,0,0,
0,0,0,0,0,0,0,
0,0,0,0,0,0,0,
31,0,229,70,66,0,0,
0,0,0,0,0,0,0,
0,0,0,0,0,0,0,
0,0,27,0,0,0,0,
0,0,0,20,49,263,69,
0,0,104,185,38,34,86,
0,0,0,0,117,105,0,
0,0,0,28,0,0,0,
0,0,46,0,39,103,0,
0,0,0,0,0,7,0,
0,0,25,88,61,39,30,
0,0,0,0,0,0,0,
0,0,0,0,29,0,0,
0,0,0,0,0,0,0,
0,0,0,0,0,0,0,
0,34,112,42,35,56,26,
0,0,0,0,0,0,0,
27,0,0,0,0,3,0,
0,0,0,0,0,0,0,
0,0,0,0,0,0,0,
0,27,0,69,0,4,0,
0,0,0,0,0,0,17,
0,0,0,0,0,0,0,
0,22,0,0,0,0,0,
0,0,0,0,0,0,0,
0,0,134,214,126,26,109,
0,0,0,0,0,0,0,
0,0,0,0,0,0,63,
0,0,0,92,0,0,0,
0,0,39,125,268,0,84,
47,33,0,330,31,65,108,
0,0,0,0,0,0,0,
0,0,0,0,0,0,0,
0,0,0,69,59,38,0,
0,0,0,0,0,31,48,
0,0,70,174,105,41,31,
0,0,0,0,0,0,0,
0,0,2,0,0,0,0,
0,0,0,0,0,0,0,
0,0,0,17,46,0,0,
0,0,64,44,0,37,0,
0,0,0,0,0,0,0,
0,0,21,0,0,0,0,
0,0,0,0,0,0,0,
0,0,0,0,0,0,0,
0,0,113,0,19,0,0,
30,0,0,0,0,0,0,
0,0,0,0,0,0,0,
0,0,28,0,0,0,0,
0,0,30,0,0,0,0,
297,1005,2510,2834,1221,271,94,
0,0,0,0,0,0,0,
0,0,0,0,22,0,0,
0,0,0,0,0,0,0,
0,0,9,107,83,68,29,
87,805,2629,1807,847,226,241,
0,0,18,50,20,0,41,
0,0,0,31,0,26,0,
61,29,44,33,68,0,29,
25,0,41,0,89,0,162,
261,414,2202,1673,937,207,108,
0,0,223,35,149,26,0,
0,32,19,0,64,64,15,
0,0,0,34,101,0,28,
0,0,0,0,28,0,0,
210,196,1703,1158,425,403,161,
0,0,0,0,45,26,58,
0,0,0,35,0,0,0,
0,0,0,0,0,58,0,
0,0,0,0,83,0,0,
596,398,679,856,246,150,206,
24,0,20,113,23,49,41,
33,0,0,0,0,0,0,
0,0,0,0,22,0,0,
0,0,0,0,0,0,0,
93,440,2248,4716,1124,423,248,
0,0,0,0,12,0,0,
0,0,0,152,0,0,0,
0,0,47,41,0,0,8,
34,0,54,78,63,0,0,
189,368,1850,3400,1525,445,290,
0,0,33,11,36,0,0,
0,0,0,0,0,0,0,
0,0,22,67,0,46,0,
0,0,59,0,72,45,0,
339,628,1888,2257,1266,478,93,
0,0,0,125,58,88,50,
32,0,21,72,35,0,0,
0,0,0,0,74,0,0,
24,30,0,0,11,0,0,
178,417,1351,1561,393,403,259,
23,0,0,0,93,41,19,
0,6,0,0,42,0,0,
46,157,0,0,0,0,0,
0,0,41,0,86,0,0,
965,615,1564,782,230,221,209,
47,52,22,87,39,0,65,
0,0,20,0,0,0,0,
0,0,0,0,0,0,0,
0,26,0,0,0,0,0
*****