2010 Education by occupation in Oregon, race/ethnicity, and gender for age 25+, wgtd 2008-10 ACS, SSDAN/U-Mich
5
AgeEduc,RaceEth,Gender,EducAll,Occup
5,7,2,7,6
25-34,35-44,45-54,55-64,65+
NhWhite,Black,Asian,Hispanic,AmIndian,NHOther,NHMulti
Male,Female
0-9Yrs,10-12Yrs,HSGrad,SomeColl,CollGrad,Masters,PhD-Prof
TopWC,OtherWC,Service,TopBC,OtherBC,Farm
90,536,412,493,363,30,345,1147,938,2045,2143,297,2692,5102,3936,7370,7023,714,7629,13471,8312,12226,6699,591,13908,9441,3289,1751,933,250,4095,1251,475,96,113,0,2276,169,64,46,0,0,
69,475,346,30,399,113,301,1531,1824,83,357,25,2329,11591,7055,289,1287,385,7346,21328,13180,753,1816,369,14918,11672,3875,122,516,133,7978,1816,317,0,44,0,2858,219,158,0,0,27,
0,0,55,43,23,0,0,49,8,43,60,0,142,238,87,64,445,0,142,192,361,314,182,0,47,10,0,81,26,0,0,0,0,0,0,0,128,0,0,0,0,0,
0,0,43,0,0,0,0,53,77,0,0,44,0,6,698,0,0,0,100,507,406,0,102,0,84,275,0,0,0,0,48,38,0,0,0,0,86,0,0,0,0,0,
22,28,0,20,40,0,0,0,80,0,28,0,89,303,107,282,418,0,426,706,278,276,382,0,1586,490,282,32,33,0,930,74,35,0,0,0,794,0,0,0,0,0,
0,59,66,0,81,0,40,258,144,0,135,0,0,162,571,64,321,0,336,949,789,0,44,0,1098,1138,75,0,50,34,860,133,0,0,17,0,551,52,38,0,0,0,
0,267,2666,1851,1167,2186,123,293,1088,716,566,180,95,965,1377,1898,2512,411,804,1017,1102,1815,1128,193,947,504,137,194,339,0,169,103,19,25,0,0,61,0,0,0,0,0,
113,681,2591,0,445,874,94,359,1099,126,284,78,251,1928,1919,51,467,181,782,3550,1097,40,117,41,559,785,220,0,32,19,323,50,24,0,0,0,195,13,18,0,0,0,
0,0,202,379,18,561,0,107,88,76,8,0,53,37,136,123,201,0,83,379,8,114,215,0,23,30,0,48,0,0,0,0,0,0,0,0,0,0,0,0,0,0,
0,69,176,0,97,53,0,119,59,0,0,0,0,64,238,0,181,0,16,268,204,0,0,0,47,36,0,0,16,0,20,17,0,0,0,0,0,0,0,0,0,0,
0,0,0,0,0,0,0,0,0,0,0,0,0,0,0,0,21,0,138,24,0,0,0,0,26,0,0,0,0,0,0,0,0,0,0,0,24,0,0,0,0,0,
0,0,0,0,0,0,0,0,0,0,0,0,0,0,0,0,0,0,0,0,0,0,0,0,0,48,0,0,37,0,26,0,0,0,0,0,0,0,0,0,0,0,
36,0,0,25,0,0,0,195,126,31,40,0,123,299,432,438,362,0,177,570,176,213,214,0,301,323,210,23,0,0,156,0,0,0,0,0,30,40,0,0,0,0,
0,0,35,0,0,0,0,18,229,0,0,0,308,515,358,12,0,0,253,709,714,80,86,0,453,353,105,0,0,0,237,71,0,0,0,0,277,0,0,0,0,0,
195,72,99,584,306,44,579,876,1000,2049,2130,56,2509,4307,3714,9153,7596,1168,8949,10520,5328,11812,7741,731,14023,8365,1747,1403,1026,352,6848,1838,52,189,113,0,4237,454,83,46,124,0,
0,487,548,52,167,0,95,1308,904,84,508,145,3084,10883,7872,258,1797,209,10830,21534,10235,669,1659,251,13006,9343,1629,211,229,281,7244,1726,258,0,0,0,4001,318,120,24,0,0,
0,62,9,39,0,0,0,53,139,24,70,0,26,167,407,77,295,0,67,315,27,53,213,0,467,186,67,21,101,0,279,0,0,0,0,0,94,0,0,0,100,0,
0,0,0,0,33,0,0,0,250,0,165,0,130,184,223,0,30,0,132,528,307,36,0,0,345,16,69,0,0,0,94,22,0,0,16,0,238,0,0,0,0,0,
0,135,123,43,77,0,65,0,72,0,62,0,0,132,152,35,589,0,33,718,386,240,278,0,1111,608,23,38,95,0,890,170,19,93,0,0,860,0,0,0,0,0,
0,84,164,35,307,73,26,43,149,0,91,0,0,363,629,58,148,10,492,849,853,14,225,0,1384,747,294,28,0,0,928,94,22,0,21,0,506,0,0,0,0,0,
198,265,1753,1732,2086,1473,183,215,152,829,252,317,347,771,991,1274,883,360,430,987,732,760,889,202,479,505,133,407,50,108,267,46,0,87,29,0,336,0,0,0,21,0,
0,134,2518,180,1245,940,69,169,730,31,204,89,249,831,1048,88,436,249,673,1774,892,0,141,26,893,757,106,36,0,0,400,97,0,0,0,0,113,0,73,0,0,0,
0,0,0,501,89,211,0,0,98,57,8,0,27,0,92,264,365,0,26,248,4,121,102,0,94,97,21,0,0,88,0,0,0,0,0,0,37,0,0,62,0,0,
0,16,260,0,0,23,0,56,9,0,0,0,0,115,290,50,0,0,135,527,137,0,53,0,73,37,32,69,0,0,0,0,0,0,0,0,35,0,0,0,0,0,
0,0,0,0,0,0,0,0,0,26,0,0,0,0,0,0,0,0,34,0,26,54,0,0,0,0,0,0,0,0,50,0,0,0,0,0,0,0,0,0,0,0,
0,0,0,0,0,0,0,0,0,0,0,0,0,0,0,0,0,0,0,0,0,0,24,0,0,39,0,0,0,0,0,0,0,0,0,0,0,0,0,0,0,0,
0,0,0,36,0,0,40,0,5,81,57,0,146,136,105,143,191,0,257,373,260,227,152,2,300,328,60,0,0,24,219,0,0,0,0,0,39,43,0,0,0,0,
0,42,0,0,0,0,33,40,156,0,149,0,151,441,329,0,0,0,402,811,300,0,158,0,128,259,29,0,0,0,230,20,0,0,0,0,21,0,0,0,0,0,
275,0,454,774,829,143,649,1071,917,2028,2000,281,3197,6136,3595,10772,10680,1287,11933,12332,6184,12802,9563,1687,14438,7705,1709,1743,1146,286,7144,1880,192,153,160,28,5267,370,81,74,8,27,
42,221,916,30,223,6,360,1683,2163,37,523,169,3552,16642,7314,415,3146,453,13780,29403,10302,1249,2690,541,15777,9081,1984,213,495,198,8838,2523,159,36,77,23,3056,260,126,0,8,149,
0,0,36,0,0,0,0,24,81,73,27,0,0,41,146,87,139,0,109,426,55,147,178,0,720,232,29,51,141,0,18,0,0,0,0,0,90,0,0,0,0,0,
0,0,0,0,0,0,0,32,59,0,0,0,79,151,248,0,158,0,64,322,509,0,55,0,95,168,25,34,0,0,80,54,0,0,0,0,0,0,0,0,0,0,
0,63,0,30,115,0,0,37,81,30,31,0,78,320,324,128,106,0,509,577,326,362,149,4,809,565,58,93,0,0,473,133,83,31,0,0,419,43,0,0,0,32,
94,27,234,27,175,0,0,89,111,0,63,0,134,241,318,21,293,0,368,616,360,91,176,0,801,776,391,0,31,0,284,15,0,0,0,0,246,75,60,0,0,0,
58,166,1167,666,1226,1375,45,113,147,458,426,108,221,416,521,329,424,289,241,573,341,323,384,0,337,232,106,128,81,9,84,97,27,0,0,0,194,0,0,0,0,0,
8,275,889,41,849,619,0,74,374,30,62,0,159,553,766,0,249,27,437,1169,568,32,106,115,292,195,50,0,0,0,307,43,108,0,0,0,130,83,0,0,0,0,
231,0,182,59,93,167,0,0,27,111,26,5,31,38,244,41,87,55,115,0,230,50,149,0,37,29,0,0,18,19,55,23,0,0,0,0,0,31,33,0,0,0,
0,0,41,0,0,60,0,21,50,0,15,54,36,369,163,0,0,13,190,350,233,68,26,0,56,0,0,0,0,0,0,29,0,0,0,0,12,0,0,0,0,0,
0,0,0,0,0,0,0,0,0,0,0,0,0,0,0,0,0,0,27,7,0,0,34,32,39,0,0,0,0,0,23,0,0,0,0,0,0,0,0,0,0,0,
0,0,0,0,0,0,0,0,0,0,0,0,0,0,0,0,0,0,0,35,0,0,0,0,0,0,0,0,0,0,45,0,0,0,0,0,0,0,0,0,0,0,
0,0,0,0,42,0,0,34,68,0,154,12,25,147,80,111,160,0,303,324,196,385,176,81,171,31,136,31,41,0,126,0,29,0,96,0,69,0,0,0,0,0,
0,82,13,0,0,41,0,9,195,0,0,0,61,329,135,0,237,17,213,580,379,13,84,0,250,107,17,0,10,0,32,182,0,0,0,0,21,83,0,0,0,0,
252,248,133,310,327,303,378,432,382,922,1203,168,2061,3441,2761,5483,7128,952,10311,11896,4629,10399,8154,1406,12424,6849,1856,1609,1796,482,7843,2806,406,385,203,104,7076,775,23,56,35,39,
156,321,234,23,209,29,108,1105,1026,62,345,135,2847,13042,5704,649,2061,288,11415,25878,7257,607,1697,239,11600,9196,1240,121,202,92,8975,3117,151,41,118,94,3098,638,8,37,32,0,
0,0,0,0,85,0,0,0,0,0,0,0,0,110,113,55,108,0,190,143,179,101,302,0,69,141,0,0,0,0,87,20,0,0,0,0,29,29,0,0,0,0,
0,0,59,0,0,0,0,0,0,0,0,0,39,24,18,0,39,0,24,71,152,0,0,0,222,96,0,0,0,0,68,25,38,0,0,0,61,0,0,0,0,0,
0,0,90,0,168,0,0,33,45,0,40,0,45,0,152,32,227,0,104,152,130,34,310,7,436,341,32,0,48,0,158,25,0,0,0,0,138,36,0,0,0,0,
56,92,242,29,139,0,231,33,77,25,0,0,61,254,470,206,274,0,6,455,119,0,79,0,367,219,63,36,84,0,224,74,18,0,0,0,16,0,0,0,0,0,
29,127,376,438,624,746,0,44,138,0,116,25,53,114,61,253,286,89,143,405,51,59,338,0,308,137,24,36,44,46,25,0,0,30,22,0,58,25,41,73,0,0,
45,13,420,20,491,178,0,0,142,0,0,36,166,239,283,121,40,25,109,532,250,0,203,0,244,10,78,0,19,0,91,157,0,0,0,0,118,25,0,0,0,0,
0,0,58,0,78,77,0,0,65,0,0,0,39,34,131,36,107,13,30,61,193,73,53,0,117,4,0,27,0,0,0,29,0,0,0,0,0,0,0,0,0,0,
0,0,17,0,0,0,25,0,62,0,31,0,0,114,216,22,20,5,56,387,77,26,36,0,0,73,0,0,0,0,16,0,0,0,57,0,0,0,0,0,0,0,
0,0,0,0,0,0,0,0,0,0,0,0,0,0,0,0,0,0,0,0,0,45,46,0,0,0,0,0,0,0,0,0,0,0,47,0,26,0,0,0,0,0,
0,0,0,0,0,0,0,0,0,0,0,0,0,0,0,0,0,0,59,30,0,0,0,0,0,0,0,0,0,0,78,0,0,0,0,0,35,0,0,0,0,0,
0,0,0,0,0,0,0,126,0,22,20,0,31,0,35,144,105,0,177,24,115,65,120,99,160,50,0,0,33,0,59,0,0,0,0,0,104,0,0,0,0,0,
0,0,0,0,0,0,0,0,0,21,0,0,0,47,272,0,0,0,231,371,129,0,0,0,231,152,0,0,0,0,51,0,0,0,0,0,14,0,0,0,0,0,
147,184,185,360,337,198,246,361,478,439,618,192,1306,1930,1552,2036,2513,932,2922,4092,1525,2523,2756,581,3577,2793,538,520,529,425,2687,1043,198,219,88,136,2978,378,47,73,25,170,
0,62,259,0,0,0,182,448,766,92,149,5,926,6559,2707,159,513,233,3917,7539,2477,148,704,144,2445,1754,344,43,106,47,2071,917,62,32,0,101,719,160,119,0,0,0,
0,0,0,0,0,0,0,19,55,0,0,0,0,22,47,0,24,0,71,20,50,0,44,0,0,0,23,0,20,0,0,0,0,0,0,0,0,0,0,0,0,0,
0,0,17,0,0,0,0,27,69,0,0,0,0,0,0,0,0,0,0,124,21,0,17,0,0,26,0,0,0,0,21,0,0,0,0,0,0,0,0,0,0,0,
0,37,75,0,41,0,0,0,0,0,79,0,0,50,108,0,69,5,37,0,0,0,59,0,166,18,142,0,52,0,22,0,0,0,0,0,61,54,0,0,0,0,
0,0,52,7,24,0,0,0,0,0,0,0,53,134,206,0,82,0,137,0,107,0,0,0,23,102,164,0,0,0,21,0,30,0,0,0,31,0,0,0,0,0,
0,129,164,18,129,221,0,40,19,29,108,0,48,0,51,45,49,14,31,166,131,201,21,0,28,93,37,0,23,11,33,0,0,0,0,0,30,0,0,0,0,0,
0,37,122,0,60,0,0,0,33,0,22,0,34,106,67,0,0,0,80,368,9,0,0,0,0,20,0,0,0,0,0,0,0,0,0,0,0,0,0,0,0,0,
0,0,8,0,31,9,0,0,0,19,0,0,22,0,2,27,0,0,79,0,6,0,16,5,0,0,0,0,0,32,48,0,0,0,0,0,0,0,0,0,0,0,
0,0,0,0,0,0,0,0,6,0,0,0,3,28,0,0,0,0,24,64,23,0,0,0,0,0,0,0,0,0,37,0,0,0,0,0,0,0,0,0,0,0,
0,0,0,0,0,0,0,0,0,0,0,0,0,0,0,0,0,0,0,24,0,0,0,0,0,42,0,0,0,0,0,0,0,0,0,0,23,0,0,0,0,0,
0,0,0,0,0,0,0,0,0,0,0,0,0,0,0,0,0,0,0,0,0,0,0,0,0,25,0,0,0,0,0,0,0,0,0,0,0,0,0,0,0,0,
0,31,0,26,0,0,0,0,0,53,15,0,0,52,14,22,0,0,54,0,33,3,47,17,37,0,20,0,0,0,42,0,0,0,0,0,0,0,0,0,0,0,
0,20,0,0,0,0,0,0,0,0,0,0,35,23,0,0,2,0,19,86,169,0,23,0,19,0,0,0,0,0,29,19,0,0,0,0,0,0,0,0,0,0
*****