2010 Education by Immigration status in Texas, race/ethnicity, gender, age 25+, wgtd 2008-10 ACS, SSDAN/U-Mich
5
RaceEth,Gender,AgeEduc,Immentry,EducAll
7,2,5,5,7
NhWhite, Black, Asian, Hispanic, AmIndian, NHOther,NHMulti
Male, Female
25-34,35-44,45-54,55-64,65+
Native,FB<1980,FB80-89,FB90-99,FB00-Current
0-9Yrs,10-12Yrs,HSGrad,SomeColl,CollGrad,Masters,PhD-Prof
13659,31775,170272,245405,176814,33593,17944,
73,0,21,249,204,32,0,
170,117,994,1048,979,116,124,
734,264,752,1602,1566,834,154,
888,382,2306,2917,4238,2835,1205,
16139,31624,176643,243583,182063,55563,26237,
220,100,580,1144,1327,698,221,
667,27,719,1063,1143,987,600,
550,290,1891,2028,2410,2123,1883,
300,232,1987,1411,3647,2152,1601,
23296,42859,234277,277197,197047,65679,34441,
339,269,1550,3160,2965,1527,762,
307,124,864,1997,1969,1388,1047,
226,147,1045,1719,2208,1229,912,
316,288,1020,1263,1812,1048,885,
21861,25973,150419,239434,178703,71408,38432,
542,513,1251,3443,3579,1691,1401,
129,82,944,973,1148,591,704,
237,54,183,578,1399,891,331,
232,56,739,536,865,250,368,
56205,46339,191164,200367,145153,61669,42539,
802,939,1919,3258,2583,1598,1788,
109,40,305,573,694,299,331,
257,170,449,432,230,240,351,
369,103,433,300,507,95,265,
11790,26083,129850,240384,207645,50299,14512,
0,14,0,0,210,0,53,
289,53,208,1093,1064,280,121,
507,472,1302,1924,2165,728,443,
706,489,1933,3126,4993,2550,898,
13803,23949,150508,260289,195255,60586,17645,
52,18,658,1197,1637,343,297,
324,176,870,1479,1051,270,389,
183,298,1827,3979,3358,1530,1089,
558,345,1983,2047,2860,1935,705,
19004,32370,225888,314556,204030,68038,19065,
385,423,1779,3366,1693,537,296,
583,178,1773,2519,1942,717,521,
347,243,1663,2480,1707,1103,604,
724,184,1529,1131,2083,462,365,
20078,29586,204834,260251,148960,73680,15356,
705,588,3170,5115,2690,759,414,
249,23,1388,1100,852,407,281,
305,189,727,670,821,445,574,
662,155,820,641,495,144,152,
67055,78900,341432,265552,112426,52486,11487,
2739,3024,10199,8766,2657,1226,575,
533,258,458,534,287,152,26,
715,45,493,509,482,109,212,
616,217,933,386,199,157,151,
6481,20126,64833,70876,21509,3432,1634,
23,0,38,26,67,0,0,
69,21,170,693,278,82,0,
278,48,962,1343,941,417,63,
281,245,1396,4325,2760,648,350,
5728,14705,62941,68600,23171,6200,1603,
137,0,275,565,53,33,33,
166,0,312,965,929,185,160,
333,54,1284,1785,1122,842,451,
604,338,1120,2200,2341,592,122,
7400,19124,66687,60326,19864,7025,1616,
78,5,329,711,1506,389,21,
415,113,553,1469,2105,960,467,
42,25,732,923,884,367,489,
372,281,642,925,1032,171,232,
6903,13215,38300,36606,12312,4931,1662,
283,92,227,1163,1181,786,168,
113,91,86,618,310,379,88,
186,60,172,337,177,142,90,
27,0,225,597,194,234,23,
18082,12412,25740,17564,5093,3627,1175,
208,205,157,359,269,138,106,
73,24,239,26,125,0,0,
135,0,45,28,38,24,74,
127,37,159,22,74,89,26,
4697,14628,50877,89325,34220,11527,1933,
0,0,0,50,30,95,0,
133,0,22,625,248,139,41,
59,37,829,1551,1176,252,344,
795,230,1615,3694,2134,633,136,
3795,12213,53967,86779,32145,13384,2940,
56,0,168,697,207,235,0,
220,0,231,978,631,225,28,
614,201,1048,2179,1603,617,457,
519,264,1937,2280,1714,681,168,
5976,15953,59401,82535,26938,10300,1953,
200,61,358,1154,151,263,336,
261,151,698,1373,1401,316,58,
216,146,827,889,713,306,215,
556,130,462,515,575,78,73,
5584,13371,43222,48881,14684,8849,1612,
31,58,431,662,506,442,54,
203,0,166,417,350,41,0,
29,143,211,215,442,16,0,
379,31,258,537,188,0,0,
23637,20748,40898,26075,7626,6174,1005,
283,97,380,471,334,154,21,
188,20,267,235,48,0,0,
201,137,296,190,0,50,38,
536,53,434,156,86,0,24,
289,425,2234,6726,7438,1521,2003,
0,113,194,620,288,270,129,
67,278,999,1941,2852,783,783,
570,844,2178,3343,5220,2826,837,
491,680,1835,3480,12559,13274,3098,
200,90,1191,2119,2370,1089,807,
59,214,767,2156,3452,712,1100,
1075,822,2722,4453,4010,2352,787,
1999,1433,3238,4308,8440,8961,3557,
1454,1275,2006,2300,7949,4907,2478,
43,330,355,730,1441,596,447,
696,581,1425,2501,2452,1206,836,
1308,1509,3559,4589,4922,4311,2682,
1238,568,2568,1673,4176,3296,1809,
802,729,2011,1076,2610,1282,1078,
331,120,336,809,435,296,112,
553,704,1558,2503,3571,3804,1797,
753,696,1995,2107,2448,1464,909,
526,681,2073,1644,1752,1081,396,
877,667,1116,795,1846,612,159,
160,65,285,268,537,81,69,
1198,654,1217,1250,2513,1967,2172,
1080,487,1034,860,1196,144,291,
1250,1020,1869,550,1038,129,178,
854,691,221,373,1204,347,464,
127,256,1515,4129,7390,1502,1798,
47,0,68,335,1088,219,302,
101,126,820,1677,3450,819,1116,
368,775,2570,3908,6001,1793,1303,
1772,1012,4540,6898,16483,11534,2786,
51,338,715,1565,1987,1123,538,
0,290,812,1898,3424,870,850,
975,600,1991,3103,3492,1584,812,
2682,1326,5175,5984,11662,7077,2738,
2076,1104,5030,4273,8803,3957,1229,
66,76,1162,1070,1291,242,99,
899,919,2381,2746,2675,589,317,
1533,1421,4997,4582,7221,3426,1010,
1903,1324,3505,3102,5019,1716,1108,
1553,1193,2669,1673,3273,1245,605,
282,122,494,847,633,185,99,
1857,1584,4485,4145,4508,2093,554,
1605,1235,2249,2022,2695,760,125,
1406,730,3290,865,2016,245,186,
1795,572,1614,755,1885,407,208,
343,65,601,440,291,53,24,
3232,1391,3233,2478,2735,870,474,
2812,631,1074,654,843,291,19,
3734,827,1992,529,579,338,16,
2237,440,916,645,912,163,22,
30895,46669,131869,138923,43265,5928,2892,
1379,1089,2198,2201,493,139,22,
7539,7153,12568,10510,2996,575,128,
68842,22263,36192,16446,3772,578,106,
75054,17199,39768,15743,6854,1137,1087,
28223,33445,96402,95310,34119,9681,4342,
7018,4386,8552,8769,2997,629,153,
50535,14411,22592,11713,3800,1553,373,
67923,11686,27330,14024,6795,1502,1204,
38535,6547,15524,8105,7148,2490,1309,
30521,29687,78373,66304,23869,6245,3295,
40074,6872,13291,9751,3266,1618,452,
53135,7592,15242,11832,4558,878,819,
23983,3652,8317,5267,4025,812,1287,
16464,2301,5247,3626,2946,1199,916,
33858,13435,42645,45143,13476,5742,2572,
41246,4303,9328,7854,3010,1047,1031,
19884,1502,4608,2020,1651,282,699,
10548,950,2153,1716,1041,933,490,
6648,598,1544,682,909,388,269,
57604,10882,23220,21529,7477,3379,1665,
43167,3522,5868,3807,1659,851,986,
9499,1115,1090,461,588,229,326,
7132,586,797,199,329,166,153,
4557,147,669,432,593,66,128,
25916,37127,116512,152925,57567,13751,2676,
954,781,2192,2698,880,302,57,
5831,6301,12125,11766,4008,888,157,
53232,16221,31902,17374,4734,622,288,
56996,13772,32761,16539,10682,1510,1422,
26351,28159,89960,106257,41309,13381,2743,
7367,3680,9516,9483,3015,1249,118,
36486,10278,18479,14032,4645,754,392,
65886,13865,29763,15432,7516,1644,932,
33624,5710,16042,9166,8854,1791,1480,
30515,23354,84230,77644,26679,8369,1955,
30200,5039,12705,11443,4182,998,526,
41329,6228,14431,9387,4205,825,430,
30458,3250,10336,6249,4683,1255,442,
17440,1620,6155,3610,3429,523,542,
38652,14302,57861,41903,13795,7148,1243,
37484,3761,11785,8566,2496,1085,391,
17846,1522,4250,2598,818,160,265,
16914,829,3527,1849,946,246,106,
10499,582,2208,1151,617,226,386,
87238,14464,39107,20698,5268,2686,278,
53905,3844,8569,5367,1924,670,501,
13714,765,1592,782,435,122,140,
12634,449,1779,882,329,31,50,
8888,244,1053,800,491,28,35,
502,583,2296,2665,1011,245,3,
0,0,33,0,0,0,0,
91,0,71,28,0,27,0,
563,85,135,127,83,78,0,
485,217,198,0,75,114,0,
555,800,1561,2729,951,361,74,
57,0,144,198,0,36,0,
219,65,213,49,0,30,0,
474,73,75,139,72,43,21,
310,20,83,92,82,0,82,
446,439,2563,2312,1105,456,126,
249,87,179,195,36,20,0,
565,0,148,69,10,0,0,
187,62,34,40,0,0,0,
191,0,0,0,0,64,0,
795,346,1120,2238,693,248,305,
426,0,39,27,55,65,0,
52,0,26,0,0,0,0,
48,0,0,0,0,19,0,
25,0,0,0,0,0,0,
796,423,927,1286,499,229,75,
208,0,22,0,23,0,0,
181,0,10,0,0,0,0,
95,0,0,0,0,0,0,
89,0,0,0,26,0,0,
476,528,1795,2463,901,300,10,
65,0,0,0,0,0,0,
0,51,47,105,0,0,0,
273,123,37,75,73,52,0,
364,49,110,27,170,0,0,
304,770,2107,2701,1038,272,154,
47,0,22,143,52,0,0,
153,70,179,95,0,0,0,
559,0,352,193,13,0,38,
341,20,28,48,43,29,21,
820,487,2185,3034,1018,350,62,
340,72,69,87,66,23,0,
255,0,79,0,28,0,0,
249,0,112,22,20,115,0,
65,32,0,0,32,0,0,
890,344,1157,1976,570,216,53,
148,0,78,0,19,0,0,
60,0,0,0,25,0,0,
97,0,0,31,0,22,0,
114,0,0,34,0,0,0,
702,351,1092,1111,218,141,40,
97,106,18,0,0,0,0,
235,0,0,0,19,0,0,
50,30,0,0,0,0,0,
43,43,0,47,0,0,0,
202,70,194,953,163,85,57,
0,0,0,0,0,0,0,
0,0,0,59,0,0,0,
0,37,110,105,159,28,0,
143,0,24,71,446,282,84,
213,90,107,501,81,18,66,
0,0,0,0,27,0,0,
17,0,0,108,31,41,0,
121,22,222,29,249,85,227,
172,0,88,45,104,82,0,
29,140,281,472,316,222,140,
0,0,152,0,114,0,0,
0,20,0,199,0,19,0,
92,0,0,177,31,0,0,
0,0,32,63,23,23,0,
149,133,240,304,182,85,53,
0,0,0,48,61,69,22,
0,0,0,0,0,24,0,
0,0,56,0,32,0,34,
0,0,0,91,0,0,0,
43,10,198,21,97,35,24,
22,12,39,64,21,24,0,
48,0,0,28,0,0,0,
0,0,0,0,0,0,0,
0,0,0,0,0,0,0,
140,151,449,540,174,38,100,
0,0,0,24,0,0,0,
0,64,78,102,0,21,23,
0,35,83,67,0,49,0,
213,31,124,301,394,357,0,
184,67,262,404,51,136,0,
24,0,8,0,0,0,0,
243,0,29,0,53,85,0,
91,61,90,365,19,65,23,
28,42,23,52,53,56,0,
75,62,493,597,224,44,91,
44,0,154,70,0,19,0,
0,147,97,56,0,0,0,
0,35,32,131,23,0,0,
0,62,0,0,31,26,0,
331,189,278,223,138,43,9,
0,0,19,10,70,0,0,
0,0,0,46,18,0,0,
0,0,0,0,31,0,0,
59,0,0,22,0,0,0,
163,86,148,226,0,0,98,
82,0,164,18,0,0,0,
0,0,0,0,32,0,0,
0,0,0,0,0,58,0,
0,0,0,0,0,0,0,
270,733,4168,6596,3252,618,253,
0,0,0,0,0,0,0,
0,0,118,61,82,0,23,
29,0,65,32,226,31,0,
74,35,140,254,390,75,50,
493,766,2520,5102,2449,829,474,
0,0,74,94,19,0,0,
16,0,25,66,180,90,0,
24,0,32,56,316,108,102,
25,0,161,76,82,24,161,
458,460,3142,4546,1868,928,234,
0,0,67,143,304,95,29,
51,27,131,90,205,154,24,
29,0,34,40,17,90,0,
10,0,20,33,119,0,24,
496,192,1635,2353,1590,678,199,
0,0,23,82,160,183,71,
35,0,0,52,197,68,0,
0,0,50,28,0,0,0,
26,0,0,0,31,0,34,
722,475,1529,2336,721,365,310,
42,31,28,118,68,25,44,
240,8,0,38,0,0,0,
132,18,72,22,144,0,0,
66,0,29,15,39,0,0,
288,579,3295,7797,4331,1080,505,
0,0,0,20,0,0,0,
0,44,0,154,22,0,22,
25,0,32,259,16,24,0,
0,0,134,168,417,155,0,
360,667,2094,5515,2913,1174,420,
0,0,129,133,105,0,0,
0,0,78,86,159,73,20,
71,46,0,389,114,65,145,
65,0,137,158,123,49,39,
474,729,2831,5170,2418,1135,368,
23,0,76,312,230,31,0,
125,0,65,88,131,0,33,
177,19,64,117,152,22,44,
0,31,73,22,30,28,0,
406,675,1831,4074,1105,483,211,
131,0,187,207,147,31,24,
38,31,0,43,51,40,0,
28,0,74,30,30,0,36,
79,0,0,36,73,0,0,
784,1011,2268,2222,619,321,75,
137,29,86,152,46,32,99,
63,0,67,86,0,0,0,
62,0,32,0,81,0,0,
36,0,48,0,0,0,0
*****