2010 Education by Immigration status in Virginia, race/ethnicity, gender, age 25+, wgtd 2008-10 ACS, SSDAN/U-Mich
5
RaceEth,Gender,AgeEduc,Immentry,EducAll
7,2,5,5,7
NhWhite, Black, Asian, Hispanic, AmIndian, NHOther,NHMulti
Male, Female
25-34,35-44,45-54,55-64,65+
Native,FB<1980,FB80-89,FB90-99,FB00-Current
0-9Yrs,10-12Yrs,HSGrad,SomeColl,CollGrad,Masters,PhD-Prof
6910,15421,78764,92796,82466,22116,9948,
0,95,0,73,121,54,277,
0,0,509,337,352,186,212,
75,119,440,1183,928,541,302,
170,97,1515,1509,1653,1085,529,
10101,19191,86991,90851,76390,40289,16420,
0,28,256,376,426,340,75,
122,123,312,750,771,417,241,
117,297,1115,796,1294,1232,578,
331,304,681,654,1844,763,913,
17148,24179,105921,101862,79630,48008,18780,
36,49,784,1220,1320,970,400,
110,208,421,1010,1055,866,510,
29,274,634,655,1203,650,575,
132,93,455,462,662,590,156,
21784,14666,72764,81099,67285,45466,23390,
248,114,1116,1284,1390,1198,846,
0,35,242,349,428,284,619,
174,20,419,113,491,311,361,
256,0,256,217,368,263,105,
46108,21245,79815,64330,49523,35085,22389,
704,553,1177,1575,1082,968,1732,
0,56,137,203,311,250,236,
71,32,0,27,198,99,156,
61,43,322,101,183,98,30,
4534,9748,53768,90963,92530,38448,10533,
0,0,35,0,122,78,21,
0,58,125,466,644,254,183,
113,27,345,1144,1453,599,231,
105,235,1428,2098,3098,1349,476,
5585,10534,74176,101911,92153,43888,12040,
21,30,367,424,411,195,216,
49,180,141,415,504,243,207,
275,130,1382,1856,2126,1339,763,
200,95,969,1021,2071,914,422,
10771,15857,99669,124196,96718,43143,12659,
27,115,607,1334,1033,595,389,
39,208,743,1833,1011,497,179,
145,172,798,1002,1265,504,402,
170,31,507,501,1152,487,145,
15148,14652,92060,100652,64064,43309,10755,
218,299,1525,2965,1443,973,289,
100,96,435,826,498,465,184,
49,39,545,453,600,263,161,
124,35,410,300,437,139,73,
50304,37960,144519,94725,47514,22489,5648,
1247,1536,5570,5753,1697,971,657,
251,86,454,192,359,162,178,
475,249,408,96,205,80,43,
296,0,247,155,177,21,69,
4626,10201,31412,29645,11697,2015,729,
0,0,0,0,0,0,0,
0,39,309,419,103,54,0,
66,191,807,825,663,116,0,
145,414,1080,2135,1107,657,0,
5049,10226,36654,27034,9803,4624,1086,
0,0,0,267,88,132,22,
36,20,180,474,315,307,26,
91,69,802,910,660,746,154,
279,399,1446,1516,1007,481,265,
7951,14295,37719,28063,9570,4321,1045,
42,0,260,336,74,522,58,
245,91,360,1014,890,349,98,
119,196,583,912,563,452,21,
113,646,649,308,591,221,121,
8770,9131,22681,17662,6522,3292,1079,
143,107,248,318,324,229,106,
91,0,249,320,146,118,75,
60,38,199,109,67,33,65,
319,61,112,119,21,39,0,
16528,8452,14511,9363,2963,2617,938,
64,63,269,217,162,61,92,
0,0,12,0,42,138,0,
71,0,52,0,29,57,0,
43,25,50,171,85,0,25,
2681,8121,24259,39670,16071,5783,1337,
0,0,0,120,28,27,0,
0,46,149,294,335,154,0,
0,236,276,1130,1041,155,56,
338,644,1075,2252,1341,123,15,
3476,7434,29566,40742,15033,7902,2182,
0,0,71,297,27,206,0,
0,97,177,508,659,79,20,
148,187,1447,1630,511,618,27,
284,182,1196,1027,569,242,213,
4512,11558,33154,40885,15958,7177,1270,
98,65,233,664,340,110,116,
286,125,458,1018,746,324,20,
114,319,610,655,614,71,13,
179,142,852,363,225,53,0,
6391,9058,25482,25232,9091,5333,1407,
166,33,260,402,282,114,0,
0,43,200,431,119,0,0,
22,54,337,119,55,86,32,
331,262,285,90,116,0,0,
20722,14372,25172,14378,5473,3695,791,
51,139,272,108,0,72,21,
206,0,31,98,33,23,0,
173,82,202,80,59,0,0,
401,0,44,182,0,0,0,
0,232,750,2084,3351,936,513,
19,28,41,46,184,35,119,
0,118,252,1436,1536,463,254,
147,304,1381,2967,2430,1773,349,
169,374,528,1776,5179,5903,1125,
64,0,348,1225,1228,785,550,
0,106,162,895,1426,560,552,
261,410,829,1473,2141,1098,279,
609,435,1380,1755,3839,5212,1160,
249,449,620,608,3951,1898,722,
0,48,164,367,603,664,207,
124,202,333,1163,1589,675,422,
642,552,929,2401,2143,1887,882,
305,156,1107,906,1718,1419,866,
391,184,879,611,1332,759,459,
74,0,53,186,95,181,123,
76,294,438,1939,1477,896,724,
309,386,910,489,1383,579,136,
374,326,550,692,1065,213,162,
190,411,476,496,599,514,228,
100,140,148,72,96,85,82,
456,282,955,1238,1189,987,1222,
544,153,666,300,569,327,373,
482,477,523,358,499,205,212,
321,69,253,59,476,309,155,
95,109,476,1664,3016,1523,1003,
0,0,35,77,240,176,233,
48,45,346,1166,1763,576,527,
258,406,1809,2044,3687,1371,483,
536,364,1155,3306,7314,5982,1169,
177,0,360,967,1516,881,297,
0,23,144,572,1559,907,506,
62,289,577,1864,2552,793,359,
760,630,2653,2174,4908,4008,1144,
741,432,1565,2215,3800,1712,845,
29,35,164,480,670,284,193,
59,348,821,1703,1648,496,243,
945,597,2678,2440,3270,1392,184,
845,730,2035,1609,2189,764,173,
838,226,925,863,2744,493,200,
0,0,225,488,244,78,87,
502,465,2013,2229,2329,971,445,
818,481,1166,923,1235,434,211,
550,630,961,604,1060,178,183,
805,512,857,138,798,153,146,
173,174,316,220,159,57,79,
1353,548,1674,1628,1797,306,518,
1534,160,1018,409,558,88,43,
1362,309,610,232,650,196,119,
839,241,382,217,328,33,36,
1252,953,3913,6896,3031,684,221,
21,17,0,124,64,0,0,
607,288,737,1364,471,197,113,
6925,2371,5822,3023,840,282,32,
11215,2093,6212,3619,1997,768,119,
655,384,2081,4139,2383,1910,645,
376,109,287,358,277,85,73,
3526,1396,1916,1593,631,152,49,
5747,1142,3214,2174,1288,345,205,
5388,1078,1834,1469,1671,262,230,
300,269,1361,2746,1638,1061,647,
327,236,558,1047,669,298,181,
2692,834,1967,1910,1048,161,268,
1551,217,1314,1023,479,217,47,
1725,574,1211,268,532,265,103,
351,91,686,1111,990,604,375,
868,147,576,653,596,235,146,
967,303,441,344,228,65,165,
562,88,446,208,120,62,74,
490,51,195,249,285,186,107,
488,92,616,533,258,299,141,
297,152,275,181,308,239,140,
392,100,271,27,146,43,0,
218,0,144,115,0,0,0,
85,53,82,0,146,69,24,
1282,869,2749,5238,4410,1587,284,
0,0,40,0,0,202,33,
202,27,1294,1017,607,375,122,
4742,1311,3532,2516,1035,80,0,
7452,2194,4572,2975,2636,455,481,
280,186,1740,3969,3503,1602,323,
318,270,194,519,324,107,22,
1242,1098,1547,1184,750,258,31,
4863,1160,2491,2170,1516,711,177,
3084,879,2778,1620,2257,646,133,
249,221,1622,2986,1875,892,251,
177,143,378,892,534,390,172,
1991,768,1753,1452,1229,284,172,
1441,376,1590,1376,684,287,146,
578,262,1289,1089,1102,139,57,
286,251,1098,1441,1220,522,103,
765,27,798,872,178,230,128,
836,325,671,463,97,81,84,
671,104,484,220,140,26,23,
765,141,307,196,319,0,33,
674,270,1195,528,346,115,29,
870,199,741,843,270,85,115,
787,47,195,170,23,78,0,
831,114,123,69,86,33,0,
446,92,343,179,218,80,33,
0,67,306,320,287,112,25,
0,0,0,0,0,0,0,
0,0,109,30,63,0,0,
106,0,0,0,0,0,0,
109,101,218,29,0,0,0,
200,128,539,676,95,159,0,
0,0,0,0,0,0,0,
0,38,0,44,30,0,0,
0,0,0,0,0,0,98,
152,0,148,0,0,0,0,
107,213,351,186,122,102,68,
90,0,0,0,0,0,0,
116,0,0,34,0,0,0,
32,0,0,0,0,0,0,
0,0,18,0,0,0,0,
101,92,313,334,135,72,15,
0,41,13,0,0,0,0,
0,0,0,0,16,0,0,
0,0,0,56,0,0,0,
0,0,0,0,0,0,0,
369,168,307,123,133,0,53,
0,0,0,0,65,0,0,
0,0,0,0,25,0,0,
0,0,0,0,0,0,0,
0,0,0,0,0,0,0,
0,321,146,460,117,38,0,
0,0,0,0,0,0,0,
0,0,0,28,0,0,0,
0,0,20,0,126,40,0,
368,0,29,27,0,0,28,
0,79,445,874,267,32,62,
0,0,0,0,0,0,0,
118,0,0,35,0,0,0,
25,0,52,0,29,0,0,
0,0,80,21,0,0,0,
42,146,569,527,190,0,78,
0,0,0,0,0,0,0,
29,0,171,0,0,0,0,
0,0,0,0,30,0,0,
46,0,0,0,0,0,0,
0,94,443,449,70,16,14,
0,0,0,44,0,0,0,
0,0,0,0,16,0,0,
0,0,45,0,0,0,0,
0,0,0,41,0,0,0,
213,97,301,130,72,0,100,
0,0,0,0,0,0,0,
0,0,26,0,0,0,0,
0,0,0,0,0,0,0,
0,0,0,0,0,0,0,
22,0,52,166,284,31,0,
0,0,0,0,0,0,0,
0,0,0,0,0,0,0,
34,0,139,179,0,77,0,
0,0,44,0,225,189,0,
0,0,173,132,154,65,129,
0,0,0,0,0,0,0,
56,0,132,32,0,0,0,
39,0,0,0,20,30,0,
0,0,20,0,95,37,0,
0,0,110,281,187,222,0,
0,0,0,38,0,0,22,
0,0,70,0,0,0,0,
0,0,0,0,0,0,0,
0,0,116,0,70,0,0,
0,0,58,77,20,52,30,
0,0,0,22,0,0,0,
59,0,0,0,0,35,0,
0,0,0,32,21,0,0,
52,0,0,0,0,0,0,
0,63,38,0,0,22,22,
18,0,0,0,0,0,36,
0,0,0,0,0,0,0,
0,0,102,0,49,0,0,
0,0,0,0,0,0,0,
0,67,236,225,432,97,0,
0,0,0,0,0,0,0,
0,0,0,0,0,0,0,
86,0,20,0,43,0,0,
0,0,327,47,160,65,0,
0,0,128,184,90,83,11,
0,0,0,0,0,0,0,
0,45,0,0,85,0,37,
0,0,24,30,0,156,0,
30,0,133,0,26,162,121,
0,0,150,254,206,82,50,
0,0,0,46,0,0,0,
0,0,0,0,0,0,0,
0,0,0,58,44,33,0,
0,54,0,22,72,0,0,
0,0,61,29,47,29,77,
0,0,0,17,0,0,0,
0,0,117,0,0,0,0,
0,0,91,0,0,0,0,
0,0,0,0,0,0,0,
0,0,17,30,50,17,0,
21,0,21,0,0,0,0,
0,0,62,0,0,0,0,
0,45,0,0,0,0,0,
0,0,0,0,0,0,0,
195,228,1834,3067,2391,405,240,
0,0,25,0,0,0,0,
0,0,0,60,35,0,0,
39,0,25,136,21,36,31,
36,0,48,147,20,141,45,
186,634,840,1768,1416,498,139,
0,0,51,99,0,0,0,
42,0,0,29,61,47,0,
55,0,42,141,189,64,33,
74,0,16,33,115,0,0,
0,335,806,1300,965,527,268,
0,0,41,57,117,32,14,
23,44,30,61,142,80,34,
0,0,38,54,65,0,37,
0,0,73,67,13,44,0,
145,35,441,818,365,235,160,
0,8,0,30,55,0,0,
0,32,37,0,0,58,27,
0,29,32,0,28,34,0,
92,38,0,45,45,0,0,
255,140,702,532,198,151,59,
0,0,0,49,35,28,37,
0,0,0,19,37,36,0,
0,0,0,0,0,0,0,
16,0,0,29,0,0,0,
124,338,1118,2926,2625,1162,423,
0,0,0,0,113,0,27,
0,0,28,0,26,0,0,
57,0,100,93,82,0,0,
17,0,78,198,254,216,96,
24,113,954,1907,1489,1100,230,
0,0,23,101,0,32,49,
0,0,0,76,33,34,77,
27,0,41,33,148,76,45,
0,0,0,35,176,0,0,
108,191,749,2278,928,356,155,
0,0,0,369,142,13,29,
23,13,72,187,68,25,0,
0,24,58,67,65,53,25,
67,2,43,118,64,0,0,
77,224,608,976,656,441,86,
0,0,86,23,21,27,0,
0,0,57,56,0,31,0,
0,0,0,77,0,29,0,
123,0,0,32,22,0,0,
177,330,670,854,296,199,34,
87,140,126,61,29,0,0,
103,31,30,52,0,0,0,
66,0,0,0,0,0,0,
28,52,0,0,0,0,0
*****