2010 Education by occupation in Oklahoma, race/ethnicity, and gender for age 25+, wgtd 2008-10 ACS, SSDAN/U-Mich
5
AgeEduc,RaceEth,Gender,EducAll,Occup
5,7,2,7,6
25-34,35-44,45-54,55-64,65+
NhWhite,Black,Asian,Hispanic,AmIndian,NHOther,NHMulti
Male,Female
0-9Yrs,10-12Yrs,HSGrad,SomeColl,CollGrad,Masters,PhD-Prof
TopWC,OtherWC,Service,TopBC,OtherBC,Farm
238,227,166,1448,932,53,246,713,1174,3225,1706,254,2108,4332,4275,11789,7926,568,4912,9798,5037,9191,5108,362,8881,6342,1560,1584,633,196,2294,734,50,132,29,8,1559,145,58,0,0,0,
142,896,813,40,119,51,63,1806,2237,63,358,15,2046,10838,6857,582,1590,12,7338,18735,7296,619,1628,53,13778,7666,1829,0,291,175,3059,1053,190,0,30,12,1603,218,40,0,84,48,
22,27,178,106,0,0,129,179,277,238,358,0,264,667,1290,468,1580,77,678,1267,1004,381,508,0,877,333,181,196,41,0,48,0,139,0,0,0,213,0,0,0,0,0,
0,369,22,0,35,0,47,105,150,0,206,0,455,1019,692,38,408,0,961,3032,1224,96,215,0,653,1072,108,0,0,145,398,44,51,0,0,0,29,0,0,0,0,0,
45,0,0,0,0,0,66,36,126,51,32,0,62,0,98,58,186,21,197,260,101,0,92,0,538,237,86,23,88,0,388,245,0,0,0,0,102,0,0,0,0,0,
0,0,103,0,0,0,0,0,0,0,0,0,41,66,243,0,151,0,164,436,120,0,63,0,340,711,68,0,0,0,264,77,0,0,0,0,133,0,0,0,0,0,
114,120,1428,4840,1115,182,78,144,202,903,575,0,18,376,733,2359,1195,157,193,482,130,1045,523,0,452,227,144,232,0,0,106,72,0,37,0,9,36,0,0,0,0,0,
0,525,1773,402,417,12,0,144,371,75,132,0,319,953,978,82,459,27,486,1816,706,268,187,0,722,253,188,0,0,0,251,45,0,0,0,0,71,0,0,0,0,0,
45,15,0,231,174,21,0,35,241,477,209,82,188,368,614,1081,1666,61,375,712,534,1365,399,13,348,334,114,77,39,0,41,6,0,0,0,0,0,43,0,0,0,0,
0,108,38,0,16,26,71,195,148,0,200,0,263,1059,1173,143,294,0,791,1964,1062,26,229,0,994,783,273,0,0,0,273,108,0,0,0,0,66,0,0,0,0,0,
0,0,0,0,0,0,0,0,0,0,0,0,0,0,0,0,0,0,0,64,0,0,0,0,26,0,0,0,0,0,0,0,0,0,0,0,0,0,0,0,0,0,
0,0,0,0,0,0,0,0,0,0,0,0,0,0,0,0,0,0,0,0,0,0,0,0,0,28,0,0,0,0,35,0,0,0,0,0,0,0,0,0,0,0,
0,0,22,250,159,0,28,70,75,249,146,21,105,353,410,949,922,85,333,1067,509,509,695,68,788,498,214,44,45,30,72,40,30,0,62,0,74,0,0,0,0,0,
16,48,22,0,0,0,21,168,124,0,0,0,74,698,722,128,161,133,701,2061,1320,4,196,10,701,386,173,11,13,0,206,81,0,0,0,0,66,0,0,0,0,0,
151,102,326,859,598,73,417,684,343,2424,2325,57,2753,5526,4139,10537,8276,681,7095,9442,3473,7240,6155,641,8959,5169,949,668,805,394,2992,1229,58,76,121,14,2304,370,32,0,39,0,
0,428,771,51,93,10,260,1526,1263,45,289,0,3564,12176,7043,782,1336,276,6950,18438,5427,368,1458,583,12685,6133,1139,30,287,30,3900,1289,111,0,0,0,1679,26,51,0,0,0,
0,0,25,0,35,0,147,245,125,311,238,6,61,693,748,528,981,55,451,1063,501,481,420,0,311,215,93,79,68,0,216,102,0,0,0,0,14,0,0,0,0,0,
0,63,71,0,0,0,0,381,95,0,43,0,174,1270,1168,0,306,4,1382,2067,1079,216,184,0,1337,183,126,38,0,0,295,66,0,91,0,0,46,50,0,0,0,0,
29,30,0,0,47,0,25,0,27,0,98,0,0,140,0,78,157,0,44,142,89,99,255,11,538,278,13,73,0,0,322,86,0,0,0,0,259,16,0,0,0,0,
20,0,192,0,0,0,0,0,222,0,213,0,43,253,180,0,115,0,62,176,243,116,98,40,523,212,176,0,77,0,274,83,0,0,0,0,72,13,0,0,0,0,
57,60,727,2257,1270,466,233,90,260,427,182,143,126,201,450,1087,760,325,475,280,507,1127,536,30,255,0,105,197,73,44,108,148,0,0,0,0,34,0,0,0,0,24,
0,285,909,60,601,113,0,146,504,10,88,24,250,825,710,63,302,169,388,1069,514,0,283,0,219,380,26,0,27,0,311,68,15,0,27,0,58,0,0,0,0,0,
91,0,27,240,40,0,24,76,64,370,379,0,120,360,662,1598,1126,231,216,424,560,662,606,100,397,194,161,115,40,0,127,48,0,0,0,0,61,0,0,6,0,0,
0,99,101,121,24,0,32,139,509,72,157,0,157,1243,861,21,200,64,874,1604,941,0,310,0,1227,713,105,55,0,0,162,134,13,0,0,0,0,0,0,0,0,0,
0,0,33,81,0,0,0,0,0,32,0,0,0,0,0,0,0,0,0,0,0,0,0,0,0,0,0,0,0,0,0,0,0,0,0,0,0,0,0,0,0,0,
0,0,0,0,0,0,0,0,0,0,74,0,0,0,0,0,0,0,114,10,0,0,0,0,32,0,0,0,0,0,0,0,0,0,0,0,0,0,0,0,0,0,
0,0,39,126,13,0,32,14,101,321,112,0,314,292,129,892,1133,14,264,293,192,454,414,64,817,183,152,97,0,0,98,95,51,26,0,0,43,0,0,0,0,0,
130,0,10,0,0,0,0,29,337,0,64,0,306,373,595,0,232,54,721,1295,1061,0,194,49,598,273,99,0,0,0,277,31,19,0,0,0,22,0,0,0,0,0,
56,228,213,951,1251,66,252,843,792,2993,2138,135,3538,7351,4347,14314,9829,1627,8689,8433,4213,7731,6561,979,9720,5794,1030,1819,823,594,4928,1047,176,58,233,21,4296,254,29,0,43,8,
110,1054,630,0,408,21,217,1445,2045,119,656,38,4000,18421,6995,1023,2445,269,9973,22075,6018,816,1789,282,13267,6095,1067,99,134,125,5708,1389,203,0,76,0,1636,311,57,0,0,0,
33,18,61,112,0,0,30,39,58,93,28,119,223,856,1080,854,1322,0,511,748,770,722,991,40,408,447,80,91,81,0,128,21,118,36,0,0,21,46,0,0,0,0,
0,0,30,38,0,0,24,173,277,0,83,0,376,949,1104,30,370,0,735,2018,1041,0,110,0,590,489,282,0,0,0,513,144,0,0,0,0,92,59,0,0,0,0,
0,0,115,0,75,0,0,0,0,0,84,0,82,65,70,7,176,74,181,112,157,189,129,29,165,14,32,46,93,0,183,70,0,0,0,0,286,0,0,0,0,0,
0,40,76,0,69,13,0,0,198,0,144,0,60,419,236,28,176,0,53,123,96,27,0,0,174,94,69,0,0,0,206,0,38,0,0,0,279,0,0,0,0,0,
208,0,314,1163,955,465,6,88,308,207,68,31,245,358,236,670,561,571,271,138,135,377,55,0,183,154,99,0,134,18,79,66,9,0,33,0,233,28,0,0,0,45,
65,349,702,322,299,30,40,265,341,34,97,0,85,297,320,38,134,81,297,489,327,65,66,0,689,142,159,0,0,0,133,0,0,0,0,0,62,0,0,0,0,0,
0,39,28,49,305,0,164,72,123,408,323,87,549,269,439,953,901,31,364,516,462,670,499,11,631,25,48,106,78,26,67,0,100,0,0,0,137,24,0,0,0,0,
5,0,58,0,80,21,118,116,427,55,68,0,380,1515,1524,119,169,10,697,1894,926,30,220,3,776,436,118,0,0,0,299,130,91,0,0,0,67,0,0,0,32,0,
0,0,0,0,0,0,0,0,0,0,0,0,0,0,0,0,9,0,0,34,0,0,0,0,36,0,0,0,0,0,0,0,0,0,0,0,0,0,0,0,0,0,
0,0,0,0,0,0,0,0,0,0,0,0,0,0,0,0,106,0,36,0,0,0,0,0,9,0,0,0,0,0,0,0,0,0,0,0,0,0,0,0,0,0,
0,58,0,142,80,0,0,0,55,230,92,0,175,489,218,658,1114,87,285,329,348,572,193,103,516,134,16,38,66,24,174,104,0,23,0,0,64,0,0,0,0,0,
0,84,164,0,0,0,0,119,64,129,38,0,130,1011,414,12,279,69,551,1529,285,0,184,0,689,272,77,97,0,40,283,35,0,0,0,0,62,0,0,0,0,0,
330,87,126,636,644,80,234,452,469,1667,1359,159,2207,3556,2329,7812,7299,906,6256,8832,3346,7281,5834,702,8987,5721,750,1303,797,690,4722,1778,442,261,130,167,4577,451,33,30,0,0,
84,455,1125,23,190,110,302,1373,2171,80,315,70,3140,14368,5941,451,1812,261,6852,17881,3156,600,552,111,8885,4696,586,16,33,102,5758,1654,325,0,69,17,1522,230,0,0,36,0,
0,0,0,0,12,54,0,0,76,46,90,39,180,113,373,215,706,0,118,407,512,136,413,0,323,168,127,138,82,0,199,52,0,0,0,0,185,0,0,0,0,0,
0,52,0,0,79,0,53,81,539,0,26,0,128,566,424,0,235,0,494,1293,500,0,118,0,357,443,49,0,0,0,307,36,65,0,0,0,225,0,0,0,0,0,
9,0,37,0,0,36,0,0,0,37,171,0,65,118,58,0,60,0,0,0,0,33,106,0,26,91,0,73,38,0,209,0,0,0,49,0,224,0,0,0,0,0,
0,83,238,0,101,15,0,32,28,21,70,0,181,15,310,0,245,0,57,43,65,76,151,0,196,121,0,0,0,0,0,28,0,0,0,0,20,0,0,0,0,0,
39,255,74,863,694,96,0,20,0,24,10,0,8,62,31,350,137,0,122,252,55,198,195,0,196,37,0,0,34,0,0,0,51,0,0,0,14,0,0,0,0,0,
0,158,522,0,217,82,23,0,30,56,19,0,16,218,130,24,53,0,48,196,91,50,0,0,66,161,0,0,0,0,25,39,0,0,0,0,0,0,0,0,0,0,
0,23,26,17,54,0,49,8,275,110,132,6,87,212,120,391,671,31,304,654,331,474,328,0,540,334,17,106,77,0,189,42,0,0,0,36,65,26,0,0,0,0,
93,22,110,0,0,0,0,89,79,24,105,0,189,856,689,141,68,10,510,1106,421,75,245,0,388,189,8,0,29,0,132,72,0,0,0,0,46,0,0,0,0,0,
0,0,0,0,0,0,0,0,0,0,0,0,0,0,0,0,0,0,0,43,0,0,0,0,0,0,0,0,0,0,0,0,0,0,0,0,19,0,0,0,0,0,
0,0,0,0,0,0,0,0,0,0,0,0,0,0,0,0,0,0,0,41,0,0,0,0,0,0,0,0,0,0,0,0,0,0,0,0,0,0,0,0,0,0,
9,107,0,88,31,0,35,0,51,33,15,0,40,101,77,339,382,48,226,63,252,306,211,14,294,125,101,53,44,93,125,123,36,0,0,23,57,0,0,0,0,0,
0,58,33,0,0,0,62,48,111,0,0,38,199,496,293,56,176,0,236,580,228,0,0,0,409,81,52,0,0,0,192,93,0,29,0,0,0,0,0,0,0,0,
68,316,268,551,684,443,74,506,276,539,1053,407,1719,2609,1439,3943,3693,1286,3134,4366,1513,1801,2350,437,3244,1887,297,447,295,540,1920,989,122,178,163,74,2445,482,75,43,0,55,
54,622,762,19,27,35,299,1013,944,5,175,25,1793,9033,2967,244,713,288,2512,8313,1730,297,260,325,1534,1725,268,12,23,8,1920,763,178,35,0,15,335,195,0,0,0,9,
0,0,10,5,57,0,0,29,0,38,206,0,298,131,139,126,209,0,0,126,95,30,112,0,10,126,52,0,91,0,70,64,0,0,0,0,0,0,0,0,18,0,
0,25,97,32,0,0,35,25,241,0,0,0,57,332,342,0,57,0,100,224,77,0,128,0,56,119,0,0,0,29,151,24,0,0,0,0,94,27,0,0,0,0,
31,0,2,0,26,0,37,0,0,0,0,0,0,23,10,97,89,0,72,0,0,0,0,0,147,0,0,0,0,0,53,34,0,0,0,0,25,0,0,0,0,0,
0,23,98,0,26,0,0,0,0,0,0,0,0,78,97,0,0,0,41,19,0,0,0,0,60,0,0,0,0,0,0,0,0,0,0,0,0,37,0,0,0,0,
0,15,58,0,38,21,0,33,0,0,123,0,51,24,0,41,46,0,0,161,0,0,10,0,22,0,0,71,0,0,0,38,0,0,0,0,154,0,0,0,0,0,
0,0,157,0,0,0,0,27,0,0,0,14,84,112,50,0,0,0,24,0,85,0,26,0,0,87,0,0,0,0,0,0,0,0,0,0,0,0,0,0,0,0,
0,0,18,62,15,0,24,0,41,31,7,27,27,92,170,69,134,0,42,102,61,75,99,10,107,0,0,45,0,12,85,6,0,0,0,0,27,0,0,0,0,0,
0,87,52,0,9,0,0,111,85,0,37,0,0,320,188,30,82,0,71,413,72,0,0,0,125,80,110,0,0,0,0,103,0,0,0,0,19,0,0,0,0,0,
0,0,0,0,0,0,0,0,0,0,0,0,0,0,0,0,0,0,0,0,0,0,0,0,0,0,0,0,0,0,0,0,0,0,0,0,30,0,0,0,0,0,
0,0,0,0,0,0,0,0,0,0,0,0,0,0,0,0,0,0,0,0,0,0,0,0,36,0,0,0,0,0,0,0,0,0,0,0,0,0,0,0,0,0,
0,0,93,33,15,40,73,32,50,199,0,0,83,75,16,152,76,7,101,179,34,40,64,42,56,154,0,0,19,0,34,29,5,0,0,0,94,39,0,0,0,0,
0,105,36,0,25,0,0,27,22,0,20,0,92,282,31,21,33,0,135,293,181,0,6,0,60,85,0,0,0,0,42,36,19,0,0,0,63,58,0,0,0,0
*****