2010 Education by Immigration status in Indiana, race/ethnicity, gender, age 25+, wgtd 2008-10 ACS, SSDAN/U-Mich
5
RaceEth,Gender,AgeEduc,Immentry,EducAll
7,2,5,5,7
NhWhite, Black, Asian, Hispanic, AmIndian, NHOther,NHMulti
Male, Female
25-34,35-44,45-54,55-64,65+
Native,FB<1980,FB80-89,FB90-99,FB00-Current
0-9Yrs,10-12Yrs,HSGrad,SomeColl,CollGrad,Masters,PhD-Prof
11280,21847,102316,101614,63481,11160,5470,
0,0,0,0,44,0,0,
0,0,0,42,60,0,33,
22,0,306,50,327,30,113,
81,6,154,728,1076,455,168,
12036,22162,122343,103888,61609,16141,7032,
0,0,103,204,200,0,8,
0,0,27,82,71,146,43,
75,0,261,318,317,158,362,
0,72,398,227,264,338,250,
16126,26549,153786,109629,60863,20115,11222,
0,25,205,938,353,285,26,
0,22,242,218,158,269,295,
24,15,397,183,150,170,308,
0,8,162,69,498,230,172,
13727,16513,114204,88811,49103,23820,13322,
87,194,965,673,402,286,315,
0,0,309,107,60,34,93,
0,65,199,54,23,89,68,
0,0,101,45,60,49,0,
34966,29194,127474,63688,32043,18482,12438,
467,425,962,892,631,220,356,
29,25,64,59,43,73,34,
35,48,98,33,25,4,121,
0,0,94,54,0,0,7,
10109,16997,72776,114826,78092,17578,5634,
0,0,0,28,22,0,0,
0,0,146,24,61,22,0,
58,0,316,300,340,62,0,
0,65,178,696,1027,451,257,
9853,18131,97580,120517,70865,19938,6008,
0,0,215,187,229,67,149,
0,23,191,253,0,194,55,
0,22,414,250,795,451,82,
0,70,291,434,342,322,87,
12888,20445,150550,127743,59632,26410,5407,
0,61,789,584,203,64,66,
30,0,286,323,194,149,131,
33,7,284,419,228,281,122,
0,32,164,626,140,145,41,
13910,18546,134082,94471,35758,33133,5793,
206,193,1233,916,300,191,115,
0,0,155,52,146,0,127,
0,100,159,70,24,0,0,
136,29,27,33,36,22,0,
41976,48613,206982,80036,24549,22280,3376,
1331,717,3117,1991,564,372,200,
22,30,38,67,0,100,32,
21,0,136,0,25,21,0,
11,37,77,50,131,0,26,
1787,5294,14377,11714,3353,550,25,
0,0,0,0,0,0,0,
0,0,47,103,55,32,0,
0,0,130,225,164,0,0,
179,40,60,535,426,154,0,
1171,3515,12570,11943,4266,813,224,
0,0,0,37,0,0,0,
0,36,126,22,75,132,0,
0,0,130,238,235,46,26,
107,134,243,411,490,163,27,
1403,3382,14506,12419,3296,613,263,
0,0,33,62,27,97,73,
0,0,55,89,39,70,0,
24,61,47,108,94,178,22,
83,0,59,90,9,48,22,
1436,2349,9277,6421,2174,665,356,
0,0,13,40,46,85,39,
0,0,0,113,140,0,35,
0,0,0,66,23,0,0,
0,42,25,0,0,21,0,
3681,3765,5884,3627,1060,366,294,
122,0,0,18,35,0,0,
0,0,0,0,0,0,0,
0,0,0,0,47,0,0,
0,0,0,0,0,0,0,
776,4197,11166,18862,5293,1384,391,
0,0,0,0,0,0,0,
0,0,29,39,60,0,0,
16,85,154,195,85,56,0,
208,0,101,292,374,130,27,
852,3626,11028,16912,4591,1505,393,
0,0,0,95,26,0,0,
0,0,0,33,0,111,0,
49,53,94,549,206,0,0,
33,69,119,356,56,147,0,
857,3804,13795,15610,4266,1460,397,
0,0,20,31,0,0,0,
125,0,0,307,26,62,0,
0,28,28,130,0,20,52,
0,68,122,51,30,0,0,
1411,2693,9091,9222,2703,1775,207,
0,0,22,34,0,0,0,
0,0,23,0,0,31,0,
0,0,167,0,89,103,0,
54,0,0,37,0,0,0,
4938,4920,10232,5938,1195,1340,180,
0,27,32,0,22,0,0,
10,0,0,0,0,0,0,
133,0,0,0,0,0,0,
151,0,40,0,0,0,0,
0,0,84,465,816,163,178,
0,0,0,0,0,0,0,
0,37,0,256,183,82,0,
0,241,124,216,61,154,91,
276,155,324,322,1719,2137,336,
0,27,55,178,339,89,151,
0,0,65,110,39,47,197,
31,104,24,217,359,82,0,
319,127,221,349,833,652,920,
378,337,460,143,474,639,483,
0,71,116,39,182,23,46,
31,0,169,164,306,200,51,
124,177,112,74,370,213,411,
18,20,274,70,136,162,370,
26,245,260,82,442,34,80,
50,0,111,0,45,38,34,
65,0,70,183,230,202,509,
154,147,15,0,210,0,104,
64,21,52,0,77,0,17,
24,0,83,70,156,188,0,
0,52,30,0,28,37,0,
65,25,19,54,229,274,580,
53,17,69,0,73,17,0,
133,0,0,0,0,43,69,
272,0,103,0,0,0,98,
19,0,104,314,419,180,252,
0,0,178,45,115,0,34,
0,0,84,186,267,49,2,
0,28,204,371,258,302,51,
391,396,573,896,2054,1803,631,
25,4,153,371,209,37,131,
0,0,97,133,356,70,112,
211,56,322,128,294,158,18,
108,236,496,442,883,556,377,
443,159,620,392,958,458,322,
0,0,237,137,188,182,48,
41,82,236,164,392,85,45,
91,67,441,430,249,134,219,
122,17,560,294,188,245,130,
274,0,152,52,538,31,55,
0,0,136,112,16,0,59,
204,293,308,393,798,203,137,
16,0,224,103,82,179,0,
150,28,29,46,98,71,0,
239,38,57,0,259,29,0,
10,0,150,25,77,0,5,
206,119,654,223,374,117,148,
135,0,77,37,71,0,34,
55,0,12,48,125,0,0,
105,0,69,0,49,39,0,
999,1710,4942,5211,1560,403,185,
0,83,0,17,0,0,0,
495,157,545,187,134,0,0,
3198,1426,2660,928,370,62,0,
5621,2297,4590,527,654,113,88,
529,1202,3849,3049,837,463,78,
130,51,359,170,211,52,17,
1554,304,1005,479,0,36,0,
2955,566,1582,692,206,53,73,
2197,316,1274,671,222,205,148,
306,832,2500,2350,682,419,170,
1174,458,504,435,27,112,25,
1553,336,520,308,67,0,178,
518,332,620,213,132,38,0,
862,144,355,247,144,45,72,
857,552,2033,787,317,105,182,
814,119,465,150,95,0,0,
531,29,89,0,16,28,0,
699,146,46,42,0,0,0,
311,0,40,123,42,0,0,
1221,286,846,410,70,103,16,
544,198,384,77,18,0,101,
105,7,0,0,0,0,0,
50,14,51,0,0,0,0,
25,0,0,0,0,0,40,
1320,1182,2901,6279,1908,540,280,
0,0,0,137,27,0,0,
258,70,137,206,251,0,0,
1703,739,1694,853,94,25,0,
3809,735,3391,679,623,75,0,
414,777,3301,3440,1202,154,209,
82,54,649,184,250,0,67,
1017,156,558,312,62,39,24,
2900,522,2165,695,265,292,38,
1717,402,1260,579,430,342,26,
127,556,2685,2494,958,237,92,
362,83,322,398,226,27,111,
732,236,500,247,94,41,22,
1283,188,224,104,192,5,38,
912,135,117,224,172,0,0,
550,589,1804,973,310,277,79,
718,213,349,175,128,27,0,
135,27,64,0,0,50,0,
743,0,132,22,24,0,20,
503,0,138,209,0,0,0,
1190,336,1359,601,137,165,0,
866,259,495,357,19,35,24,
104,0,0,0,0,30,0,
289,0,101,0,17,0,0,
163,0,29,0,0,0,0,
74,63,453,242,177,0,0,
0,0,0,0,0,0,0,
0,27,0,0,0,0,0,
0,0,0,0,0,0,0,
53,26,0,36,39,0,0,
33,48,675,331,20,9,34,
0,0,0,0,0,0,0,
0,0,0,0,0,0,0,
34,0,33,0,0,0,0,
41,0,0,0,0,0,0,
77,224,389,347,149,71,0,
0,0,0,0,0,0,0,
0,39,24,0,0,0,0,
0,0,0,0,0,0,0,
0,0,0,0,0,0,0,
40,73,250,239,116,21,22,
0,0,0,0,0,0,0,
0,0,0,0,0,0,0,
0,0,0,0,0,0,0,
0,0,0,0,0,0,0,
109,60,161,73,22,109,37,
0,0,0,0,0,0,0,
0,0,0,0,0,0,0,
0,0,0,0,0,0,0,
0,0,0,0,0,0,0,
30,66,74,492,151,18,32,
0,0,0,0,0,0,0,
0,0,0,0,0,0,0,
60,0,0,0,0,0,0,
21,0,0,0,0,0,0,
67,19,305,434,29,54,56,
0,0,0,0,0,0,0,
0,0,0,0,0,0,0,
0,0,0,0,0,0,0,
0,0,0,0,0,0,0,
63,148,620,531,83,206,51,
0,0,0,0,0,0,0,
0,0,0,0,0,0,0,
0,0,0,0,0,0,0,
0,0,0,0,0,0,0,
98,76,450,147,50,107,12,
0,0,0,0,0,0,0,
0,0,0,0,0,0,0,
0,0,0,0,0,0,0,
0,0,0,0,0,0,0,
72,130,136,35,20,0,0,
9,0,18,0,0,0,0,
0,0,0,0,0,0,0,
0,0,0,0,0,0,0,
0,0,0,0,0,0,0,
19,0,43,143,169,0,38,
0,0,0,0,0,0,0,
0,0,0,0,0,0,0,
0,0,0,0,0,0,0,
0,0,0,58,0,0,110,
0,0,36,286,0,0,30,
0,0,0,0,0,0,0,
0,0,21,0,0,0,0,
0,0,0,23,0,60,0,
0,0,0,0,95,0,0,
0,0,24,37,0,0,27,
0,0,0,0,0,0,0,
0,0,0,0,0,0,0,
0,0,63,0,72,0,0,
0,0,0,0,0,0,0,
23,0,66,60,0,0,104,
0,0,0,0,0,0,0,
0,0,0,0,0,97,0,
0,0,0,0,0,0,0,
92,0,0,0,0,0,56,
0,0,0,0,0,0,46,
0,0,0,0,31,0,0,
0,0,0,0,0,0,0,
0,0,0,0,0,0,0,
0,0,0,0,0,0,0,
56,0,28,100,61,0,18,
0,0,0,0,0,0,0,
0,0,0,0,128,0,40,
0,0,70,0,0,0,39,
0,0,0,0,0,0,0,
29,0,122,272,28,27,31,
0,0,0,0,0,0,0,
0,0,0,0,0,0,0,
0,0,0,0,70,0,0,
0,0,83,0,30,109,0,
0,0,95,15,0,29,0,
0,0,0,0,39,0,0,
0,0,28,0,127,0,0,
0,0,117,0,0,0,0,
97,0,0,34,0,0,0,
23,101,26,35,0,43,0,
0,0,0,0,0,0,0,
0,0,0,0,0,0,87,
0,0,0,0,0,0,0,
0,0,0,0,0,0,0,
0,0,0,0,0,42,49,
0,0,0,44,28,0,0,
0,0,0,0,0,0,0,
0,0,0,0,0,0,0,
0,0,0,0,0,0,0,
108,168,1378,1814,544,338,114,
0,0,0,0,0,0,0,
0,0,21,28,0,0,61,
0,0,0,0,48,0,0,
0,0,0,139,106,41,0,
180,287,1413,1569,800,130,70,
0,0,42,101,47,0,0,
0,0,0,0,0,0,0,
0,0,58,32,0,0,0,
0,44,0,54,0,0,0,
104,532,1327,1149,318,377,118,
0,0,0,75,41,0,0,
0,0,0,0,53,0,0,
0,0,48,0,0,0,0,
0,0,0,0,103,0,0,
237,191,456,846,293,127,80,
0,0,53,0,0,66,0,
0,0,0,0,0,0,0,
0,0,0,0,0,0,0,
0,0,0,0,0,0,0,
241,279,403,516,30,19,56,
0,23,0,0,0,0,61,
0,0,0,0,0,0,0,
0,0,60,0,0,0,0,
0,0,0,0,0,0,0,
176,452,929,1255,1147,19,36,
0,0,0,0,0,0,0,
0,0,0,0,0,0,0,
0,0,0,0,58,0,0,
38,0,49,0,85,0,0,
122,101,1023,1290,867,192,81,
0,0,27,77,0,0,0,
0,23,0,0,0,0,0,
0,0,0,28,0,44,0,
0,0,39,0,28,0,0,
94,334,1099,982,342,107,121,
0,0,105,0,61,0,25,
0,0,0,0,0,0,0,
0,0,0,0,0,0,0,
0,0,0,2,0,0,0,
144,358,1153,710,189,181,74,
0,0,54,22,0,0,0,
0,0,0,0,0,0,0,
0,0,62,0,0,0,0,
0,0,0,0,0,0,0,
538,359,1005,507,66,98,53,
0,0,41,17,0,16,0,
31,0,0,0,0,0,0,
0,0,52,0,0,0,0,
0,0,0,0,0,0,0
*****