2010 Education by Immigration status in Iowa, race/ethnicity, gender, age 25+, wgtd 2008-10 ACS, SSDAN/U-Mich
5
RaceEth,Gender,AgeEduc,Immentry,EducAll
7,2,5,5,7
NhWhite, Black, Asian, Hispanic, AmIndian, NHOther,NHMulti
Male, Female
25-34,35-44,45-54,55-64,65+
Native,FB<1980,FB80-89,FB90-99,FB00-Current
0-9Yrs,10-12Yrs,HSGrad,SomeColl,CollGrad,Masters,PhD-Prof
1877,7141,43249,62991,37002,6715,2358,
0,0,0,0,0,0,0,
0,38,0,19,0,0,0,
219,117,581,188,173,70,23,
30,30,429,69,323,203,337,
2836,5573,48791,58384,33838,9189,4003,
0,0,0,35,17,0,69,
0,0,112,116,149,0,41,
0,78,329,249,258,41,110,
0,51,7,213,8,89,0,
4439,8138,81532,63083,29850,8862,6618,
0,0,59,265,42,49,18,
0,0,0,70,127,63,122,
34,172,331,199,259,0,108,
0,0,31,348,67,0,0,
4930,5529,58178,52118,31241,10703,6852,
0,0,270,204,22,18,66,
0,0,0,0,109,0,46,
0,46,246,32,0,35,0,
0,27,0,55,30,0,0,
22278,12135,80563,36158,17668,8011,7385,
147,190,353,242,266,16,111,
0,0,0,0,0,0,0,
30,0,0,0,0,0,0,
18,0,126,0,0,0,55,
1865,4511,26942,63780,45287,10426,3362,
0,0,0,0,0,0,0,
0,0,47,110,44,0,48,
169,108,388,262,90,19,0,
43,55,327,389,173,219,174,
1668,4351,34057,65891,39219,12604,3930,
0,0,0,82,25,47,0,
0,0,47,85,89,0,0,
35,0,391,123,141,102,162,
0,0,210,118,0,61,38,
2868,5696,63753,80393,37582,10586,2934,
73,44,105,268,15,78,0,
43,0,48,225,51,35,74,
24,80,690,229,343,9,84,
0,0,195,116,0,61,0,
3568,5345,61414,56918,28232,12428,3458,
0,67,429,347,41,43,36,
0,0,56,0,12,0,73,
242,0,32,22,39,35,0,
0,0,132,164,0,4,49,
23103,16015,122553,55960,22231,7234,1351,
376,391,996,721,154,118,42,
0,0,63,0,0,0,0,
138,0,0,0,0,0,61,
40,0,38,116,0,0,0,
279,932,1656,2144,305,0,50,
0,0,0,0,0,0,0,
0,0,0,0,156,0,0,
62,0,0,0,56,0,0,
0,0,0,376,95,51,0,
0,621,1581,1362,899,280,60,
0,0,17,0,0,0,0,
0,0,0,0,27,0,0,
30,0,0,35,29,0,36,
151,75,125,397,161,236,20,
146,535,1636,1633,521,132,38,
0,0,0,0,0,0,0,
0,0,0,0,0,118,0,
19,0,0,31,0,0,0,
60,0,0,84,0,25,0,
180,229,1226,1075,63,158,86,
0,0,0,0,0,0,0,
0,0,0,0,0,0,0,
0,0,0,0,56,0,0,
0,0,29,32,0,0,0,
428,530,325,223,35,65,0,
0,0,0,0,0,0,0,
0,0,75,0,0,0,0,
0,0,0,0,0,0,0,
0,0,0,0,0,0,0,
21,438,1132,2609,903,257,0,
0,0,0,0,0,0,0,
0,0,0,50,0,0,0,
0,0,0,111,0,23,0,
139,0,237,507,277,0,0,
66,287,762,2727,372,37,0,
0,0,0,0,57,0,0,
0,0,0,0,0,0,2,
40,0,0,46,92,45,0,
374,0,99,0,82,0,0,
371,95,1210,1186,181,91,0,
0,0,0,0,0,76,0,
0,0,0,0,48,0,0,
31,0,33,82,0,0,0,
39,0,28,87,0,0,0,
598,391,985,791,334,156,0,
0,0,0,0,0,0,0,
0,0,0,0,0,0,0,
0,0,0,0,0,0,0,
0,0,23,0,0,0,0,
646,535,819,495,95,0,10,
0,0,0,0,0,0,0,
0,0,0,0,0,0,0,
0,0,0,0,0,0,0,
0,0,0,0,0,0,0,
0,0,30,244,230,0,0,
0,0,0,35,0,0,0,
33,0,199,170,176,43,37,
27,80,142,304,590,0,49,
49,103,0,0,597,1027,459,
0,0,0,0,160,0,64,
0,24,0,108,137,136,53,
44,451,355,202,139,57,124,
234,104,331,146,252,340,236,
90,29,0,76,267,459,429,
0,0,22,0,0,0,0,
49,102,11,104,20,0,0,
8,101,221,26,263,48,98,
282,30,74,0,113,41,198,
0,0,93,0,83,125,0,
0,0,0,7,28,41,0,
43,33,99,64,48,34,82,
117,32,0,32,35,0,106,
72,54,234,107,0,0,99,
0,0,66,0,41,31,162,
60,0,0,75,6,0,0,
59,0,56,91,68,0,182,
33,60,0,0,0,0,0,
0,63,191,0,79,0,0,
0,0,0,0,0,0,0,
0,0,33,96,132,110,251,
0,0,0,43,117,0,58,
6,0,0,368,53,23,0,
35,53,49,262,164,44,167,
28,233,532,557,1036,889,283,
0,0,117,43,57,50,59,
76,0,79,22,254,115,160,
53,0,333,150,127,62,0,
267,140,293,243,337,274,48,
0,0,518,292,288,154,89,
0,0,18,0,250,0,0,
0,0,173,205,50,43,0,
199,189,168,11,144,10,176,
126,41,281,100,28,74,0,
25,0,77,40,105,0,0,
0,75,0,0,61,0,0,
168,21,242,46,166,0,99,
78,0,89,126,90,29,59,
67,0,0,37,101,158,59,
29,47,68,0,114,0,0,
0,0,0,0,0,0,0,
210,44,85,199,159,0,0,
71,0,39,52,0,0,0,
165,40,119,0,29,0,0,
0,0,0,0,78,0,0,
635,472,1594,1710,302,0,59,
0,0,0,82,0,0,0,
183,77,174,0,53,0,0,
1372,295,1077,600,59,74,0,
2069,234,1655,518,204,95,134,
489,212,454,1073,121,162,83,
0,100,0,15,40,36,0,
1159,205,237,261,136,0,29,
1665,54,1324,42,24,28,38,
916,280,446,96,86,23,0,
188,55,608,312,141,8,15,
272,55,205,198,0,0,0,
723,160,187,276,0,116,0,
619,119,284,102,30,0,0,
285,102,444,106,113,36,0,
131,191,423,351,14,0,0,
612,147,0,85,31,0,72,
294,0,0,0,0,0,0,
130,0,43,0,0,28,0,
235,0,77,0,33,0,0,
182,143,277,291,33,0,0,
181,0,85,0,0,40,147,
0,25,0,0,0,0,0,
240,0,0,0,11,0,28,
9,0,42,0,0,0,0,
390,117,1680,1702,552,68,72,
0,0,0,66,0,92,10,
119,99,34,124,0,0,0,
1002,476,1059,57,83,69,0,
1487,353,490,168,285,42,92,
294,427,693,1315,406,101,6,
0,12,31,0,27,0,19,
735,80,218,101,0,0,0,
1155,107,639,227,131,36,0,
1549,0,121,184,127,0,0,
158,255,844,779,201,99,0,
293,0,46,77,20,0,0,
834,0,7,16,36,0,0,
276,66,41,112,0,0,0,
598,49,9,68,0,0,0,
166,56,393,564,60,144,32,
274,0,45,85,48,83,50,
42,0,0,14,0,43,0,
197,0,0,61,0,0,0,
278,0,68,0,0,0,0,
67,239,816,64,23,0,70,
110,0,0,88,0,0,65,
137,0,0,64,0,0,0,
294,0,12,41,0,33,0,
65,0,0,0,0,0,0,
22,250,136,422,0,0,0,
0,0,0,0,0,0,0,
0,0,0,0,0,0,0,
31,0,0,0,0,0,0,
0,0,0,80,0,0,0,
23,91,161,115,178,0,0,
0,0,0,0,0,0,0,
0,0,0,0,0,0,0,
0,0,0,0,0,0,0,
0,0,0,0,0,0,0,
24,75,103,164,30,0,0,
0,0,0,0,0,0,0,
25,0,32,0,0,0,0,
0,0,42,0,0,0,0,
0,0,0,0,0,0,29,
24,43,37,38,76,0,0,
56,0,0,0,0,0,0,
0,0,0,0,0,0,0,
56,0,0,0,0,0,0,
0,0,0,0,0,0,0,
31,0,176,62,43,4,0,
0,0,0,0,0,0,0,
0,0,0,0,0,0,0,
0,0,0,0,0,0,0,
0,0,0,0,0,0,0,
0,112,151,631,23,0,0,
0,0,0,0,0,0,0,
0,0,0,0,0,0,0,
26,0,0,0,0,0,0,
0,0,0,0,0,0,0,
0,14,92,159,232,0,0,
0,0,0,0,0,0,0,
0,0,0,0,0,0,0,
0,0,0,0,0,0,0,
0,0,0,0,0,0,0,
56,8,60,184,0,0,50,
0,0,0,0,0,0,0,
0,0,0,0,0,0,0,
42,46,0,0,0,0,0,
0,0,0,0,0,0,0,
4,0,243,276,27,42,4,
0,0,0,0,0,0,0,
0,0,0,0,0,0,0,
0,0,0,0,0,0,0,
0,0,0,0,0,0,0,
8,93,122,88,39,0,0,
0,0,0,0,0,0,0,
0,0,0,0,0,0,0,
0,0,0,0,0,0,0,
0,0,0,0,0,0,0,
0,0,0,152,31,51,0,
0,0,0,0,0,0,0,
0,0,0,0,0,0,0,
0,0,0,88,0,0,0,
0,0,0,0,0,0,0,
0,0,0,0,0,22,0,
0,0,0,0,0,0,0,
0,0,0,0,0,0,0,
0,0,0,0,0,0,0,
0,0,0,0,0,0,0,
0,0,93,7,0,48,41,
0,0,0,0,0,83,0,
0,0,0,0,0,0,0,
0,0,0,0,0,0,0,
0,0,0,0,0,0,0,
0,0,0,0,0,0,0,
0,0,0,0,0,0,0,
0,0,0,0,0,0,0,
0,0,0,0,0,0,0,
0,0,0,0,0,0,0,
19,0,0,11,0,0,0,
0,0,0,0,0,0,0,
0,0,0,0,0,0,0,
0,0,0,0,0,0,0,
0,0,0,0,0,0,0,
0,0,21,0,0,0,11,
0,0,0,0,0,0,0,
0,0,0,0,0,0,0,
0,0,0,0,0,0,0,
0,0,0,0,0,0,0,
0,0,47,42,0,0,0,
0,0,0,0,0,0,0,
0,0,0,0,0,0,0,
0,0,0,0,0,81,0,
0,0,0,0,0,34,0,
0,0,0,0,0,0,0,
0,0,0,0,0,0,0,
0,0,0,0,0,0,0,
0,0,0,0,0,0,0,
0,0,0,0,0,0,0,
0,0,0,0,8,0,0,
0,0,0,0,0,0,0,
0,0,0,0,0,0,0,
0,0,0,0,0,0,0,
0,0,0,0,0,0,0,
0,0,0,0,0,0,50,
0,0,0,0,0,0,0,
0,0,0,0,0,0,0,
0,0,0,0,0,0,0,
0,0,0,0,0,0,0,
110,232,821,1450,125,73,0,
0,0,0,0,0,0,0,
0,0,0,67,0,0,0,
0,0,0,0,0,0,0,
0,0,0,0,46,0,0,
72,0,426,842,93,0,139,
0,0,0,34,0,0,0,
0,0,0,0,0,0,0,
0,0,0,0,0,0,102,
0,0,0,0,0,0,56,
109,105,442,360,203,65,0,
0,0,0,0,0,0,0,
0,0,60,0,0,0,0,
0,0,64,0,0,0,0,
0,0,0,0,0,0,0,
78,34,284,227,117,46,22,
0,0,0,33,0,0,0,
0,0,0,0,0,0,0,
0,0,0,0,0,0,0,
0,0,0,0,0,0,0,
58,63,206,131,72,53,0,
0,0,0,0,0,55,0,
0,0,0,0,0,0,0,
0,0,0,0,68,0,0,
0,0,0,0,0,0,0,
67,34,294,1105,505,104,78,
0,0,0,0,0,0,0,
0,0,0,0,28,0,0,
0,0,0,0,0,0,0,
0,0,0,0,0,65,0,
0,53,683,1333,169,51,0,
0,0,0,0,0,0,0,
0,0,0,0,0,0,0,
0,0,0,0,0,0,0,
0,0,0,0,0,0,0,
0,69,406,379,43,87,0,
0,0,0,43,0,0,0,
95,0,0,0,0,0,0,
0,0,0,0,0,0,0,
0,0,68,0,0,0,0,
201,55,296,168,111,0,0,
0,0,0,95,0,0,0,
0,0,0,0,0,0,0,
0,0,0,0,0,0,0,
0,0,0,0,0,0,0,
110,80,362,389,85,0,0,
18,0,44,0,0,0,0,
0,0,0,0,34,54,0,
0,0,0,0,0,0,0,
0,0,0,0,0,0,0
*****