2010 Education by Immigration status in Tennessee, race/ethnicity, gender, age 25+, wgtd 2008-10 ACS, SSDAN/U-Mich
5
RaceEth,Gender,AgeEduc,Immentry,EducAll
7,2,5,5,7
NhWhite, Black, Asian, Hispanic, AmIndian, NHOther,NHMulti
Male, Female
25-34,35-44,45-54,55-64,65+
Native,FB<1980,FB80-89,FB90-99,FB00-Current
0-9Yrs,10-12Yrs,HSGrad,SomeColl,CollGrad,Masters,PhD-Prof
7216,21953,100471,83830,54120,12539,4901,
0,0,24,0,18,0,0,
0,0,123,185,80,58,21,
140,212,673,455,237,85,74,
20,165,402,535,649,302,359,
16057,23521,110344,88866,57229,16010,8862,
0,0,235,123,125,0,36,
0,0,77,569,270,0,63,
59,45,483,692,305,318,278,
73,70,572,520,441,215,210,
24484,29389,124651,90904,54873,17052,11756,
26,56,129,562,416,289,125,
27,57,135,234,204,87,84,
181,24,379,382,356,34,199,
0,54,116,377,659,115,68,
25564,20563,93785,79532,51815,20225,14068,
20,53,317,885,473,113,280,
0,62,101,279,178,60,197,
22,33,98,281,217,47,84,
28,20,45,14,245,71,19,
58691,27353,96076,64027,38110,16332,14375,
172,127,430,506,191,277,462,
62,0,66,64,104,23,60,
0,0,141,31,169,23,52,
0,37,37,0,34,0,25,
5253,16316,78057,94712,68583,21495,6156,
0,0,0,22,18,22,0,
0,0,108,129,193,56,32,
30,167,272,336,362,252,38,
210,0,719,325,720,412,179,
11210,16482,96328,107179,62387,22660,7140,
0,28,62,133,163,29,31,
0,27,251,229,111,46,0,
97,66,697,852,369,189,295,
30,0,453,401,900,79,188,
17702,21288,125033,117281,57523,21367,7219,
69,0,282,357,241,166,60,
0,31,360,406,519,62,120,
95,20,306,402,372,220,113,
43,0,150,311,516,76,69,
21873,20796,120044,92003,40040,24731,6011,
54,75,700,861,193,20,71,
0,29,129,182,96,0,82,
0,68,158,55,122,113,72,
36,0,157,136,315,0,29,
75463,46014,157084,84979,28386,16221,3833,
536,507,1466,1604,677,286,81,
31,0,157,61,33,25,33,
0,0,131,51,183,22,0,
35,0,36,136,16,39,0,
2891,9493,23657,19656,7685,1115,318,
0,0,0,0,0,0,0,
0,0,63,133,27,26,0,
170,0,69,283,214,25,0,
135,173,635,605,280,20,24,
1482,6996,26479,18962,6891,1958,461,
0,0,26,23,31,0,0,
0,0,55,72,27,0,108,
178,0,109,241,256,77,55,
415,131,351,403,344,218,16,
3716,8815,27690,17889,5127,1137,786,
0,0,0,34,175,38,36,
0,0,0,125,51,166,57,
0,0,0,209,186,44,58,
0,26,110,198,144,40,43,
3920,6361,16138,12354,3970,1418,632,
0,0,27,51,39,247,0,
0,0,0,22,0,0,30,
0,0,55,85,81,0,0,
0,0,77,0,33,0,30,
8648,4848,8339,4856,2359,868,501,
64,32,65,28,0,0,0,
0,0,0,0,30,0,39,
0,0,32,0,0,0,0,
63,0,25,0,0,0,0,
2191,6560,20598,29333,11086,4310,659,
0,0,0,0,0,0,0,
32,112,0,82,0,0,21,
171,0,132,573,140,25,0,
192,236,226,603,66,151,22,
1704,6483,24008,27405,10694,4477,1119,
0,0,32,0,107,0,55,
0,0,163,85,54,57,28,
99,0,310,135,108,118,94,
84,76,396,98,358,0,122,
4060,6741,26356,28809,7187,3621,655,
0,0,0,150,4,0,0,
37,21,73,116,22,91,0,
133,58,153,111,0,41,36,
0,0,30,54,32,60,0,
3612,6943,19096,17038,4934,3051,950,
0,33,26,0,0,34,0,
0,0,0,49,0,27,0,
0,0,73,0,20,0,80,
0,56,0,36,0,0,0,
12592,10469,14146,8245,2847,2221,423,
0,0,0,14,0,0,0,
30,44,0,0,21,0,0,
114,0,0,0,0,0,0,
62,0,73,0,0,0,0,
0,84,473,370,302,38,211,
0,0,23,112,39,0,30,
0,114,414,256,310,55,0,
46,14,496,192,262,171,73,
193,231,449,350,1541,1057,288,
30,0,269,89,72,68,128,
0,210,150,138,218,90,74,
95,233,429,278,202,126,37,
213,109,213,271,768,772,479,
22,18,226,409,737,429,523,
0,11,0,199,186,230,70,
78,0,160,131,133,14,99,
164,68,422,422,319,108,372,
0,0,146,202,279,214,468,
9,30,44,154,286,129,122,
0,26,0,104,25,30,0,
13,0,186,102,270,322,100,
79,38,460,137,244,116,0,
76,32,230,0,175,84,0,
0,0,26,13,39,0,0,
26,0,0,42,0,0,9,
315,0,98,115,143,137,519,
80,0,128,68,0,0,26,
0,77,53,25,333,0,0,
37,104,33,27,63,0,0,
0,78,212,643,323,227,126,
0,0,11,182,57,2,0,
0,0,203,155,382,60,39,
0,28,178,364,417,80,23,
253,329,956,976,1573,1299,340,
0,0,178,318,146,158,190,
21,76,85,122,195,35,86,
54,163,291,575,180,18,47,
254,91,744,615,956,563,448,
141,51,395,387,764,361,316,
32,0,161,109,52,55,28,
187,149,316,97,400,32,82,
194,67,937,246,215,416,55,
168,151,545,281,532,258,185,
82,29,352,342,303,185,65,
0,33,41,32,101,0,0,
279,247,740,158,396,104,161,
195,54,223,198,131,29,97,
160,46,101,26,129,196,29,
114,7,0,90,111,0,0,
0,62,31,15,20,0,0,
279,101,101,260,107,123,49,
208,64,168,39,0,20,22,
81,46,41,16,92,0,118,
183,0,352,32,158,21,0,
814,776,1930,1238,1239,66,43,
0,0,96,0,0,0,0,
62,116,309,258,146,0,4,
4727,1377,2838,1202,100,29,74,
6956,2053,5598,1055,547,85,177,
372,317,1279,1772,779,241,335,
37,44,39,12,0,0,0,
1389,432,1097,391,164,46,0,
3118,609,1790,636,242,49,28,
3279,853,2249,660,256,91,73,
138,303,739,987,560,172,191,
109,73,116,66,55,0,92,
874,95,264,234,54,17,100,
763,246,487,568,185,36,69,
1268,282,396,216,84,40,0,
168,82,318,603,166,188,58,
315,42,66,298,106,0,41,
149,0,113,38,0,0,0,
264,150,129,64,0,78,0,
179,0,217,68,27,0,0,
333,57,377,339,215,110,67,
48,144,43,86,133,26,74,
245,0,52,16,26,0,0,
177,0,112,0,28,0,0,
115,0,0,0,75,0,0,
463,688,1975,2764,1019,307,115,
0,0,59,52,0,0,0,
46,200,247,80,22,0,20,
2490,986,1859,567,212,20,36,
4400,568,3268,908,466,87,58,
381,382,988,1814,550,556,198,
26,0,31,165,66,0,0,
614,24,812,64,25,0,0,
2576,350,1719,476,222,0,97,
1800,471,1234,404,425,53,106,
213,147,808,1384,600,129,50,
73,78,222,85,231,34,19,
593,155,225,145,43,209,54,
723,223,133,337,148,7,39,
996,190,441,23,205,0,64,
206,80,646,685,352,165,55,
227,23,113,158,0,33,0,
70,32,59,0,52,53,23,
197,17,106,0,118,25,0,
348,0,195,67,0,0,0,
651,187,641,363,276,0,0,
202,111,362,226,81,69,0,
159,22,0,0,116,0,0,
204,0,103,36,0,0,0,
0,0,0,0,0,0,0,
25,59,360,116,172,0,14,
0,0,0,0,0,0,0,
0,0,0,0,0,0,0,
0,35,0,0,0,0,0,
76,0,249,47,0,0,0,
86,186,463,216,43,0,0,
0,0,0,0,0,0,0,
0,172,0,0,0,0,0,
0,0,0,0,0,0,0,
81,0,168,82,0,0,0,
99,289,467,220,330,62,0,
26,0,0,0,0,0,0,
0,0,0,0,0,0,0,
0,0,0,0,0,0,0,
0,0,91,0,0,0,0,
71,19,308,325,116,63,40,
0,0,0,0,0,0,0,
0,0,0,0,0,0,0,
0,0,0,0,0,0,0,
0,0,0,0,0,0,0,
35,96,160,87,42,53,35,
0,0,0,0,0,0,0,
0,0,0,0,0,0,0,
0,0,0,0,0,0,0,
0,0,0,0,0,0,0,
0,34,142,295,226,0,0,
0,0,0,0,0,0,0,
0,0,0,0,0,0,0,
22,0,0,0,0,0,0,
24,51,0,6,0,0,0,
7,68,147,257,78,31,0,
0,0,0,0,0,0,0,
0,0,0,0,0,0,0,
0,0,0,0,0,0,0,
0,0,0,0,42,0,0,
139,203,337,652,218,0,0,
0,0,0,0,0,0,0,
0,0,0,0,0,0,0,
0,0,0,0,0,26,0,
0,0,0,51,0,0,0,
59,188,289,288,62,29,0,
0,0,24,0,0,0,0,
0,0,0,0,0,0,0,
0,0,0,0,0,0,0,
0,0,0,0,0,0,0,
177,84,155,177,30,0,0,
0,0,0,0,0,0,0,
0,0,0,0,0,0,0,
0,0,0,0,0,0,0,
0,0,0,0,0,0,0,
0,0,0,65,0,0,0,
0,0,0,0,0,0,0,
0,0,0,0,21,23,0,
0,0,0,0,0,0,0,
0,0,0,0,72,34,0,
0,36,68,0,66,0,27,
0,0,0,0,0,0,0,
0,0,0,0,0,0,0,
0,0,0,0,0,0,25,
0,0,117,0,0,0,95,
0,0,20,49,22,0,0,
0,0,0,0,0,0,0,
0,0,0,0,0,0,0,
0,0,0,0,0,0,0,
0,0,0,0,0,0,0,
0,0,14,28,25,0,0,
0,0,0,0,0,0,19,
0,0,0,0,90,0,49,
0,0,0,0,0,0,0,
0,0,0,0,0,0,0,
19,0,0,0,0,0,0,
0,0,0,0,0,0,0,
0,0,0,0,0,0,0,
0,0,0,0,0,0,0,
0,0,0,0,0,0,0,
0,0,0,141,97,0,80,
0,0,0,0,0,0,0,
0,0,0,0,0,0,0,
0,0,0,0,0,0,0,
0,0,0,0,0,76,0,
0,0,56,82,0,72,0,
0,0,0,0,0,0,0,
0,0,0,0,0,22,0,
0,0,0,0,26,31,0,
0,0,0,0,0,0,0,
0,0,21,11,28,0,0,
0,0,0,31,0,0,0,
0,0,0,0,0,49,0,
0,0,0,0,0,0,0,
0,0,46,0,0,0,0,
0,0,0,36,0,0,0,
0,0,0,0,0,0,0,
0,0,0,0,0,0,0,
0,0,0,0,0,0,0,
0,0,0,0,0,0,0,
0,0,16,46,0,0,0,
0,0,0,0,0,0,0,
0,0,0,0,0,0,0,
0,0,0,0,0,0,0,
0,0,0,0,0,0,0,
142,304,1456,1520,700,141,205,
0,0,0,0,0,0,0,
0,0,0,0,0,0,0,
0,0,7,0,0,0,0,
75,0,226,68,56,65,0,
428,409,1272,806,566,277,94,
0,0,0,0,52,0,0,
0,0,0,27,0,47,0,
80,49,94,57,37,0,0,
0,0,0,0,43,13,0,
451,417,1246,1154,415,82,0,
0,0,0,0,17,0,0,
0,0,0,0,0,0,6,
0,0,50,14,0,76,0,
0,0,0,0,0,0,0,
249,241,534,641,222,123,8,
0,0,0,0,34,0,0,
0,0,18,0,0,0,0,
0,0,0,0,0,0,0,
0,0,0,0,0,0,0,
999,356,697,494,128,45,97,
0,0,0,0,0,0,0,
0,0,0,0,0,0,0,
0,30,43,0,0,0,0,
0,0,0,0,0,0,0,
158,248,1237,2098,978,225,81,
0,0,0,0,0,0,0,
0,0,0,0,28,0,0,
0,0,0,81,0,79,0,
25,0,0,106,136,74,0,
151,244,683,1739,478,116,119,
55,0,0,0,43,60,0,
0,0,0,32,0,0,6,
40,0,55,0,0,0,0,
84,12,0,110,0,0,0,
383,256,919,1539,573,91,200,
0,0,45,28,16,0,0,
0,0,0,0,0,0,0,
22,0,0,0,0,0,0,
0,0,37,0,0,0,0,
296,58,1180,1056,275,205,17,
18,96,0,0,0,0,0,
39,0,0,0,0,0,0,
0,0,48,0,0,0,0,
30,0,0,0,0,0,0,
799,399,703,472,82,32,17,
0,0,0,0,0,0,0,
0,0,0,0,0,0,0,
0,0,56,0,0,0,0,
32,0,0,52,0,0,0
*****