2010 Education by Immigration status in Illinois, race/ethnicity, gender, age 25+, wgtd 2008-10 ACS, SSDAN/U-Mich
5
RaceEth,Gender,AgeEduc,Immentry,EducAll
7,2,5,5,7
NhWhite, Black, Asian, Hispanic, AmIndian, NHOther,NHMulti
Male, Female
25-34,35-44,45-54,55-64,65+
Native,FB<1980,FB80-89,FB90-99,FB00-Current
0-9Yrs,10-12Yrs,HSGrad,SomeColl,CollGrad,Masters,PhD-Prof
6654,19701,109284,150411,146571,35127,13939,
75,0,0,60,227,37,62,
27,71,626,1018,1244,345,229,
682,695,3830,3420,2998,1097,166,
414,363,4303,5136,6228,2294,1108,
6578,16525,127279,152313,130371,49163,19965,
109,265,1556,720,925,547,241,
375,477,1810,1651,998,837,234,
717,788,6691,4621,3242,2802,1006,
442,494,4019,2739,2017,1551,1171,
11442,25357,181902,190838,122732,53675,27262,
556,525,2755,3419,1989,1261,406,
352,674,2905,3037,1568,1544,981,
557,773,4636,2376,2446,1669,1319,
475,263,2541,1487,1198,840,416,
11641,19010,125072,150784,97373,52439,27782,
1921,1673,5540,4880,2784,1554,1563,
444,232,2599,1529,1462,789,555,
605,788,1671,881,1890,1019,651,
286,156,792,476,391,390,140,
39773,39620,175988,113217,67301,35361,26014,
7904,2749,8073,5566,2712,1801,2006,
706,198,917,225,309,283,291,
641,165,699,382,622,289,210,
798,118,530,402,285,104,157,
5463,11886,69811,150227,159491,60089,13971,
0,21,0,332,553,28,55,
0,27,540,1541,1514,122,431,
260,329,2754,4464,5016,1776,513,
347,405,3426,6000,5806,3772,1055,
5541,12713,101210,171849,134557,58169,14788,
65,215,1027,1301,1225,532,337,
343,191,1657,1605,1336,566,318,
399,631,5811,5132,4432,2338,901,
414,152,2926,2906,3027,1921,480,
8889,17786,170561,221068,130881,58308,15670,
660,734,3593,3025,1812,632,308,
702,263,2689,3082,2152,1055,435,
691,328,4115,2353,3237,1913,989,
489,400,3186,2239,1273,594,148,
9317,18193,157163,162165,85974,58360,12616,
1901,1248,6757,5318,2818,1408,693,
508,602,2590,1635,1270,751,237,
988,618,3126,1139,1661,737,529,
789,414,1560,704,831,379,155,
58279,57330,305378,156166,63081,34184,6658,
12465,5417,14122,7739,3019,1797,807,
1401,120,1455,872,519,311,323,
1778,122,1500,463,937,647,249,
1017,231,792,458,352,124,78,
4348,14806,34988,37341,11694,2418,906,
0,0,0,35,55,0,0,
20,44,170,186,117,0,0,
87,86,486,488,240,364,17,
318,326,725,1600,393,99,205,
3923,10694,34103,40539,13053,5202,1417,
0,0,43,50,277,61,112,
15,94,70,55,66,312,0,
164,13,496,786,487,270,176,
26,192,316,713,485,319,132,
6079,14754,36195,38864,10996,3906,1186,
8,45,214,432,465,209,199,
25,0,95,700,624,390,137,
68,25,36,787,388,267,150,
166,26,236,413,314,72,15,
5094,10257,24191,25202,7282,4029,1635,
143,73,342,498,275,134,34,
121,37,34,323,215,108,0,
98,55,131,24,38,81,148,
28,0,73,63,64,0,40,
15213,10971,18563,14931,4087,2088,1461,
71,129,226,227,101,109,228,
198,0,30,46,0,0,0,
126,0,0,0,0,0,52,
49,0,64,0,0,0,0,
2851,11363,30668,51198,21018,7581,1147,
0,0,116,0,0,0,0,
0,33,57,123,130,0,0,
0,91,173,657,426,236,0,
0,211,541,1371,501,174,0,
3057,10346,31318,55911,19914,9329,1969,
0,0,0,92,26,63,197,
12,53,124,337,212,48,16,
81,196,391,703,460,172,155,
246,160,535,343,260,117,0,
4582,14521,31894,57147,17870,8162,2711,
22,29,205,245,121,173,67,
0,24,332,308,171,207,24,
48,34,638,334,178,219,106,
119,152,405,424,97,29,37,
4421,12553,26702,35403,11113,8383,1785,
49,110,245,466,23,36,0,
0,47,208,0,158,0,36,
106,36,101,45,31,140,38,
153,0,105,29,137,47,0,
20089,16932,31888,26459,6586,5433,684,
233,65,266,308,162,58,0,
340,104,165,0,0,0,0,
54,79,34,35,30,0,0,
213,66,0,0,0,0,0,
204,138,560,3808,7180,2245,1398,
0,0,82,163,114,307,266,
79,129,634,1184,2079,277,372,
178,249,884,2461,3830,2539,416,
124,141,622,1960,8707,8922,2206,
104,110,240,1094,2363,1079,661,
32,25,242,716,1630,937,820,
211,155,1533,1896,2385,1027,501,
437,248,1415,2519,5359,5879,1473,
242,129,1121,1461,4066,2918,1696,
60,23,285,1089,1297,348,251,
36,237,820,1753,1311,575,221,
544,763,1145,2601,3330,2132,1303,
387,303,1103,1377,2873,2288,1150,
466,330,1141,417,1490,508,565,
0,24,205,275,509,402,123,
295,220,994,1778,4037,1368,1602,
486,329,1194,1236,3210,627,500,
406,352,1522,884,1406,391,473,
396,272,734,366,1299,374,222,
127,203,480,458,303,48,24,
546,420,841,1001,3039,1829,2175,
771,369,635,609,1452,240,245,
327,361,557,422,734,346,205,
322,74,444,721,967,279,163,
108,160,306,1756,7120,2379,2263,
0,0,218,268,335,162,132,
0,29,504,1898,2820,625,534,
191,166,1355,1858,4681,1122,835,
457,437,1860,2676,11685,8841,1312,
0,113,217,853,2342,1374,682,
53,44,405,898,2968,681,361,
237,219,1066,2066,2293,634,288,
524,730,1683,2504,7890,4681,1448,
748,246,2234,1467,5257,2233,962,
36,24,175,948,980,583,199,
179,93,780,1547,2101,455,264,
559,617,1928,3200,5250,1613,709,
1100,468,1858,1793,3530,1072,576,
807,580,1412,929,1894,665,228,
48,77,231,467,483,358,116,
850,446,1758,2532,6516,1612,972,
1067,393,1015,1557,2785,668,314,
847,337,1180,354,1821,353,18,
498,434,1258,511,1742,100,19,
23,43,684,331,296,287,0,
2503,927,2061,1429,2751,1569,869,
1781,394,970,557,1404,173,67,
1923,536,890,426,1261,65,0,
818,276,599,341,980,163,37,
5685,9953,23605,23387,10271,1786,880,
175,128,985,528,57,106,0,
2438,1609,4424,3209,1251,98,78,
24255,5566,17083,4962,2107,166,257,
16392,3574,13740,3331,2211,655,725,
3650,4761,13429,13646,6013,2286,757,
1518,1370,4044,3408,1660,243,100,
16522,3396,10378,4642,1368,282,86,
17480,3998,16139,4751,1428,446,190,
7515,1423,4367,1962,1662,603,358,
3234,3333,9918,8598,3120,914,772,
12568,2316,7684,3425,1633,600,216,
12134,1458,5009,2803,1203,217,216,
4836,910,2981,2121,1124,252,172,
2191,809,1488,496,394,174,86,
2494,2000,5249,4661,1557,534,300,
12022,2124,5469,3522,871,376,372,
2311,234,1117,701,442,17,213,
1968,185,1035,451,319,57,87,
1362,229,621,371,216,26,67,
4849,1662,3595,1610,472,165,229,
8669,1060,2526,1149,357,248,630,
1987,41,500,177,41,0,33,
2071,28,282,0,137,0,32,
1192,171,68,62,30,0,113,
3085,6520,16954,28374,15752,4243,1276,
245,350,736,984,246,86,113,
679,1126,2782,2603,1737,324,74,
13566,3459,12158,6152,1424,421,24,
13943,3273,13617,4270,1970,696,1046,
2596,3385,11442,17351,6968,2747,794,
1350,664,2476,3078,1209,737,92,
8436,2098,7338,4066,1137,80,0,
20239,3933,13154,4586,2685,541,378,
7085,1243,4069,1802,1590,550,392,
2813,2577,8929,9360,4159,1662,643,
8634,2231,4758,4539,887,701,91,
9135,1197,3595,2959,1013,224,136,
7914,947,3377,1382,1114,226,28,
3900,522,1702,713,495,132,75,
3724,1819,6277,5106,834,887,259,
9363,1587,3927,2381,700,476,246,
3060,219,1147,718,183,170,73,
3985,355,780,223,318,61,29,
2810,312,711,253,225,0,0,
7414,1970,4637,2203,428,346,76,
8403,1147,3214,1630,962,170,123,
3208,151,494,226,30,19,0,
2022,198,252,209,212,0,49,
2118,131,213,101,95,0,34,
62,127,266,781,350,0,0,
0,0,0,0,0,0,0,
0,0,32,0,0,0,0,
0,8,86,40,0,0,0,
10,0,0,0,0,33,0,
25,82,497,192,230,13,75,
23,0,0,0,0,83,0,
160,0,32,0,0,0,0,
0,20,61,26,0,0,0,
0,0,89,0,0,0,31,
0,71,451,822,152,103,126,
0,0,0,30,0,0,0,
51,93,72,0,0,0,0,
81,0,0,0,0,0,0,
0,0,50,0,0,0,0,
30,0,304,695,70,132,57,
158,0,70,57,0,0,0,
21,0,0,0,0,0,0,
0,0,0,0,0,0,0,
0,0,0,0,18,0,0,
95,76,232,167,41,55,52,
52,0,26,0,0,0,0,
4,0,0,0,0,0,0,
31,0,0,0,0,0,0,
0,0,0,0,0,0,0,
70,22,219,820,166,36,22,
0,0,0,0,0,0,0,
0,0,0,22,31,0,0,
0,0,50,0,0,0,0,
86,0,0,0,100,0,0,
0,176,249,676,74,6,36,
0,0,0,56,0,0,0,
111,0,0,0,0,77,0,
149,0,141,88,0,0,0,
0,0,0,0,0,16,0,
29,92,609,548,127,116,86,
64,0,12,0,0,0,0,
51,0,0,0,0,0,0,
109,38,63,0,0,0,0,
0,0,0,31,0,0,0,
60,67,370,373,172,194,81,
41,0,165,4,0,0,0,
21,119,0,0,0,0,0,
39,0,0,0,0,0,0,
0,0,0,0,0,0,0,
70,161,248,341,84,11,19,
93,0,0,0,21,0,0,
0,0,0,0,0,0,0,
4,45,0,0,0,0,0,
26,0,0,0,0,0,0,
0,22,305,167,433,38,33,
0,0,0,0,0,0,0,
138,0,0,0,27,0,0,
77,0,0,157,108,32,23,
0,85,10,45,169,0,0,
29,0,196,94,35,0,0,
223,0,95,22,0,13,0,
164,66,0,110,57,0,0,
71,70,0,30,0,17,31,
196,94,0,73,64,182,0,
0,75,24,139,42,180,94,
0,0,0,70,0,0,0,
0,0,28,29,25,0,0,
0,0,69,0,0,94,0,
0,0,0,0,0,0,0,
0,0,67,137,27,0,26,
33,0,0,0,0,0,0,
0,0,0,0,102,0,0,
0,0,0,0,0,0,0,
0,0,0,0,0,0,0,
23,0,0,37,0,0,0,
0,0,0,0,0,40,11,
0,0,0,65,0,0,0,
0,0,0,50,0,0,0,
0,0,124,0,125,0,0,
171,88,217,250,411,30,0,
0,0,0,0,34,0,0,
25,0,0,0,174,0,0,
124,79,150,92,59,31,29,
39,0,0,29,112,128,0,
0,43,117,137,149,209,0,
0,0,7,0,61,0,0,
0,0,47,116,100,0,0,
110,0,74,181,71,0,0,
0,0,0,27,136,0,0,
0,21,93,401,110,77,9,
40,0,0,34,0,0,39,
0,0,0,85,30,0,0,
27,0,21,37,0,0,0,
111,0,49,0,34,0,0,
123,0,0,141,23,29,0,
0,0,0,72,58,0,41,
0,0,65,0,0,0,0,
57,0,0,0,0,0,0,
0,0,0,0,122,0,0,
57,0,51,0,20,28,0,
23,0,0,41,0,0,0,
0,0,0,0,84,0,0,
0,0,0,0,0,0,0,
136,0,42,0,0,0,0,
143,469,2013,2790,2255,662,449,
0,0,55,0,0,0,0,
0,0,0,0,51,0,31,
0,0,51,29,197,40,33,
0,0,239,161,105,80,27,
87,530,1624,2207,1748,486,212,
0,0,28,61,23,0,25,
0,0,0,193,133,60,31,
17,0,30,130,210,217,20,
40,0,54,23,105,0,90,
201,501,876,1063,550,391,38,
0,0,104,29,102,239,0,
0,0,62,99,0,0,0,
0,86,0,0,120,0,0,
66,0,26,38,0,0,0,
159,132,621,838,441,152,140,
30,0,0,81,151,79,79,
0,0,51,48,0,0,0,
0,0,32,91,42,22,0,
0,0,46,43,43,0,0,
257,176,737,633,238,182,84,
27,0,59,43,25,0,32,
57,0,0,0,0,0,0,
0,0,31,0,0,0,0,
44,0,34,40,37,0,28,
227,140,1251,3189,2605,879,320,
0,0,0,0,0,0,0,
0,21,0,61,25,25,0,
0,0,0,42,134,0,44,
0,41,104,165,164,72,0,
58,187,1158,2822,1360,906,198,
0,0,51,73,27,26,0,
0,0,46,0,29,0,0,
0,29,53,147,272,98,40,
65,0,58,26,137,28,39,
300,152,660,1809,900,555,296,
0,43,53,41,150,0,0,
0,0,58,26,78,120,0,
82,0,63,51,108,45,0,
4,40,27,15,0,0,0,
23,105,877,1676,437,336,24,
42,57,51,34,123,49,34,
22,62,0,39,76,0,0,
30,0,0,0,0,0,0,
24,0,28,0,44,0,0,
290,237,866,1016,436,353,81,
92,21,5,52,79,0,38,
159,20,92,19,27,0,0,
53,0,34,19,0,0,27,
0,0,0,0,85,0,0
*****