2010 Education by Immigration status in Washington, race/ethnicity, gender, age 25+, wgtd 2008-10 ACS, SSDAN/U-Mich
5
RaceEth,Gender,AgeEduc,Immentry,EducAll
7,2,5,5,7
NhWhite, Black, Asian, Hispanic, AmIndian, NHOther,NHMulti
Male, Female
25-34,35-44,45-54,55-64,65+
Native,FB<1980,FB80-89,FB90-99,FB00-Current
0-9Yrs,10-12Yrs,HSGrad,SomeColl,CollGrad,Masters,PhD-Prof
4852,18384,75268,111203,69091,12871,6552,
0,0,0,92,100,0,0,
39,108,380,456,352,129,25,
23,330,1244,1737,786,327,148,
132,278,1522,1295,3292,1483,668,
5282,14747,75346,112649,71721,22599,10310,
50,70,316,602,363,289,169,
154,139,188,642,669,181,40,
181,227,1396,2122,1643,1067,659,
461,207,1695,1714,1958,1100,568,
6656,18275,101200,129383,76454,28112,14288,
79,56,958,2043,937,598,102,
0,334,410,1061,1156,774,377,
137,279,1459,1271,1814,882,619,
46,124,761,1207,685,416,220,
4216,8521,63979,125814,69670,33048,17910,
223,211,1065,2540,1742,920,383,
0,92,701,566,413,132,361,
69,130,285,820,349,191,331,
127,230,536,316,370,90,117,
15545,18036,77632,87704,57361,26105,18558,
881,780,2394,3799,2634,1527,1410,
68,94,124,168,284,169,243,
549,110,367,302,235,139,122,
109,0,60,194,186,74,0,
3792,10682,57394,112749,75450,21700,6883,
41,0,31,0,81,0,39,
23,45,319,794,608,82,176,
105,62,1323,2154,548,493,210,
285,295,1552,2469,3102,777,645,
3016,9863,57963,120840,73491,30158,9164,
30,0,457,782,515,237,239,
110,72,314,775,369,328,81,
104,122,1343,3094,1307,1060,600,
226,229,1371,1961,1413,1306,410,
5196,11903,86736,154417,76141,29705,9666,
141,191,1466,2845,1389,472,225,
86,110,632,1229,890,952,60,
182,387,2076,2291,1895,663,194,
110,131,1228,1338,593,216,131,
4278,9388,76407,137394,64599,32696,9247,
105,391,1916,4425,1627,987,425,
49,38,493,889,366,95,111,
242,114,507,611,580,317,0,
225,97,354,494,151,121,73,
14739,26276,127701,118067,48546,21359,5006,
1869,3264,7869,8044,2777,1164,670,
238,170,243,273,50,147,64,
943,68,484,498,396,202,77,
401,125,207,379,283,131,20,
498,1024,5165,5906,1991,362,30,
0,0,0,0,32,0,0,
0,0,0,19,106,0,28,
33,41,733,764,101,178,43,
214,307,658,1395,432,62,33,
191,954,3614,7271,2225,715,73,
0,0,0,0,0,0,0,
45,0,157,419,459,60,0,
349,57,412,767,315,79,35,
201,359,773,458,374,52,154,
297,1079,4396,6623,2221,528,251,
0,0,94,213,128,36,0,
107,0,61,443,145,38,72,
176,52,126,462,70,118,83,
0,22,32,139,95,175,33,
229,692,2573,4397,1172,648,356,
47,0,0,156,145,166,135,
36,96,0,86,0,53,78,
0,37,0,292,142,0,0,
0,0,65,49,23,0,0,
388,420,1700,1713,1202,410,215,
0,0,0,17,25,51,79,
9,0,0,0,0,29,0,
85,0,0,101,2,0,33,
0,0,0,109,0,0,26,
211,633,2996,5256,1225,202,182,
0,0,0,0,116,0,0,
0,0,86,169,115,0,0,
161,90,146,1081,196,35,0,
691,245,1170,823,484,0,267,
221,1052,2756,4983,1478,797,97,
0,0,0,0,0,0,0,
69,99,63,314,0,70,0,
449,83,523,657,128,112,34,
158,75,294,578,72,61,0,
154,1107,2692,6827,2226,553,208,
33,0,85,69,139,20,0,
29,0,90,57,66,74,0,
252,10,349,122,100,0,82,
89,75,91,188,68,0,0,
438,572,2079,3392,976,551,256,
142,0,80,115,80,0,34,
0,0,132,20,0,0,0,
293,0,231,161,44,0,0,
100,46,171,177,18,0,0,
811,1270,1653,1902,679,381,210,
24,0,43,64,42,0,0,
34,0,0,0,0,0,0,
34,36,34,227,0,0,0,
59,0,30,25,0,0,0,
214,453,3384,4180,4530,693,458,
0,0,78,249,274,28,179,
102,456,710,1911,1847,133,225,
237,552,1346,2007,2531,919,372,
287,97,979,1253,4997,4301,1134,
132,352,1856,2468,2206,1083,628,
0,0,796,1296,1021,596,603,
301,350,1482,2288,1920,797,462,
709,504,1620,2331,2385,2757,1352,
627,352,756,1342,2242,1129,537,
23,351,1707,2531,1628,743,432,
291,162,1051,1883,1034,612,217,
1334,656,1318,2352,2402,917,624,
345,275,1251,1019,1133,646,612,
204,378,745,600,1337,340,352,
61,31,635,1506,1201,491,262,
171,452,990,2452,2209,548,484,
796,291,1266,688,801,262,213,
689,412,798,928,713,169,129,
455,142,787,269,477,124,21,
297,192,545,902,766,475,268,
1107,318,1160,958,1516,762,810,
933,248,644,307,426,52,77,
827,323,700,423,541,53,32,
478,230,615,143,432,151,0,
347,358,1680,4729,5059,1128,801,
54,0,251,269,387,147,121,
81,187,969,2390,2327,498,234,
386,174,1125,2802,2300,1049,389,
964,477,1326,2983,6840,4371,726,
181,572,948,2380,2085,944,702,
73,109,702,910,1848,335,332,
590,318,1786,1974,2219,577,487,
944,676,2322,2812,5006,2647,1182,
1010,668,1382,2801,3212,1612,523,
34,158,889,2149,2324,621,136,
438,109,861,1631,1381,294,264,
1675,867,2407,3438,3675,800,545,
968,507,1910,2173,2126,520,351,
711,560,1034,1187,1433,418,78,
131,110,588,1692,1439,561,310,
1500,700,2242,2997,2389,500,266,
1105,564,983,1098,1301,207,156,
1538,673,1139,836,765,158,87,
779,422,662,768,931,60,33,
282,48,1101,919,613,70,97,
2669,1037,3065,2144,2118,484,195,
2133,441,589,467,666,114,60,
1904,291,999,411,473,25,51,
1022,400,672,269,432,32,109,
2192,3904,7076,9679,2926,337,144,
0,15,122,266,127,0,81,
579,875,958,1056,332,29,0,
8204,2507,5111,1603,256,103,0,
8777,1582,5523,2325,681,363,155,
636,1220,4087,6015,2493,945,393,
216,174,399,535,206,139,58,
6213,2281,2343,1539,310,129,48,
7701,1410,3832,850,405,197,20,
4117,735,1349,835,652,180,92,
814,1255,3548,5193,1812,535,225,
2850,302,927,945,231,160,26,
3843,480,1253,1094,166,92,154,
2250,255,215,421,143,21,72,
697,109,394,581,347,70,32,
771,666,2250,2780,1266,272,116,
2307,124,425,626,148,46,0,
1289,75,18,31,102,43,39,
896,107,224,77,70,0,0,
343,0,101,93,110,59,0,
1573,507,1442,1334,265,379,63,
1141,285,261,323,97,95,18,
615,34,17,33,38,44,0,
261,10,0,0,0,62,0,
273,0,128,0,33,0,24,
1920,1617,6422,11080,3472,1258,250,
34,19,156,166,27,35,111,
675,426,1374,905,130,0,0,
6261,2252,2908,1646,313,32,27,
7565,1027,3830,1442,1029,86,329,
934,931,4778,7248,2842,1058,162,
473,177,594,557,312,112,9,
3756,1039,1710,1179,226,108,30,
5836,1528,2274,1288,934,46,89,
2811,208,1621,470,901,172,136,
1519,885,3597,5274,1984,880,179,
964,141,419,484,249,71,0,
3131,209,1025,743,199,115,40,
2095,355,658,249,94,47,37,
843,200,391,453,106,105,42,
887,636,2129,2708,860,558,157,
1448,232,467,696,120,95,0,
794,86,137,337,48,0,32,
1089,58,126,32,84,35,0,
856,139,475,139,8,0,57,
1685,776,1493,1667,156,129,9,
1158,174,376,404,316,80,9,
527,0,37,0,11,88,0,
543,82,0,11,0,0,0,
607,22,80,26,0,0,0,
281,946,2596,1562,518,61,155,
0,0,0,0,0,0,0,
0,10,0,0,0,0,0,
47,0,42,0,0,0,53,
96,0,110,0,0,0,0,
151,651,2684,1973,515,0,27,
0,0,49,0,0,0,0,
57,0,58,129,0,0,0,
132,0,0,0,0,0,0,
90,0,0,0,115,0,0,
363,622,1785,1655,428,82,44,
102,0,19,30,0,0,0,
94,0,28,0,0,91,0,
0,0,0,26,0,0,0,
0,28,0,0,0,0,0,
320,456,1662,1547,411,258,43,
28,0,0,0,0,0,0,
0,0,42,0,0,0,0,
0,0,0,0,0,0,0,
0,0,37,0,0,0,0,
585,394,632,700,132,169,49,
24,0,0,0,0,0,0,
0,0,0,0,0,0,0,
0,0,0,0,0,0,0,
0,0,0,0,0,0,0,
92,654,1807,2395,331,395,0,
0,0,0,0,35,0,0,
0,0,0,0,0,0,0,
121,0,0,0,0,0,0,
111,0,55,51,0,0,0,
181,384,1943,2934,778,220,63,
0,0,0,9,0,0,0,
0,0,5,31,0,0,74,
204,0,0,143,0,0,0,
34,0,0,10,0,0,0,
298,689,1876,3017,817,454,123,
53,0,21,0,69,0,0,
10,0,19,32,0,0,0,
0,30,0,46,0,0,0,
22,0,0,40,0,0,0,
331,650,805,1892,754,151,73,
0,0,0,51,0,27,0,
0,0,42,0,0,0,0,
0,0,0,0,0,0,0,
0,0,0,0,0,0,0,
307,451,1049,1306,183,126,35,
51,0,18,12,8,0,0,
0,0,0,0,0,0,0,
0,0,0,0,0,0,0,
0,0,0,0,0,0,0,
0,0,33,250,140,0,0,
0,0,0,10,0,0,0,
0,0,0,30,33,0,0,
0,0,0,0,0,0,0,
0,0,115,0,79,0,0,
69,42,70,416,381,0,64,
0,0,0,0,0,0,0,
23,0,0,0,0,0,0,
0,0,78,29,0,0,0,
0,0,119,27,0,0,24,
16,30,39,112,236,0,31,
0,0,0,0,0,0,0,
0,0,78,0,0,0,0,
0,0,0,0,0,0,0,
0,0,0,0,0,0,0,
30,0,26,73,56,107,7,
0,0,0,0,39,0,32,
0,0,0,0,0,0,0,
0,0,0,0,109,0,0,
0,0,0,0,0,0,0,
33,0,0,30,9,0,27,
0,0,0,0,0,0,0,
0,0,0,0,0,0,0,
0,0,0,0,0,0,0,
82,0,0,87,0,0,0,
0,92,51,207,139,83,36,
0,0,0,0,0,0,0,
0,0,0,31,0,0,0,
0,0,29,24,0,0,0,
0,0,85,152,80,33,19,
0,45,34,521,113,0,68,
0,0,0,86,0,0,0,
40,0,120,58,0,0,0,
0,0,0,166,28,0,0,
0,0,24,86,0,0,0,
0,0,44,121,86,29,0,
0,0,34,57,0,0,0,
0,0,0,0,0,0,0,
0,0,92,0,0,0,0,
0,0,39,0,48,0,0,
34,0,0,152,11,29,0,
0,0,0,0,0,0,0,
0,0,0,0,0,0,0,
0,0,0,0,0,0,0,
0,0,0,0,0,0,0,
17,24,30,0,28,0,0,
0,0,0,0,45,0,0,
0,0,0,0,0,0,0,
21,68,0,0,0,0,0,
91,0,0,0,0,0,0,
240,910,3919,5527,3402,313,298,
0,0,0,0,0,0,0,
0,0,65,122,32,0,0,
0,0,0,35,0,28,0,
0,0,37,0,63,79,0,
292,1135,3876,4764,2039,895,142,
0,0,0,49,26,27,19,
0,0,100,33,24,0,0,
0,0,82,0,29,0,0,
25,0,0,62,109,0,18,
219,349,2886,3728,1302,499,102,
0,0,51,273,112,0,30,
0,0,37,229,26,31,0,
0,21,0,0,0,33,0,
38,0,84,15,0,0,0,
188,196,857,2058,681,263,147,
0,0,129,27,96,0,0,
0,0,0,0,24,0,0,
0,0,0,0,0,0,0,
0,0,0,0,27,0,0,
191,132,907,1094,278,266,204,
0,0,0,85,24,59,82,
0,0,0,54,0,0,0,
26,0,0,51,0,0,0,
0,0,21,0,0,0,0,
187,405,2715,5864,3345,815,459,
0,0,36,0,0,0,0,
0,0,26,28,41,0,38,
26,0,0,53,22,32,0,
0,0,136,207,0,29,49,
352,374,2276,5390,2331,803,126,
0,0,36,229,0,19,27,
0,0,26,65,39,0,0,
0,21,47,143,144,212,0,
28,0,35,43,25,35,0,
276,669,1716,4206,1534,705,191,
0,0,120,219,18,19,68,
0,30,105,94,0,0,0,
0,0,0,205,51,0,0,
41,37,23,0,126,0,0,
157,490,1091,2844,897,186,126,
17,0,16,193,158,0,0,
0,13,25,111,0,0,0,
0,0,28,33,0,0,0,
0,0,74,0,0,0,0,
298,372,1688,1461,413,151,29,
31,31,194,22,38,0,38,
27,10,0,77,0,0,0,
24,0,104,39,0,0,0,
0,0,0,0,0,44,0
*****