2010 Families by family type in Virginia, race/ethnicity, poverty, and metro, age 16+, wgtd 2008-10 ACS, SSDAN/U-Mich
5
RaceEth,Ageall4,Geo,PovLevel,FamType
7,6,4,4,3
NHWhite,Black,Asian,Hispanic,AmIndian,NHOther,NHMulti
<25,25-34,35-44,45-54,55-64,65+
City,Suburb,NonMetro,NotIdentified
Poverty,NearPoor,Middle,Comf
MrrdCpl,MaleFam,FemFam
308,59,408,257,205,48,3771,439,459,387,26,71,
372,187,699,220,211,364,3066,487,983,1300,88,92,
963,446,1685,878,50,438,3100,617,413,393,290,394,
425,406,894,299,80,249,2375,559,303,268,56,0,
484,264,1381,1098,0,384,12883,928,2608,11276,660,334,
1507,238,2145,1031,346,917,24785,3067,4663,36053,1164,956,
3028,371,4197,2520,222,1266,22031,1768,2974,5356,225,63,
1158,461,2526,1285,196,1125,13513,1330,2960,7969,243,70,
404,65,1305,722,150,555,12984,1414,3483,14609,671,719,
961,371,2267,1368,55,1639,43644,3288,8270,71349,2447,3701,
3465,806,4562,3531,348,2397,33620,3096,5490,10754,690,399,
1577,400,2603,1963,170,1006,21051,2049,5074,12667,584,379,
528,46,1113,408,93,326,11523,1535,3848,19110,747,1222,
1008,155,1819,1384,265,1323,34511,3236,10504,100441,3610,6369,
2900,976,1691,2523,614,1238,34636,3912,5960,22413,834,870,
1195,744,2101,998,312,870,21125,2566,4231,22715,861,884,
301,116,96,377,80,219,8064,525,1758,18951,494,1169,
1401,122,431,1442,279,236,24063,1572,4352,85055,2131,3782,
2596,224,826,2999,370,1377,35119,2213,2724,23934,473,642,
1665,208,657,1413,226,650,18770,1303,2439,21461,597,917,
322,0,198,649,83,217,11298,287,2113,13488,315,1418,
1763,21,577,1784,211,814,32023,1586,5647,51891,1270,3677,
1729,337,1177,5903,356,1264,41126,1662,5665,20004,402,1100,
1434,62,465,2516,187,795,25495,954,4014,14275,293,1120,
223,157,2499,507,128,672,749,415,1221,143,48,0,
44,109,946,0,236,362,698,349,1089,122,91,0,
156,106,658,0,0,114,148,174,399,0,0,0,
198,140,1866,128,93,341,294,481,388,0,0,0,
771,374,5609,431,319,1914,5583,1148,3219,1261,124,66,
528,347,3254,519,185,1266,5940,1028,4875,2986,313,449,
349,118,2641,352,101,623,1419,809,997,8,151,0,
255,420,4285,235,163,1210,2151,378,1750,670,0,54,
821,511,3200,624,98,2173,6766,1730,5122,2135,135,409,
886,134,2413,990,130,1542,9534,1019,7312,10142,776,1848,
295,207,1630,609,208,757,3550,347,2409,698,14,78,
446,188,2493,600,188,2097,5110,1045,4437,1910,450,520,
272,284,2384,180,84,1475,5811,1084,5237,4456,160,809,
865,142,1023,718,147,930,9740,1388,6010,12016,577,2494,
466,330,1008,799,103,788,4931,668,1925,1533,17,335,
496,250,2347,467,30,986,5552,987,3810,3494,47,590,
239,69,683,451,90,640,4326,568,2284,2923,82,479,
420,222,331,327,86,162,6014,873,2695,7705,403,1162,
596,299,585,612,165,372,3936,393,1387,1809,0,92,
519,51,619,532,104,471,4657,476,2043,2473,45,366,
375,48,700,488,90,769,4326,740,3298,1822,144,463,
267,39,291,318,89,318,4111,325,2286,3657,231,575,
575,31,442,998,34,741,3897,535,2059,911,54,90,
345,141,854,622,224,697,4541,456,2355,1237,23,485,
81,0,0,42,47,126,236,132,14,0,75,0,
8,17,161,0,32,34,103,73,229,58,74,115,
0,0,0,0,0,0,0,0,0,0,0,0,
0,0,100,0,0,0,25,0,19,0,0,22,
169,33,147,128,0,85,1075,154,218,921,59,198,
453,160,108,385,0,54,4197,450,426,7795,430,281,
26,0,7,103,0,0,150,0,0,358,0,0,
0,14,85,69,0,0,441,0,75,346,0,29,
199,0,129,83,0,123,1448,87,228,1090,83,17,
1236,0,355,768,23,186,8830,508,1176,13753,443,557,
0,0,21,0,0,0,389,0,42,138,12,0,
293,0,76,36,0,27,677,16,54,388,46,34,
200,0,44,31,0,42,1126,64,139,840,138,182,
609,88,316,588,0,306,7505,740,1540,8894,213,560,
85,0,0,44,33,0,309,0,125,154,0,0,
52,13,20,22,0,44,309,0,75,418,0,0,
111,18,18,90,0,30,1009,172,265,805,0,172,
210,22,0,216,0,70,4087,195,367,5292,230,547,
33,0,25,0,0,0,258,0,77,130,17,0,
0,0,0,36,29,0,232,0,31,157,0,0,
96,0,0,196,0,45,815,35,101,634,0,80,
390,0,20,216,0,126,2114,189,231,2852,94,137,
0,0,0,46,0,0,0,0,0,23,0,0,
0,0,0,0,0,0,111,0,14,83,15,0,
24,69,140,342,0,0,938,133,197,42,47,0,
177,37,860,414,148,246,957,577,199,322,54,0,
119,86,321,38,84,65,55,4,0,0,0,0,
18,24,128,0,89,0,261,286,0,0,0,0,
204,97,764,179,152,338,2130,441,448,589,105,0,
1136,266,1159,1826,578,773,7410,2389,2118,2490,347,320,
430,0,209,309,19,8,1022,645,185,51,0,0,
231,97,251,632,26,88,1547,258,377,133,156,29,
60,137,412,131,15,176,2009,266,392,589,167,44,
1731,238,1105,1370,321,772,10393,2082,2226,5370,657,173,
338,31,153,442,203,146,1672,203,177,51,0,0,
184,0,102,141,141,90,707,0,373,325,0,0,
55,0,153,82,81,62,1195,84,313,908,70,138,
263,82,375,320,134,332,6741,565,2230,4106,559,475,
44,12,110,123,24,115,476,238,198,375,0,0,
0,42,0,83,0,62,362,152,124,903,0,70,
37,0,254,37,0,81,621,204,259,494,0,0,
179,0,83,67,0,63,2126,154,915,2573,85,420,
7,23,8,0,0,0,209,0,23,261,0,0,
46,16,0,0,0,12,267,43,0,107,53,22,
27,0,0,67,0,33,138,0,63,198,65,32,
91,0,23,117,0,50,1074,59,206,904,68,114,
81,0,0,18,0,0,201,0,53,51,38,0,
0,0,0,0,0,0,93,14,0,87,22,0,
0,0,0,0,0,0,46,14,0,0,0,0,
0,0,0,0,0,0,71,0,0,62,0,0,
0,0,0,0,0,0,0,0,0,0,0,0,
0,0,0,0,0,0,0,0,0,0,0,0,
0,0,135,0,0,0,40,0,0,31,0,0,
0,23,113,0,0,82,182,86,0,31,0,76,
0,0,72,0,0,0,57,0,0,0,0,0,
0,0,0,0,0,0,0,0,0,0,0,0,
0,0,32,0,0,0,152,0,91,0,0,0,
31,0,0,231,0,0,222,42,317,306,0,38,
100,0,54,0,32,17,54,0,0,0,0,0,
0,0,0,32,0,0,76,0,0,24,0,0,
0,0,44,0,0,0,133,0,30,0,0,0,
0,0,0,0,0,0,231,68,82,89,0,56,
23,0,19,0,10,0,0,0,61,0,0,0,
0,0,0,0,6,0,121,0,91,103,0,0,
0,0,0,0,0,0,68,0,33,16,0,18,
0,58,0,17,0,0,111,39,0,191,0,0,
27,0,0,0,0,0,61,17,0,16,0,0,
0,0,14,0,0,0,36,0,39,28,0,8,
0,0,66,0,0,0,51,0,0,0,0,0,
0,0,0,0,0,0,93,0,9,124,0,0,
0,0,0,0,0,0,161,0,0,52,0,0,
0,0,0,20,0,0,103,0,28,8,10,6,
0,0,0,0,0,0,0,0,0,0,0,0,
0,0,0,0,0,0,74,109,0,0,0,0,
0,0,0,0,0,0,0,0,0,0,0,0,
0,0,0,0,0,0,22,0,0,0,0,0,
0,0,0,0,0,0,26,64,0,31,0,0,
0,0,115,125,0,24,104,54,0,162,0,0,
0,0,30,0,0,0,0,0,0,0,0,0,
0,0,0,0,0,0,0,0,106,0,0,0,
0,0,0,0,0,0,0,0,0,0,0,34,
0,0,18,0,0,30,250,0,85,175,108,0,
0,0,0,0,0,0,53,0,0,0,0,0,
0,0,0,128,0,0,0,0,0,0,0,0,
0,0,0,0,0,0,74,0,0,17,0,0,
0,0,23,0,0,0,368,0,0,426,34,21,
0,0,0,0,0,0,0,0,14,0,0,0,
0,0,0,0,0,0,0,0,0,20,0,0,
0,0,0,0,0,0,0,0,0,0,0,0,
52,0,0,0,0,0,59,0,0,21,23,0,
0,0,0,20,0,0,35,0,0,0,0,0,
0,31,0,0,0,0,0,0,0,49,0,0,
0,0,0,0,0,0,90,0,0,0,0,0,
0,0,0,36,0,0,0,0,0,22,29,0,
0,0,0,0,0,0,50,0,0,0,0,0,
0,0,0,0,0,0,0,0,0,0,0,0,
40,0,79,0,23,0,41,58,55,0,0,0,
0,127,25,80,18,75,31,0,17,0,23,0,
0,0,0,0,0,5,0,0,0,0,0,0,
0,0,17,48,0,0,49,0,90,0,0,0,
125,0,142,86,0,0,599,0,71,207,0,71,
73,125,216,67,0,96,600,34,343,1035,29,52,
16,52,0,0,33,0,248,57,32,0,0,0,
14,0,212,0,0,62,181,0,75,175,0,0,
19,0,0,67,0,44,366,73,290,268,26,0,
0,0,171,180,17,0,1189,123,497,1666,0,153,
0,0,64,43,0,0,185,14,170,55,0,28,
48,0,10,0,0,0,251,45,109,39,0,0,
0,48,126,0,0,0,268,148,145,377,0,74,
47,0,0,37,0,0,753,107,243,1103,92,59,
46,0,115,0,0,0,131,55,100,189,0,26,
0,0,25,0,0,38,262,0,57,174,0,0,
0,0,19,0,0,0,315,0,59,198,0,32,
34,0,0,0,0,0,302,0,61,852,33,21,
0,0,70,0,24,0,46,47,0,113,0,25,
61,0,0,0,0,0,93,0,142,238,0,0,
0,0,0,0,0,15,68,71,18,102,0,38,
53,0,0,30,0,25,230,0,16,234,0,30,
0,0,0,0,0,0,77,35,96,108,0,0,
0,46,31,2,0,51,173,0,74,35,0,0
*****