2010 Families by family type in Arizona, race/ethnicity, poverty, and metro, age 16+, wgtd 2008-10 ACS, SSDAN/U-Mich
5
RaceEth,Ageall4,Geo,PovLevel,FamType
7,6,4,4,3
NHWhite,Black,Asian,Hispanic,AmIndian,NHOther,NHMulti
<25,25-34,35-44,45-54,55-64,65+
City,Suburb,NonMetro,NotIdentified
Poverty,NearPoor,Middle,Comf
MrrdCpl,MaleFam,FemFam
0,0,0,18,0,0,106,0,25,0,0,0,
0,0,14,30,0,0,104,18,0,0,0,0,
89,89,271,38,315,0,603,179,382,149,0,78,
871,865,2622,1405,439,1075,6578,1589,2364,1214,372,120,
28,0,154,21,0,24,368,0,69,411,0,0,
82,15,17,48,23,63,1046,223,126,578,56,0,
657,41,935,1184,0,504,4681,627,598,907,105,88,
4290,1425,6339,5351,1369,3639,48921,6114,10557,27447,1830,1443,
82,125,64,42,19,89,151,66,0,400,65,45,
97,0,114,172,0,85,1128,49,170,763,18,0,
608,296,951,690,125,290,5824,949,1234,2655,66,112,
4187,1541,6522,4275,658,3316,64257,8222,17283,50223,3244,2721,
96,0,199,27,0,0,270,86,214,311,21,0,
136,21,81,98,0,22,706,283,197,1120,29,25,
602,135,518,485,60,716,6792,381,1447,6421,242,370,
3733,758,4343,3805,802,2826,59855,7183,16407,81503,4650,5423,
0,39,38,0,19,24,225,61,56,265,81,27,
147,20,0,295,0,58,2734,217,162,3579,61,21,
1249,101,422,871,20,403,8686,686,934,8404,173,319,
5323,827,1676,4377,397,1145,59175,3363,8868,76027,2292,3453,
0,20,22,0,0,23,304,70,116,126,0,17,
683,58,110,830,27,79,14400,63,675,8079,0,375,
616,23,250,1316,21,485,17204,459,1609,7916,117,231,
5463,282,1718,8156,250,1923,99008,3031,10737,62846,910,3381,
0,0,120,0,0,0,0,86,20,0,0,0,
0,0,0,0,0,0,0,0,0,0,0,0,
0,39,0,0,33,0,42,0,0,0,47,0,
129,439,865,126,133,454,130,123,224,0,93,0,
66,0,169,111,0,36,12,34,119,0,47,0,
0,0,0,0,0,0,0,0,0,81,0,0,
0,0,12,0,65,0,93,0,26,0,0,0,
661,257,1653,407,385,1063,2922,730,1761,675,165,205,
0,24,117,0,0,56,160,97,56,102,0,0,
0,0,0,0,0,0,60,0,0,0,0,0,
0,0,0,3,0,25,143,0,50,0,4,79,
295,469,1394,419,124,1010,3869,1118,2867,1604,686,336,
0,39,147,20,0,53,263,112,16,59,0,71,
0,0,0,0,0,45,69,0,0,0,0,0,
0,0,0,3,0,4,35,70,76,172,0,0,
301,180,797,277,132,305,3097,654,1947,2369,253,274,
17,0,0,0,0,0,90,106,38,53,0,0,
0,0,0,25,0,0,45,0,19,55,0,0,
12,0,0,0,0,0,145,0,0,105,0,0,
155,21,441,340,113,355,1848,456,579,1866,117,108,
17,0,116,32,0,19,208,81,163,40,45,76,
0,0,0,28,0,0,219,0,0,16,0,0,
10,0,0,0,0,0,201,0,0,0,0,0,
70,16,21,237,16,253,1036,200,725,1061,64,135,
0,0,0,0,0,0,0,0,0,0,0,0,
0,0,0,0,0,0,0,0,0,0,0,0,
0,0,0,0,0,0,0,0,0,0,0,0,
68,107,184,0,0,24,125,152,149,81,25,0,
30,0,35,0,0,0,113,0,32,37,0,0,
0,0,0,0,0,74,45,0,0,50,0,0,
0,0,0,38,0,0,37,0,0,52,0,17,
393,110,272,285,56,30,2778,404,520,3252,214,144,
0,0,0,0,0,0,23,0,0,0,0,0,
0,0,19,0,40,0,43,0,58,16,0,0,
0,0,21,0,0,0,98,172,0,24,0,0,
647,143,272,707,0,259,4418,267,592,5318,102,138,
0,0,0,0,0,0,76,0,19,77,0,0,
0,0,0,0,0,0,54,0,0,0,0,0,
0,0,0,0,0,0,91,3,0,0,0,0,
459,0,139,688,153,137,3409,62,505,2797,37,244,
0,0,0,0,0,0,89,0,0,0,0,0,
0,0,0,0,0,0,0,30,6,34,0,0,
0,0,24,16,0,0,69,0,47,52,0,0,
273,0,18,201,0,59,2119,36,145,1783,280,123,
22,0,0,0,0,0,0,0,0,0,0,0,
0,0,0,0,0,0,0,0,0,62,0,0,
0,0,0,46,0,0,40,10,30,29,0,0,
80,32,116,177,0,0,1409,71,115,694,0,122,
203,63,528,0,0,124,119,169,175,0,22,0,
64,0,0,0,0,0,18,0,0,0,0,0,
119,109,335,86,60,188,366,136,95,0,61,0,
1958,2126,5317,1643,1029,1628,4743,2742,2349,165,20,24,
817,290,1239,374,64,354,502,243,479,83,0,0,
26,0,104,40,0,0,181,0,90,96,0,0,
827,126,931,473,59,529,1757,337,148,69,0,0,
9402,2490,10803,9347,2584,4527,27535,6762,6369,4463,1145,147,
1044,109,784,439,48,129,780,207,393,62,56,37,
20,28,60,102,0,19,368,0,0,0,0,6,
581,174,834,505,0,522,2488,422,727,623,42,30,
10695,1718,9587,9130,1862,4347,32888,4239,8586,6927,968,742,
252,142,300,446,101,136,880,115,292,147,0,87,
18,0,0,129,0,0,111,20,0,0,0,0,
303,67,431,418,30,204,2146,276,630,999,129,75,
5354,1137,4535,4490,718,2273,24417,3577,6442,10103,553,971,
219,40,193,97,29,117,529,74,262,114,0,19,
0,0,0,0,0,0,63,12,21,65,0,0,
259,17,100,501,0,96,1776,198,576,545,0,0,
2683,360,1691,2431,325,1713,13870,1864,3758,5937,129,353,
157,37,73,148,0,53,300,65,190,100,0,73,
34,0,0,35,0,0,286,0,97,120,0,0,
409,145,166,456,25,51,1638,221,310,357,11,41,
1819,191,831,2251,284,1075,9787,1026,3237,3223,153,712,
0,67,0,0,0,0,0,0,0,0,0,0,
0,0,0,0,0,0,0,0,0,0,0,0,
66,53,312,0,0,13,44,19,147,0,0,0,
92,0,692,45,217,368,75,197,143,0,0,0,
0,19,50,0,0,0,26,0,0,0,0,0,
0,0,0,0,0,0,0,0,0,0,0,0,
201,135,983,226,57,100,363,61,256,52,73,0,
473,180,1218,374,272,828,1412,379,1168,245,0,149,
11,0,41,0,0,0,0,0,27,89,0,0,
0,0,0,16,0,0,0,0,0,0,0,0,
443,239,914,284,63,292,968,175,648,67,0,10,
478,440,960,167,120,480,1798,336,1655,707,26,0,
0,0,0,0,0,0,82,0,35,21,0,0,
0,0,0,0,0,0,0,0,0,0,0,0,
946,337,860,370,45,235,1478,149,689,270,0,13,
506,282,913,381,47,468,2156,500,1220,851,100,239,
0,0,0,0,0,30,71,0,0,0,0,0,
0,0,0,0,0,0,18,0,0,0,0,0,
722,177,504,263,27,147,1285,186,508,150,13,66,
450,19,478,122,78,286,1720,292,677,583,44,114,
0,0,0,0,0,0,0,0,0,0,0,0,
0,0,0,0,0,0,59,0,0,0,0,0,
486,214,528,365,20,416,838,217,708,127,21,42,
269,126,375,171,0,267,1252,131,619,302,26,75,
0,0,0,0,0,0,0,0,0,0,0,0,
0,0,0,0,0,0,0,0,0,0,0,0,
0,0,0,0,0,0,0,0,0,0,0,0,
0,24,0,0,0,0,0,0,24,0,0,0,
0,0,0,0,0,0,0,0,0,0,0,0,
0,0,0,0,0,0,0,0,0,0,0,0,
0,0,0,0,0,0,5,0,0,0,0,0,
0,0,45,64,0,0,238,64,54,0,49,0,
0,0,54,0,0,0,0,0,0,0,0,0,
0,0,0,0,0,0,0,0,0,0,0,0,
0,0,0,0,0,0,0,0,0,0,0,0,
0,0,61,0,0,0,273,81,73,77,0,0,
0,0,0,0,0,0,0,0,0,25,0,0,
0,0,0,0,0,0,0,0,0,15,0,0,
0,0,0,0,0,0,0,0,27,27,0,0,
0,0,0,63,0,0,164,0,0,53,0,16,
0,0,0,0,0,0,0,0,0,0,0,0,
0,0,0,0,0,0,0,0,0,0,0,0,
8,0,0,0,0,0,0,0,0,0,0,0,
0,0,0,0,0,29,43,0,18,96,0,0,
0,0,0,0,0,0,0,0,0,0,0,0,
0,0,0,0,0,0,19,0,0,0,0,0,
0,0,0,0,0,0,0,0,0,0,0,0,
0,0,0,0,0,0,70,0,0,55,0,0,
0,0,0,0,0,0,0,0,0,0,0,0,
0,0,0,0,0,0,0,0,0,0,0,0,
18,0,0,0,0,0,94,0,0,0,0,0,
39,23,240,59,0,77,154,88,23,0,0,0,
0,0,20,0,0,0,0,0,28,0,0,0,
0,0,0,0,0,0,55,0,0,30,0,0,
37,0,17,45,0,0,57,0,0,53,0,23,
110,0,279,162,0,343,1549,305,452,667,0,0,
20,0,0,0,0,0,0,0,18,0,0,0,
0,0,0,0,0,0,16,0,31,0,0,0,
0,0,0,151,0,0,114,11,98,58,0,0,
29,0,62,181,98,93,1018,147,399,697,32,51,
0,0,0,0,0,0,0,0,0,0,0,0,
0,0,0,0,0,0,0,0,26,0,0,0,
11,0,18,27,0,0,192,0,34,142,0,0,
137,40,105,92,0,16,901,256,453,648,27,198,
0,0,0,0,0,0,0,0,19,0,0,0,
0,0,0,0,0,0,32,0,0,0,36,0,
29,0,0,25,0,0,83,64,0,40,0,0,
76,18,71,49,50,15,907,46,124,543,0,28,
0,0,0,20,0,0,0,0,0,0,0,0,
0,0,0,0,0,0,47,0,0,0,0,0,
0,0,0,7,34,0,12,0,31,31,0,0,
0,0,10,53,0,0,447,0,273,285,20,0
*****