2010 Families by family type in Nebraska, race/ethnicity, poverty, and metro, age 16+, wgtd 2008-10 ACS, SSDAN/U-Mich
5
RaceEth,Ageall4,Geo,PovLevel,FamType
7,6,4,4,3
NHWhite,Black,Asian,Hispanic,AmIndian,NHOther,NHMulti
<25,25-34,35-44,45-54,55-64,65+
City,Suburb,NonMetro,NotIdentified
Poverty,NearPoor,Middle,Comf
MrrdCpl,MaleFam,FemFam
0,0,0,0,0,0,0,0,0,0,0,0,
0,0,152,144,0,157,531,107,184,122,40,0,
422,157,1212,277,215,227,1137,212,267,99,129,0,
359,304,1078,182,18,523,2521,912,616,75,43,0,
0,0,0,0,0,0,0,0,0,0,0,0,
0,168,341,306,72,163,3237,275,258,1992,0,36,
564,312,1578,1319,182,568,10420,822,1264,2405,96,35,
1211,370,2479,1402,121,1096,20001,1570,3266,6956,217,85,
0,0,0,0,0,0,0,0,0,0,0,0,
0,0,207,195,0,0,3891,234,1114,2967,125,194,
793,209,1249,1350,460,800,13835,786,2007,3286,17,50,
591,217,1230,1046,202,954,21755,2161,3325,11500,267,536,
0,0,0,0,0,0,0,0,0,0,0,0,
0,0,65,0,0,0,3420,346,1160,3857,71,267,
967,215,422,889,214,565,17638,1185,2076,9180,350,127,
640,63,554,937,139,735,22455,1538,3303,19441,964,701,
0,0,0,0,0,0,0,0,0,0,0,0,
0,0,0,166,0,0,1956,0,203,3074,43,62,
601,162,89,696,79,251,14381,297,606,9970,136,152,
1082,73,112,558,109,242,15424,576,1804,20498,412,697,
0,0,0,0,0,0,0,0,0,0,0,0,
0,0,0,83,0,44,2445,41,213,1462,42,74,
990,49,200,2281,51,189,17665,511,1421,8398,139,288,
457,85,188,1666,140,527,21503,883,2792,11071,207,594,
0,0,0,0,0,0,0,0,0,0,0,0,
0,0,0,0,0,0,31,0,0,0,0,0,
0,0,44,0,0,0,0,163,0,0,0,0,
65,160,584,0,0,53,186,91,0,0,0,0,
0,0,0,0,0,0,0,0,0,0,0,0,
0,0,0,0,0,0,45,0,113,0,0,0,
0,0,17,168,0,0,6,73,0,0,0,0,
534,194,1403,0,166,398,584,0,1014,246,0,0,
0,0,0,0,0,0,0,0,0,0,0,0,
93,31,104,0,0,0,88,0,72,63,0,0,
0,0,0,43,0,0,126,0,0,0,0,0,
163,61,614,296,144,645,382,435,591,104,119,0,
0,0,0,0,0,0,0,0,0,0,0,0,
0,0,0,0,0,0,364,0,60,49,0,0,
25,0,0,20,0,0,44,0,0,0,0,0,
48,48,205,59,0,384,912,121,586,673,0,100,
0,0,0,0,0,0,0,0,0,0,0,0,
0,0,0,0,0,0,122,0,0,137,0,0,
0,0,0,0,0,0,0,0,0,82,0,0,
31,79,89,48,0,156,560,0,238,326,0,0,
0,0,0,0,0,0,0,0,0,0,0,0,
0,0,0,0,0,0,37,86,0,31,0,0,
0,0,0,0,0,0,0,0,0,0,0,0,
36,99,93,69,0,50,465,0,255,91,0,74,
0,0,0,0,0,0,0,0,0,0,0,0,
0,0,0,0,0,0,0,0,0,0,0,0,
0,0,0,0,0,0,0,0,0,0,0,0,
84,182,0,0,19,0,0,0,0,0,0,0,
0,0,0,0,0,0,0,0,0,0,0,0,
0,0,0,0,0,75,33,21,0,0,0,0,
0,0,0,0,0,0,87,0,88,0,0,0,
0,0,0,270,0,0,579,0,0,36,0,0,
0,0,0,0,0,0,0,0,0,0,0,0,
0,0,0,37,0,0,89,0,21,29,0,0,
0,0,0,0,0,0,281,0,0,42,0,0,
61,0,30,183,0,0,511,309,228,572,0,0,
0,0,0,0,0,0,0,0,0,0,0,0,
0,0,0,0,0,0,12,31,110,139,0,0,
0,0,0,31,0,15,101,18,0,0,0,0,
0,0,0,0,0,0,320,0,0,296,19,0,
0,0,0,0,0,0,0,0,0,0,0,0,
0,0,0,0,0,0,0,0,0,38,0,0,
0,0,0,0,0,0,0,0,0,0,0,0,
0,0,0,30,0,0,427,0,19,252,0,0,
0,0,0,0,0,0,0,0,0,0,0,0,
0,0,0,0,0,0,44,0,0,0,0,0,
0,0,0,34,0,0,49,0,0,0,0,0,
27,0,0,0,0,0,275,0,0,78,0,0,
0,0,0,0,0,0,0,0,0,0,0,0,
0,0,0,0,0,0,83,0,0,0,0,0,
40,0,64,25,0,21,112,203,0,0,0,0,
87,0,105,204,0,0,581,89,202,0,0,0,
0,0,0,0,0,0,0,0,0,0,0,0,
197,0,0,107,0,0,363,0,0,38,0,0,
204,70,427,180,212,265,411,380,344,0,0,0,
724,0,1267,633,305,673,2134,568,92,113,0,0,
0,0,0,0,0,0,0,0,0,0,0,0,
0,0,0,46,0,127,514,0,53,58,0,0,
521,148,583,462,0,102,1280,61,200,55,0,0,
561,93,606,785,0,33,2064,587,409,419,0,0,
0,0,0,0,0,0,0,0,0,0,0,0,
0,0,0,0,0,0,123,66,0,199,0,0,
99,98,0,31,0,35,956,130,16,110,0,0,
429,37,235,434,37,200,798,498,290,310,39,0,
0,0,0,0,0,0,0,0,0,0,0,0,
0,0,0,0,0,0,140,0,0,91,45,0,
46,0,0,46,0,0,405,0,71,108,0,0,
165,0,155,41,0,26,610,102,70,305,0,0,
0,0,0,0,0,0,0,0,0,0,0,0,
0,0,62,48,0,0,103,0,0,0,0,0,
55,30,67,86,0,26,272,0,134,20,0,0,
26,0,0,37,0,0,349,0,41,90,0,17,
0,0,0,0,0,0,0,0,0,0,0,0,
0,0,0,0,0,0,0,0,0,0,0,0,
0,0,0,0,0,0,0,0,0,0,0,0,
0,23,404,0,0,0,0,0,0,0,0,0,
0,0,0,0,0,0,0,0,0,0,0,0,
0,0,0,0,0,0,85,0,112,0,0,0,
0,0,0,11,0,0,70,0,0,0,0,0,
15,14,102,20,0,91,96,75,29,12,0,0,
0,0,0,0,0,0,0,0,0,0,0,0,
0,0,0,0,0,0,0,29,0,0,0,0,
0,0,28,0,0,74,12,0,33,0,0,0,
34,0,234,31,0,32,35,0,151,0,0,0,
0,0,0,0,0,0,0,0,0,0,0,0,
0,0,0,30,0,0,19,0,0,26,0,0,
0,0,0,0,0,20,171,0,0,0,0,0,
0,0,202,36,0,33,229,119,25,105,0,0,
0,0,0,0,0,0,0,0,0,0,0,0,
0,0,0,0,0,0,0,0,0,0,0,0,
0,0,0,0,0,0,0,0,0,0,0,0,
0,27,0,23,0,21,79,0,21,0,21,0,
0,0,0,0,0,0,0,0,0,0,0,0,
0,0,0,0,0,0,0,0,0,0,0,0,
0,0,0,0,0,0,32,0,0,17,0,0,
0,0,94,7,0,9,8,33,61,3,0,0,
0,0,0,0,0,0,0,0,0,0,0,0,
0,0,31,0,0,0,0,0,0,0,0,0,
0,0,0,47,0,0,0,0,0,0,0,0,
0,0,0,0,0,0,0,0,0,0,0,0,
0,0,0,0,0,0,0,0,0,0,0,0,
0,0,0,0,0,0,0,0,0,0,0,0,
0,0,0,0,0,0,0,0,0,0,0,0,
0,36,0,33,0,0,82,0,0,0,0,0,
0,0,0,0,0,0,0,0,0,0,0,0,
0,0,0,0,0,0,0,0,0,0,0,0,
0,0,0,0,0,0,0,0,0,0,0,0,
0,0,0,0,0,0,0,0,14,0,0,0,
0,0,0,0,0,0,0,0,0,0,0,0,
0,0,0,0,0,0,0,0,0,0,0,0,
0,0,0,0,0,0,11,0,0,0,0,0,
0,0,0,0,0,0,0,0,0,98,0,0,
0,0,0,0,0,0,0,0,0,0,0,0,
0,0,0,0,0,0,0,0,0,0,0,0,
0,0,0,0,0,0,0,0,0,0,0,0,
0,0,0,0,126,0,0,0,0,0,0,0,
0,0,0,0,0,0,0,0,0,0,0,0,
0,0,0,0,0,0,0,0,0,0,0,0,
0,0,0,0,0,0,33,0,0,0,0,0,
0,0,0,0,0,0,34,0,0,0,0,0,
0,0,0,0,0,0,0,0,0,0,0,0,
0,0,0,0,0,0,0,0,0,0,0,0,
0,0,0,0,0,0,0,31,0,0,0,0,
0,0,61,0,0,0,39,112,0,0,0,0,
0,0,0,0,0,0,0,0,0,0,0,0,
0,0,0,0,0,0,30,0,0,34,0,0,
0,0,136,0,0,0,32,0,0,0,0,0,
43,0,83,65,0,111,233,0,47,148,0,0,
0,0,0,0,0,0,0,0,0,0,0,0,
0,0,0,0,0,0,132,0,0,0,42,0,
12,0,0,0,0,0,193,0,0,8,0,0,
0,0,31,128,0,0,268,0,0,431,0,0,
0,0,0,0,0,0,0,0,0,0,0,0,
0,0,0,0,0,0,0,0,0,0,0,0,
0,0,0,132,0,0,33,23,15,0,0,0,
20,0,13,0,0,46,67,244,30,248,0,0,
0,0,0,0,0,0,0,0,0,0,0,0,
0,0,0,0,0,0,0,0,0,42,0,0,
0,0,0,22,0,0,12,0,0,19,0,0,
0,0,0,0,0,43,74,15,0,73,0,0,
0,0,0,0,0,0,0,0,0,0,0,0,
0,0,0,0,0,0,35,0,0,0,0,0,
0,0,0,0,0,0,252,98,0,38,0,32,
57,0,0,0,0,0,34,6,0,0,0,0
*****