2010 Families by family type in Minnesota, race/ethnicity, poverty, and metro, age 16+, wgtd 2008-10 ACS, SSDAN/U-Mich
5
RaceEth,Ageall4,Geo,PovLevel,FamType
7,6,4,4,3
NHWhite,Black,Asian,Hispanic,AmIndian,NHOther,NHMulti
<25,25-34,35-44,45-54,55-64,65+
City,Suburb,NonMetro,NotIdentified
Poverty,NearPoor,Middle,Comf
MrrdCpl,MaleFam,FemFam
167,77,34,101,124,353,442,124,492,44,0,0,
314,133,1035,624,285,745,2892,1122,1314,920,0,34,
598,399,2445,236,591,676,2138,1058,352,269,39,0,
358,247,1220,279,35,493,1486,791,393,181,9,0,
350,164,446,84,0,455,5653,468,866,6030,244,579,
1029,229,2989,1477,291,968,31737,3019,6163,30017,991,579,
1723,596,4075,2524,852,2459,25780,2741,2914,6264,379,65,
483,266,2370,986,492,1026,15018,1282,1934,6876,225,0,
419,131,527,126,224,334,5669,1048,1598,6886,300,529,
1211,494,2476,1789,237,2396,51284,4895,10212,51298,2245,1611,
1515,376,2554,2244,413,1284,35352,3172,4404,10835,450,511,
636,99,1339,1226,62,1067,18001,2216,3797,8563,277,138,
371,0,237,450,225,186,5950,570,2478,7964,90,721,
1388,367,1670,1618,269,1619,44076,5245,12061,81085,2706,3374,
1438,362,1226,2018,529,1183,37907,3851,4702,27402,823,556,
641,313,964,732,475,562,18149,1426,2574,17354,550,652,
99,111,45,116,146,165,4855,387,1272,8254,240,280,
891,209,197,1386,184,765,29249,2028,4201,62988,1228,2278,
1722,270,475,1806,127,612,31674,1011,2022,26092,502,322,
938,115,76,896,31,193,15805,571,929,16194,296,132,
471,0,158,324,0,198,4851,188,1163,3990,50,653,
1503,78,189,2570,150,630,42615,931,5148,31744,689,1577,
2497,67,232,5283,165,709,45731,924,3266,17115,397,640,
1243,51,84,2176,69,359,19620,541,1680,8612,194,473,
116,153,1087,0,0,156,93,0,230,104,0,0,
78,0,1035,0,0,317,78,0,0,0,63,0,
74,0,0,0,0,0,0,0,0,0,0,0,
0,0,259,0,0,0,0,0,0,0,0,0,
511,568,2582,324,0,720,297,404,703,85,0,0,
454,111,1541,367,460,642,2166,352,758,506,0,0,
131,143,127,12,34,0,0,0,0,0,0,0,
215,0,207,154,219,119,0,51,0,0,0,81,
623,116,1044,80,204,753,961,412,1513,285,0,27,
233,70,966,388,393,757,2806,292,2567,1032,32,0,
24,0,74,158,0,0,275,76,127,6,0,0,
84,0,0,203,0,0,59,0,0,12,0,0,
431,71,823,160,190,817,899,35,1110,253,0,40,
120,46,192,135,109,125,2018,208,640,929,254,28,
0,0,79,0,0,0,0,17,0,19,0,0,
0,0,186,0,0,57,22,0,0,23,0,0,
119,0,550,79,0,156,387,55,549,388,0,0,
146,291,439,0,67,0,620,64,522,401,101,59,
0,0,0,0,0,0,9,0,0,7,0,16,
0,0,47,45,232,0,27,0,0,11,0,0,
22,0,250,69,49,28,244,124,325,129,0,57,
0,161,116,0,116,0,227,70,108,185,67,18,
0,0,0,32,0,0,152,83,0,0,0,0,
0,0,0,0,0,0,0,0,0,70,0,0,
215,182,0,260,91,42,119,0,185,40,0,0,
0,0,147,0,76,0,351,114,0,0,0,0,
0,46,0,0,0,33,67,8,0,0,0,0,
117,0,38,0,0,0,64,0,0,0,0,0,
695,81,539,258,0,44,1094,175,63,245,0,0,
181,91,47,709,0,78,4129,464,266,2683,0,78,
0,0,12,34,0,0,119,361,25,12,0,0,
0,0,45,10,0,28,267,135,0,174,0,0,
780,310,298,222,0,48,1035,280,193,564,163,0,
248,0,220,408,0,228,3830,475,282,3523,34,321,
34,0,0,0,0,44,210,0,33,121,0,0,
68,0,0,51,0,51,376,89,0,457,0,0,
399,48,324,184,0,66,545,0,86,41,106,0,
128,0,120,129,0,0,2807,235,133,1809,81,0,
13,18,32,58,0,21,367,0,0,186,0,0,
0,0,0,103,0,0,175,0,0,210,0,0,
202,35,176,35,81,0,194,0,20,171,0,52,
65,0,216,93,0,0,698,126,301,1183,0,252,
0,0,0,20,0,0,117,23,0,93,19,0,
24,0,0,0,0,0,279,0,0,94,0,0,
85,0,138,97,0,0,96,0,39,102,0,0,
47,0,0,105,0,0,415,0,16,560,0,52,
56,0,0,42,0,0,10,0,0,0,0,0,
0,0,0,0,0,0,0,0,0,146,0,0,
0,135,100,105,0,136,270,47,274,0,0,0,
141,91,217,84,0,0,78,7,263,0,0,0,
142,29,198,15,25,0,399,62,113,0,12,0,
72,0,192,25,0,0,0,0,0,0,0,0,
403,163,639,652,513,262,714,341,343,403,0,0,
647,189,551,812,490,97,1640,448,696,526,0,21,
303,87,681,573,272,363,872,62,18,0,0,0,
258,0,127,26,0,0,313,0,26,0,0,0,
568,282,599,262,118,124,555,278,223,254,0,37,
523,109,552,500,0,460,3156,645,301,792,0,136,
583,166,162,161,144,129,1008,261,198,28,3,0,
11,0,156,167,39,0,599,0,50,53,0,0,
0,72,131,40,0,0,1215,0,364,398,0,87,
0,228,0,141,0,0,1373,165,211,492,0,187,
139,13,133,133,24,0,697,76,76,62,0,0,
0,0,0,13,0,0,305,20,90,0,38,0,
0,0,123,0,0,0,298,111,51,127,0,0,
0,0,0,0,0,0,391,0,116,364,0,0,
0,48,0,159,0,22,293,24,97,192,0,38,
38,0,0,32,0,0,59,0,0,51,0,77,
77,0,0,57,0,0,249,56,31,0,0,0,
0,0,0,77,0,0,277,0,0,92,0,0,
0,0,0,68,0,0,184,0,0,126,0,0,
0,0,0,0,0,0,124,25,0,0,0,0,
0,0,53,0,58,54,0,0,0,19,0,0,
0,0,0,107,0,0,23,0,0,0,0,0,
0,0,216,0,0,15,142,196,43,0,0,0,
0,0,180,0,0,29,0,0,0,0,0,0,
0,77,127,0,0,0,0,44,0,0,0,0,
0,0,76,0,0,146,151,0,0,82,0,0,
161,0,635,51,0,0,130,0,104,0,0,61,
107,0,207,74,33,0,28,18,0,0,0,0,
0,31,455,0,0,190,43,0,0,0,0,0,
0,14,108,0,0,0,225,64,0,70,0,32,
114,0,349,128,26,23,259,81,212,84,0,0,
0,121,226,81,0,0,35,69,96,37,0,0,
0,109,113,0,0,0,181,0,0,33,0,0,
0,0,0,0,35,0,177,0,110,144,0,71,
0,113,130,32,0,36,414,163,305,199,0,117,
0,14,0,0,23,0,116,132,18,91,0,0,
0,0,20,0,0,0,20,0,63,0,35,0,
0,0,83,0,0,0,0,70,40,269,0,40,
36,0,135,20,23,101,269,25,176,60,0,0,
0,0,0,0,0,0,166,0,29,34,0,0,
0,0,30,0,0,0,0,0,40,0,0,0,
0,0,0,0,0,0,114,0,16,0,0,0,
101,0,24,7,46,55,138,20,70,15,0,0,
0,0,0,45,0,0,95,0,0,0,0,0,
0,0,0,0,0,0,0,0,0,0,0,0,
32,0,0,0,0,0,0,0,0,0,0,0,
0,0,0,0,0,0,0,0,0,0,0,0,
0,0,0,0,0,0,0,0,0,0,0,0,
0,0,0,0,0,0,0,0,0,57,0,0,
0,0,0,114,0,0,0,0,50,41,0,0,
0,0,0,16,0,0,0,0,0,0,0,0,
0,0,0,0,0,0,17,0,0,0,0,0,
0,85,0,0,0,0,0,0,0,40,0,0,
0,0,0,0,0,0,43,0,59,92,0,0,
0,0,0,0,0,0,124,0,0,0,0,0,
0,0,0,0,0,0,0,0,0,0,0,2,
0,0,0,0,0,0,0,0,0,42,0,0,
0,0,0,0,0,0,36,0,46,59,0,0,
0,0,0,0,0,0,11,0,0,0,0,0,
0,0,0,0,0,0,18,0,0,37,0,0,
0,0,0,0,0,0,52,0,0,0,0,0,
0,0,0,0,0,0,43,0,0,102,0,9,
0,0,0,0,0,0,0,0,0,0,0,0,
0,0,0,0,0,0,15,0,0,0,0,0,
0,0,0,0,0,0,0,0,0,0,0,0,
0,0,0,0,0,0,51,0,0,45,0,0,
0,0,0,0,0,0,22,0,0,0,0,0,
0,0,0,0,0,0,0,0,0,0,0,0,
0,0,213,0,35,0,33,0,26,0,0,0,
0,0,31,63,0,0,28,40,40,0,0,0,
0,0,0,77,0,0,0,0,0,0,0,0,
0,0,0,0,0,0,0,0,0,0,0,0,
124,152,268,0,0,49,351,0,361,154,0,0,
51,0,195,21,0,108,575,0,36,76,0,0,
114,0,255,0,0,17,288,0,18,53,0,0,
38,0,42,0,0,0,142,182,66,118,0,0,
0,0,48,105,0,45,40,153,129,44,0,0,
26,0,0,0,0,299,806,195,311,378,0,76,
107,15,59,15,0,0,282,39,0,167,0,0,
85,0,40,0,0,0,14,51,0,76,0,0,
0,0,0,0,0,48,0,84,38,0,0,0,
0,0,162,57,0,21,544,71,265,110,39,60,
18,0,0,207,0,0,192,71,0,69,0,0,
0,52,22,46,0,0,24,54,52,0,0,22,
0,34,0,0,0,0,52,0,0,111,0,0,
0,0,18,0,0,0,216,39,151,110,0,0,
12,0,0,101,0,0,272,0,0,357,0,0,
0,0,34,0,0,0,25,0,0,114,0,0,
0,0,0,0,0,0,0,0,45,76,0,0,
0,0,0,43,0,26,120,0,0,80,0,0,
0,0,0,29,0,0,181,0,0,78,8,0,
0,0,0,43,0,0,55,0,0,11,0,0
*****