2010 Families by family type in Oklahoma, race/ethnicity, poverty, and metro, age 16+, wgtd 2008-10 ACS, SSDAN/U-Mich
5
RaceEth,Ageall4,Geo,PovLevel,FamType
7,6,4,4,3
NHWhite,Black,Asian,Hispanic,AmIndian,NHOther,NHMulti
<25,25-34,35-44,45-54,55-64,65+
City,Suburb,NonMetro,NotIdentified
Poverty,NearPoor,Middle,Comf
MrrdCpl,MaleFam,FemFam
425,41,1051,324,128,329,1723,277,467,339,24,0,
60,17,228,125,17,206,1918,89,353,208,57,0,
838,229,1438,546,119,252,2553,458,49,274,0,66,
582,341,1729,1047,287,501,3668,427,652,184,0,0,
965,147,2801,1292,117,619,11608,1253,2139,4408,247,150,
660,133,1746,1134,217,547,11893,682,901,4281,34,54,
2235,210,3040,1745,318,1126,12043,449,1480,1734,64,0,
2951,321,3767,3506,410,1698,20040,2566,2345,4733,142,125,
862,132,2181,1112,356,890,10605,1255,2946,5998,564,291,
737,134,1052,856,241,343,11629,1580,1823,7343,188,225,
1491,289,2013,1579,315,1042,14139,1303,2053,4272,40,200,
1895,603,2877,2843,826,1618,24300,1943,4158,7698,521,221,
796,200,697,933,75,730,9622,1539,3107,14174,483,429,
377,162,673,599,285,265,10174,839,2552,13816,530,773,
1354,290,1498,1475,314,782,16148,1566,2228,9696,265,437,
1637,695,2569,1475,447,1207,23601,1614,3761,18398,710,660,
586,168,320,680,56,422,9377,943,1787,13551,277,559,
192,62,112,649,54,143,8727,348,1748,12592,91,331,
1628,269,604,1780,210,574,15153,678,1307,9835,467,190,
1642,277,644,1810,98,710,22778,1220,2646,17624,125,460,
503,186,211,756,157,436,12428,578,2450,10402,65,503,
242,23,298,603,4,360,12542,511,1998,7036,73,494,
1454,60,417,3209,70,801,21695,668,2532,7682,159,569,
2193,95,507,3161,196,1068,26399,1177,3871,12977,496,561,
80,62,1074,63,0,198,478,259,262,0,0,0,
82,0,153,0,0,0,0,0,101,28,0,0,
0,0,144,0,0,0,20,0,0,0,0,0,
0,0,810,0,0,0,108,0,0,46,0,0,
472,245,2940,230,300,605,1700,294,1013,220,121,0,
93,23,1100,135,69,253,276,172,210,106,25,0,
42,32,357,0,0,102,192,0,0,48,78,0,
80,206,835,174,0,476,505,0,224,39,0,30,
311,190,1146,76,187,998,2355,265,1792,707,52,87,
134,37,175,123,0,213,568,227,278,313,38,29,
0,70,321,0,0,63,149,0,38,39,0,26,
130,9,287,69,0,240,1142,161,672,337,0,55,
82,224,791,432,88,366,2442,264,1342,781,43,34,
25,24,147,0,0,148,984,24,401,455,0,146,
69,46,174,60,28,71,199,92,137,68,0,0,
336,26,360,109,8,192,1276,213,475,397,5,87,
280,99,532,161,0,113,1310,178,899,713,33,242,
60,0,0,0,0,29,631,33,24,313,0,0,
61,28,0,69,0,53,414,52,21,156,0,0,
138,0,145,96,15,0,507,163,475,516,0,29,
208,68,242,257,34,173,1379,88,945,402,27,225,
63,0,38,50,0,0,223,0,25,212,0,0,
5,0,47,11,0,19,275,7,155,54,0,19,
28,32,45,166,0,40,836,0,189,176,32,71,
148,0,0,0,29,0,0,50,0,0,30,0,
35,0,0,0,0,0,0,0,0,0,0,0,
0,10,0,0,0,0,0,0,0,0,0,0,
56,0,0,0,0,0,0,0,91,0,0,0,
31,35,68,0,0,25,373,353,296,182,25,0,
43,0,0,43,0,0,355,0,214,264,0,0,
0,0,44,0,0,0,164,51,0,17,0,0,
262,111,20,94,0,0,179,27,132,0,0,0,
148,0,251,166,0,98,1084,91,31,308,0,50,
27,0,72,0,0,0,449,38,0,173,0,0,
7,0,0,38,0,0,128,0,0,80,0,0,
71,0,136,13,0,0,637,0,0,153,0,6,
181,0,0,129,0,79,784,195,69,345,0,0,
0,0,0,46,0,0,414,0,43,179,0,0,
10,0,0,56,0,0,62,0,5,8,0,0,
0,38,9,34,0,0,237,22,31,360,0,0,
0,0,0,100,0,167,662,0,49,511,36,21,
0,0,0,0,0,0,33,0,0,49,0,38,
35,0,0,23,0,0,49,0,0,0,0,0,
13,0,0,0,0,20,251,0,11,101,0,9,
96,0,0,50,0,0,255,34,34,63,35,0,
97,0,0,0,0,0,27,0,0,86,0,19,
0,0,18,0,0,0,0,0,0,0,0,0,
0,0,0,0,0,0,182,0,0,112,0,0,
746,141,472,306,71,205,375,734,76,29,70,0,
90,0,24,82,0,0,54,48,142,0,0,0,
153,60,379,92,56,27,193,169,103,0,0,78,
396,178,91,176,0,0,397,76,32,0,7,0,
1747,253,1596,1784,98,337,2809,1071,445,322,0,0,
24,0,280,299,0,79,229,119,237,122,43,0,
731,107,416,157,283,16,1294,393,203,157,0,0,
435,9,676,293,128,41,1720,322,30,556,23,0,
1370,202,1063,1188,86,397,2637,387,353,422,56,0,
135,0,99,315,37,0,596,93,169,398,0,0,
338,7,260,372,0,99,958,67,217,75,0,0,
492,129,425,780,171,139,1176,265,386,285,0,0,
638,30,264,596,20,80,1596,202,421,309,24,66,
56,53,0,0,0,5,493,160,29,405,33,0,
112,65,165,108,52,61,1015,278,147,65,0,7,
280,41,49,284,82,0,1156,28,183,279,0,77,
71,38,18,226,32,33,700,52,77,143,137,0,
32,0,0,0,0,0,451,0,53,169,0,0,
189,0,52,65,0,0,437,33,37,154,0,0,
39,0,170,247,17,163,267,0,158,168,0,0,
96,0,0,91,0,0,672,47,46,108,32,29,
21,0,0,20,36,0,181,0,25,0,190,0,
86,0,57,211,0,0,239,4,201,70,0,0,
4,21,59,196,0,0,246,24,30,147,0,0,
17,0,212,0,0,36,22,0,92,0,0,0,
0,0,27,66,0,0,56,0,0,30,0,0,
35,8,98,23,0,197,390,23,12,0,9,0,
34,129,311,46,35,192,491,190,178,0,0,50,
125,0,419,62,0,211,479,21,79,219,0,0,
194,21,31,196,98,195,1435,19,78,390,21,0,
314,69,459,360,0,76,1363,167,287,193,85,0,
464,85,1048,607,47,453,1892,175,488,263,0,34,
98,173,179,96,0,26,515,151,179,281,0,69,
0,31,141,0,50,156,1182,123,465,418,25,22,
263,65,331,291,25,182,1629,192,459,309,0,34,
605,95,548,194,136,295,1912,225,552,466,42,13,
63,0,185,0,25,0,843,65,326,377,0,50,
67,0,54,99,18,17,653,0,35,860,0,47,
179,39,163,206,39,189,1516,51,194,554,0,0,
156,204,308,488,53,298,2315,252,530,987,26,152,
0,0,20,0,0,18,673,221,94,329,0,0,
54,0,0,10,0,0,902,0,96,488,16,21,
288,13,214,105,66,34,1413,156,179,325,0,49,
204,55,267,249,87,293,1620,307,307,667,33,34,
24,0,46,0,0,38,184,0,146,354,34,59,
0,0,20,95,0,21,393,41,118,204,0,0,
101,24,60,205,0,53,1077,76,152,156,26,0,
144,50,202,356,0,80,980,243,658,304,0,104,
0,0,0,0,0,0,0,0,0,0,0,0,
0,0,0,0,0,0,0,0,0,0,0,0,
0,0,0,0,0,0,0,0,0,0,0,0,
0,0,0,0,0,0,0,0,0,0,0,0,
0,0,0,0,0,0,0,0,0,26,0,0,
0,0,0,0,0,0,0,0,0,0,0,0,
0,0,0,32,0,0,0,0,0,0,0,0,
0,0,0,0,0,0,0,0,0,0,0,0,
0,0,0,0,0,0,74,33,0,0,0,0,
32,0,0,0,0,0,0,0,114,0,0,0,
0,0,0,0,0,0,0,0,0,0,0,0,
0,0,0,0,0,0,0,0,0,0,0,0,
0,0,0,0,0,0,0,0,0,0,0,0,
0,0,0,0,0,0,0,0,0,36,0,0,
0,0,0,0,0,0,37,0,0,8,0,0,
0,0,0,0,0,30,0,0,0,0,0,0,
0,0,0,0,0,0,41,0,0,0,0,0,
0,0,0,0,0,0,0,0,0,0,0,0,
0,0,0,0,0,0,6,0,0,0,0,0,
0,0,0,0,0,0,0,0,0,19,0,0,
0,0,0,0,0,0,0,0,0,0,0,0,
0,0,0,0,0,0,0,0,0,30,0,0,
0,0,0,0,0,0,0,0,0,0,0,0,
0,0,0,0,0,0,0,0,0,0,0,0,
122,0,116,116,110,0,0,139,126,0,0,0,
126,0,82,0,0,166,0,102,23,16,0,0,
104,80,329,50,0,97,253,106,108,32,0,0,
31,33,91,58,0,0,404,41,0,24,0,0,
35,0,724,114,0,164,743,54,167,325,0,0,
0,11,379,10,0,28,960,102,267,329,0,0,
132,38,351,402,65,153,899,142,184,264,0,9,
227,41,856,278,152,235,1311,83,190,142,0,0,
66,0,210,203,30,89,624,108,271,204,0,0,
146,0,52,0,0,0,908,52,89,329,0,82,
144,11,392,231,47,108,1235,326,319,379,38,0,
263,12,564,238,34,184,1659,294,547,338,55,13,
92,0,182,18,0,58,731,0,355,467,0,0,
0,32,225,30,0,30,627,36,84,310,0,0,
142,81,250,115,106,119,1099,218,367,306,173,10,
164,100,94,76,227,12,1493,194,435,654,31,56,
0,29,26,23,0,53,320,56,53,442,0,40,
0,0,6,30,78,0,300,0,128,185,0,21,
116,54,50,85,8,72,871,39,132,385,0,0,
106,57,84,220,23,24,1041,126,69,726,0,60,
32,0,0,114,52,18,396,116,268,121,0,0,
54,0,0,0,0,41,621,93,95,192,0,34,
72,9,12,143,0,112,1316,207,133,345,22,0,
47,0,45,211,7,21,1514,55,254,307,11,62
*****