2010 Families by family type in Maryland, race/ethnicity, poverty, and metro, age 16+, wgtd 2008-10 ACS, SSDAN/U-Mich
5
RaceEth,Ageall4,Geo,PovLevel,FamType
7,6,4,4,3
NHWhite,Black,Asian,Hispanic,AmIndian,NHOther,NHMulti
<25,25-34,35-44,45-54,55-64,65+
City,Suburb,NonMetro,NotIdentified
Poverty,NearPoor,Middle,Comf
MrrdCpl,MaleFam,FemFam
218,0,27,112,0,43,212,83,138,26,0,0,
131,148,576,417,108,247,1990,785,663,866,186,81,
18,0,165,35,0,64,80,17,93,63,0,0,
52,6,684,145,155,432,1694,288,270,466,94,0,
190,0,195,246,0,81,1582,249,468,3651,176,174,
1027,147,1530,886,326,930,17765,1941,4734,29447,952,835,
105,81,152,86,0,21,1690,294,319,868,65,16,
1157,342,1943,1006,170,631,10640,1201,1625,9312,280,158,
190,81,256,161,64,189,1859,374,410,2873,262,177,
1193,356,1956,1340,131,1382,31109,2316,8734,56059,2193,3021,
106,0,282,177,77,210,2590,146,551,1665,30,49,
671,375,1650,1386,218,1054,20463,1712,5212,18446,957,855,
320,147,242,96,19,229,1702,373,431,2520,94,297,
1222,170,1786,1075,265,986,30211,3336,9687,86179,3892,5824,
66,100,156,52,0,261,2696,305,543,2724,222,305,
965,226,1045,829,113,755,18196,1802,4513,30730,1027,1591,
79,0,87,178,0,73,1794,289,426,2847,143,238,
1028,330,726,769,92,349,21114,2270,4934,75328,2100,4388,
76,76,18,339,20,63,2668,161,190,2883,113,115,
775,108,309,1245,125,317,14354,921,2113,24523,837,942,
432,0,184,230,0,253,2641,36,972,1827,130,466,
1774,80,481,2108,37,813,34761,1949,7000,49072,1743,4281,
229,0,0,352,0,48,3972,86,477,2634,49,177,
727,146,163,1178,33,403,19256,657,2940,17440,507,986,
0,132,1446,79,88,425,314,422,484,0,46,46,
75,551,1565,40,214,607,758,874,1713,284,385,135,
91,0,74,0,0,0,94,61,242,0,0,0,
25,150,580,0,0,46,0,0,70,0,80,0,
108,517,5140,383,196,1630,1736,800,4179,577,138,291,
632,570,4524,683,84,2645,9900,2517,12168,7362,744,2065,
107,71,479,43,77,400,347,52,356,25,0,0,
0,76,925,14,83,120,727,125,777,735,51,7,
214,356,3119,485,29,1565,4258,966,5104,845,313,365,
1079,461,4458,1083,501,2201,16680,3714,18609,19328,2612,6574,
24,0,295,79,129,134,352,153,328,134,0,0,
178,0,618,137,165,384,2383,36,1177,1668,96,174,
437,488,2690,589,83,1365,3654,973,5796,1957,165,487,
654,403,2431,940,470,2096,13874,3233,13302,23305,1081,8619,
0,0,41,187,90,148,436,81,561,181,186,0,
61,0,396,179,194,98,1393,142,1118,1812,233,494,
361,314,1052,455,90,527,3708,756,3611,1816,263,696,
431,402,647,298,85,745,10111,1493,5616,19098,1095,5047,
39,0,124,58,0,22,394,208,268,146,0,56,
22,19,121,129,124,82,1428,67,771,1089,0,140,
349,441,1205,598,88,1043,3522,878,3818,1269,211,416,
370,81,794,453,60,457,8066,975,4434,9416,955,2567,
18,58,114,135,0,45,428,53,372,122,0,0,
177,0,107,123,38,165,994,425,766,546,112,241,
29,0,22,0,0,0,0,0,0,18,0,0,
0,0,0,50,9,24,301,156,54,38,51,0,
0,0,0,0,0,0,0,0,0,0,0,0,
0,0,0,0,0,0,0,0,0,0,0,0,
84,18,0,71,0,0,172,0,0,86,0,0,
253,96,87,252,83,86,4360,443,268,4675,109,368,
21,0,0,0,0,0,112,0,0,23,0,0,
39,0,13,36,0,106,392,32,115,347,0,26,
59,45,0,63,0,17,228,98,0,119,17,0,
667,0,364,717,23,96,7063,564,807,9499,311,448,
0,0,0,20,0,0,96,0,0,76,0,0,
162,0,0,38,0,0,827,37,86,651,0,86,
0,0,0,0,0,0,44,19,0,115,0,0,
625,64,115,451,34,101,5593,42,1120,8237,251,783,
0,0,0,26,0,0,101,0,0,88,0,0,
0,0,0,20,0,0,478,72,0,476,0,0,
25,0,0,19,0,0,52,77,46,63,61,0,
314,85,51,98,157,0,3694,106,670,6508,88,418,
0,0,0,0,0,0,32,0,0,120,0,0,
27,0,0,0,0,0,214,0,49,215,0,29,
18,0,0,0,0,0,179,0,9,19,0,0,
602,0,75,506,0,0,2331,85,237,3533,141,95,
0,0,0,0,0,0,0,0,0,0,0,0,
15,0,0,0,0,0,157,0,0,230,0,25,
0,41,23,0,0,0,37,0,0,0,66,0,
127,127,164,158,155,124,778,394,303,60,121,40,
0,30,0,0,82,0,0,0,0,0,0,0,
0,0,155,66,0,49,275,111,0,0,0,0,
116,69,365,173,50,66,314,184,26,112,25,59,
567,374,1280,1475,376,432,5964,3339,1742,2043,577,212,
131,65,83,18,75,0,60,60,23,0,0,0,
166,92,165,246,176,81,854,274,175,338,0,0,
80,0,117,171,18,0,178,137,20,119,14,0,
784,265,1235,1631,421,586,10006,1996,2032,3376,345,328,
0,0,0,30,0,0,226,29,0,0,0,0,
323,229,77,288,64,0,1228,0,175,514,36,46,
28,0,22,0,0,102,230,0,105,78,0,0,
219,50,320,759,51,313,6120,1232,1899,3633,318,361,
0,0,0,0,18,0,0,0,0,0,0,0,
31,0,68,80,68,0,809,36,43,690,57,83,
0,29,0,0,0,0,101,0,0,114,27,0,
176,55,151,135,88,98,2475,289,528,1952,108,133,
0,0,0,7,0,0,22,0,0,37,0,0,
49,0,0,0,0,0,94,0,82,300,0,20,
0,0,0,17,0,0,54,0,0,61,0,20,
80,50,64,69,0,37,1161,202,264,966,141,186,
0,0,0,0,0,0,79,0,0,0,0,33,
0,0,0,0,0,0,155,36,0,90,12,0,
0,0,0,0,0,0,0,0,0,0,0,0,
0,0,0,0,0,0,55,0,0,31,0,78,
0,0,34,0,0,0,0,0,0,0,0,0,
0,0,32,28,0,0,0,0,0,0,0,0,
0,0,0,0,0,0,0,18,0,21,0,0,
0,0,54,0,0,0,41,0,14,99,0,0,
0,0,0,0,0,15,0,0,34,0,0,0,
0,0,0,0,0,23,32,0,0,9,0,0,
0,15,0,0,0,0,0,0,48,0,0,0,
78,0,0,0,0,66,364,0,118,52,0,35,
0,0,0,0,0,0,25,0,0,0,0,0,
0,0,24,0,0,48,110,91,0,0,0,0,
0,0,0,0,0,0,49,0,0,0,0,0,
22,0,0,0,27,25,54,0,103,180,28,38,
4,0,0,0,0,0,0,0,0,0,0,0,
0,0,0,0,0,0,24,0,48,18,50,34,
0,0,0,0,0,0,0,0,0,0,0,0,
0,0,0,65,0,0,91,25,107,384,0,30,
0,0,0,0,0,0,44,0,0,0,0,0,
0,0,0,0,0,0,38,0,0,82,0,0,
0,0,0,19,0,0,0,0,60,0,0,0,
35,0,0,0,0,0,199,35,0,0,15,20,
0,0,0,0,0,0,0,0,0,15,0,0,
0,0,9,0,0,0,14,13,0,0,0,0,
0,0,0,0,0,0,0,0,0,0,0,0,
0,0,0,101,0,0,0,0,0,0,0,0,
0,0,0,0,0,0,0,0,0,0,0,0,
0,0,0,0,0,0,0,0,0,0,0,0,
0,0,0,0,0,0,25,0,0,0,0,0,
79,0,0,0,0,0,30,0,143,265,0,0,
0,0,0,0,0,0,0,0,0,45,0,0,
0,0,0,0,0,0,17,0,0,22,0,0,
0,0,0,0,0,0,133,0,0,0,0,0,
0,0,0,0,0,0,285,0,100,295,0,20,
0,0,0,0,0,0,0,0,0,0,0,0,
70,0,0,0,0,0,0,0,0,20,0,0,
0,0,0,0,0,0,0,0,0,0,0,0,
0,0,0,0,0,0,81,0,32,284,22,81,
0,0,0,0,0,0,0,0,0,7,0,0,
0,0,0,0,0,0,0,0,39,127,0,33,
0,0,0,0,0,0,0,0,0,0,0,0,
0,0,0,0,0,0,123,0,0,369,0,30,
0,0,0,0,0,0,0,0,0,0,0,0,
0,0,0,0,0,0,0,0,0,60,0,0,
0,0,0,0,0,0,0,0,0,0,0,0,
0,0,0,0,0,0,37,0,0,23,0,16,
0,0,0,0,0,0,0,0,0,0,0,0,
0,0,0,0,0,0,0,0,0,0,0,0,
0,0,0,0,0,0,0,0,0,0,0,0,
0,0,163,0,71,144,107,22,201,15,0,0,
0,0,0,0,0,0,0,0,45,0,0,0,
0,0,0,0,0,0,83,0,0,0,0,0,
0,74,156,0,0,88,160,46,28,0,0,0,
0,55,300,98,119,0,568,43,455,620,74,0,
0,0,0,0,0,40,10,0,44,0,0,0,
0,0,44,40,0,0,290,60,78,214,0,0,
0,0,50,77,0,0,44,0,165,83,0,0,
54,0,100,28,0,69,1070,257,446,606,29,58,
0,0,0,0,0,0,47,0,64,21,0,0,
0,0,25,15,0,24,173,43,95,269,0,0,
0,0,88,48,19,0,0,0,0,90,74,20,
0,0,95,0,0,25,530,93,579,1217,181,256,
0,0,0,0,0,0,13,0,0,0,0,0,
0,50,0,41,0,26,229,0,64,182,0,0,
0,0,64,0,0,67,63,0,47,17,0,0,
0,0,0,53,0,22,535,11,284,807,73,149,
0,0,0,0,0,0,0,0,0,0,0,30,
0,0,0,0,5,0,83,40,27,71,0,0,
25,0,0,0,81,99,30,0,54,48,0,21,
0,37,0,38,0,0,219,0,163,410,0,154,
0,0,0,0,0,0,22,0,0,0,0,0,
0,0,0,6,0,0,82,0,0,0,0,0
*****