2010 Families by family type in North Carolina, race/ethnicity, poverty, and metro, age 16+, wgtd 2008-10 ACS, SSDAN/U-Mich
5
RaceEth,Ageall4,Geo,PovLevel,FamType
7,6,4,4,3
NHWhite,Black,Asian,Hispanic,AmIndian,NHOther,NHMulti
<25,25-34,35-44,45-54,55-64,65+
City,Suburb,NonMetro,NotIdentified
Poverty,NearPoor,Middle,Comf
MrrdCpl,MaleFam,FemFam
324,305,827,301,110,222,2184,493,130,245,0,26,
305,123,833,507,56,98,2924,427,250,538,0,0,
1249,300,3722,928,411,1028,5532,758,533,427,0,56,
1633,672,3287,1721,596,555,9341,969,947,590,151,115,
752,284,964,567,174,717,9583,857,1765,10706,422,187,
1597,140,2144,2003,246,652,18737,899,2160,13232,318,115,
2978,1498,6896,3998,1043,2380,30459,3118,4432,8565,200,161,
4425,1892,7546,4295,904,3121,47759,3311,6160,20322,433,185,
862,208,766,466,0,709,11498,1675,2720,15397,661,657,
1887,412,2366,2221,41,781,28910,2461,5120,26872,1101,1062,
3944,796,5245,5279,353,2632,51339,4485,8639,18429,580,735,
5074,1204,7129,5569,1062,3743,69107,5277,13593,41280,1302,1489,
297,160,1063,744,93,235,9661,1138,2875,20758,1135,945,
1052,90,1061,1419,393,911,22861,2230,4515,30195,809,1230,
5075,1367,3151,4625,710,1851,50995,3985,8382,34626,1234,1230,
4371,1564,3783,4656,920,2162,63148,6454,11773,61556,1662,2767,
474,41,118,524,0,300,7458,713,1880,19064,632,722,
963,76,348,1321,86,398,16736,783,2176,23622,289,945,
4088,472,1310,4262,485,1384,49551,3111,4893,35106,380,885,
4391,768,1732,4881,248,2169,58789,2410,7691,60208,1304,1808,
452,24,342,707,25,389,13924,403,3130,14367,393,863,
926,57,227,1397,91,458,20309,604,2579,11804,200,491,
4092,481,1523,7658,584,2054,64814,1830,7844,30190,395,1344,
3572,390,1261,7942,223,1910,71616,2741,9781,40357,674,1977,
89,249,2741,66,243,1477,471,742,960,0,0,152,
19,0,733,126,0,81,165,104,330,55,0,0,
198,559,3789,194,150,504,324,151,612,0,23,0,
170,402,4484,401,154,671,1118,295,928,6,0,0,
773,284,6568,944,505,3556,4447,1731,6008,1190,152,315,
542,515,2777,836,83,1052,4318,648,2409,1663,30,152,
1320,638,8474,929,341,1581,4170,712,2306,236,6,201,
896,774,10909,1104,586,3260,6478,1605,4112,1781,28,328,
959,655,5224,1187,352,2870,8063,1562,8123,1903,489,345,
403,124,1174,516,280,1204,8402,949,4762,3757,0,354,
887,1041,6059,2056,315,2503,7439,1202,5801,1347,92,92,
878,564,5395,1275,463,3802,11816,1351,8432,3742,128,482,
753,589,2793,768,224,1527,7897,1476,5975,3486,165,698,
279,137,567,763,70,533,6108,602,2457,4132,290,495,
1353,1059,4322,1495,355,2756,10718,1920,5372,2278,71,296,
1207,721,3986,1623,571,2591,10638,1485,5922,5973,477,625,
611,327,1130,691,192,696,5530,918,3362,3434,222,574,
222,157,485,384,164,641,3244,378,1586,2306,44,113,
1431,380,2303,1224,310,1457,10694,1011,3143,3162,104,414,
1330,380,2424,959,355,1333,9355,738,3840,5039,22,579,
224,48,1234,573,54,1163,4479,546,2871,1624,73,204,
148,0,632,298,198,578,2702,189,1207,767,61,43,
1316,392,2103,2565,426,1652,7328,1189,3868,1121,146,266,
945,84,1765,1269,357,1459,7189,853,4281,2309,137,775,
0,35,73,123,0,29,99,110,65,0,35,0,
0,0,57,41,0,0,30,48,0,0,0,0,
21,0,35,0,0,0,33,0,15,80,0,0,
0,0,56,0,0,68,47,0,0,20,0,0,
336,0,118,223,0,109,1011,30,211,984,0,0,
36,23,25,137,0,0,963,0,31,631,14,0,
80,0,48,169,37,36,379,12,24,63,0,0,
238,32,202,355,0,0,1790,37,212,1191,35,0,
510,25,164,185,0,134,2079,119,83,696,25,0,
105,0,133,82,0,0,1477,25,26,1656,49,39,
98,0,59,63,0,85,713,60,69,224,0,23,
444,58,308,407,0,62,2815,165,256,2916,0,103,
201,0,0,94,32,186,1540,87,172,646,0,0,
167,0,48,87,0,52,813,0,64,826,0,0,
169,0,0,55,0,0,385,24,53,230,0,0,
396,0,255,280,0,77,1733,54,305,1510,139,31,
87,76,0,185,32,0,1056,29,193,187,0,0,
16,0,0,0,0,0,291,25,36,413,0,0,
31,0,24,32,0,24,210,0,44,199,0,0,
60,0,22,103,33,60,673,0,159,1041,28,100,
48,0,0,40,0,0,423,44,0,454,59,84,
0,0,32,18,0,0,233,0,107,98,0,11,
18,0,0,0,46,0,119,0,19,103,0,0,
0,0,0,48,0,0,459,29,27,641,0,26,
289,122,328,268,245,160,534,318,67,0,0,0,
208,0,197,130,11,85,703,252,0,0,0,0,
200,142,503,482,137,49,608,205,251,0,0,0,
543,271,755,601,95,187,1756,469,257,142,0,0,
2511,570,1957,1565,953,437,3346,1075,386,449,0,38,
1885,122,715,1109,601,365,2903,581,265,628,86,0,
2511,594,1452,1455,639,298,2586,986,428,301,17,22,
3139,1136,2196,3003,1230,866,5331,1764,1064,484,187,24,
942,588,1175,1125,224,381,3022,1014,553,460,63,243,
1347,179,966,1066,224,210,2893,578,351,1488,20,35,
2274,595,1301,1758,155,682,2324,391,312,188,0,0,
3229,939,1303,2695,387,582,5916,1187,1520,1237,82,12,
200,206,694,449,173,132,1117,562,413,423,19,19,
534,107,165,278,20,83,1899,309,243,764,0,36,
747,86,304,473,85,407,1923,541,394,446,45,0,
356,239,300,675,0,520,2891,300,297,970,45,107,
42,97,88,359,0,38,424,102,142,265,0,0,
0,0,55,400,0,14,365,0,71,287,0,38,
85,37,63,114,22,204,978,218,143,74,0,21,
194,17,0,281,38,4,1165,113,46,675,0,60,
0,62,60,0,0,0,400,0,0,80,0,31,
77,0,0,38,0,0,525,0,130,215,0,0,
136,0,0,71,0,32,412,11,64,116,0,0,
94,0,0,82,0,0,885,57,31,323,0,20,
0,23,0,17,39,0,8,72,16,0,0,0,
0,22,0,37,17,0,25,0,0,0,0,0,
50,83,209,63,0,8,51,69,0,0,0,0,
19,0,0,71,0,0,40,0,20,0,0,0,
17,0,12,19,0,7,144,50,81,57,0,0,
0,0,84,0,0,97,132,0,38,72,0,0,
184,163,771,242,20,88,656,181,371,130,0,68,
147,0,0,0,16,0,258,0,65,38,0,0,
36,0,17,0,0,0,28,27,79,0,0,0,
43,0,35,31,0,45,122,0,44,170,0,17,
276,160,423,505,85,179,1934,81,583,176,0,0,
0,36,0,0,0,11,173,16,169,134,0,0,
0,0,0,41,0,43,14,0,0,211,0,0,
0,112,0,28,0,0,62,25,50,101,0,0,
585,51,333,247,120,178,1525,76,406,413,0,119,
46,62,26,27,44,0,313,18,0,170,38,0,
0,0,0,33,0,0,142,0,0,52,0,0,
36,13,0,0,0,0,36,0,15,155,0,0,
600,80,434,275,0,87,1237,98,229,320,0,78,
18,0,15,41,0,0,280,0,37,109,0,0,
44,0,0,0,0,0,85,33,27,0,0,0,
13,0,0,0,0,0,0,0,0,22,0,0,
120,136,270,389,12,182,937,166,493,427,0,103,
0,0,106,8,0,18,154,0,7,56,0,0,
0,0,0,0,0,0,0,0,0,0,0,0,
0,0,0,0,0,0,0,38,0,0,0,0,
0,0,0,0,0,0,0,0,0,0,0,0,
0,23,0,0,0,0,0,0,93,0,0,0,
78,48,0,0,0,0,226,0,0,0,0,0,
17,0,0,0,0,0,0,0,0,94,0,0,
0,0,17,15,0,0,5,68,0,0,0,0,
0,0,136,0,0,0,36,0,68,0,0,0,
0,0,75,0,0,0,0,0,88,126,0,0,
0,0,0,0,0,0,118,0,0,87,0,0,
149,0,196,0,0,0,140,27,0,0,0,0,
0,0,0,0,0,0,176,0,0,79,0,0,
30,0,0,0,0,0,0,27,0,69,0,0,
0,0,0,0,0,0,0,0,23,25,0,29,
26,0,0,0,0,0,104,0,0,13,0,0,
0,0,0,0,0,0,194,0,34,86,0,0,
0,0,0,0,0,0,65,0,0,0,0,0,
0,0,0,0,0,0,0,0,0,22,0,0,
0,0,0,0,0,0,7,0,0,0,0,0,
0,0,0,0,0,0,100,0,0,0,0,0,
0,0,0,0,0,0,29,0,0,24,0,21,
0,0,0,0,0,0,0,0,0,0,0,0,
0,0,0,27,0,0,0,0,0,0,0,0,
0,0,0,0,0,0,0,0,0,0,0,0,
0,0,19,28,0,0,0,72,58,0,0,0,
0,0,55,76,0,0,78,0,0,0,0,0,
58,0,82,0,5,0,24,0,75,0,0,0,
0,17,223,37,0,0,283,0,0,0,0,0,
133,52,276,81,0,59,242,36,285,114,0,0,
27,0,313,13,0,38,494,0,133,195,0,0,
13,13,225,104,0,78,469,0,0,98,0,0,
60,0,387,36,0,0,726,122,354,104,0,40,
0,16,96,81,0,85,106,87,442,110,16,0,
0,87,0,0,0,13,888,31,163,159,29,0,
30,68,67,69,0,25,658,0,189,33,0,0,
90,0,385,155,80,43,718,2,407,358,0,0,
51,0,24,21,75,0,233,28,229,106,0,22,
36,0,58,41,0,86,381,23,178,266,0,0,
60,19,161,158,16,24,687,63,191,169,23,39,
173,22,54,64,0,20,624,25,150,681,0,89,
0,0,53,20,0,0,230,18,188,114,0,0,
23,0,12,99,0,67,265,0,89,93,0,30,
51,0,64,15,0,30,693,21,34,269,0,32,
192,71,56,59,0,100,312,9,235,236,22,33,
0,0,0,0,0,0,81,0,0,94,27,0,
100,0,0,61,0,39,8,0,39,0,0,0,
21,0,0,37,0,29,261,20,36,76,0,0,
61,0,0,46,0,0,227,64,118,134,0,0
*****