2010 Families by family type in Nevada, race/ethnicity, poverty, and metro, age 16+, wgtd 2008-10 ACS, SSDAN/U-Mich
5
RaceEth,Ageall4,Geo,PovLevel,FamType
7,6,4,4,3
NHWhite,Black,Asian,Hispanic,AmIndian,NHOther,NHMulti
<25,25-34,35-44,45-54,55-64,65+
City,Suburb,NonMetro,NotIdentified
Poverty,NearPoor,Middle,Comf
MrrdCpl,MaleFam,FemFam
0,139,339,67,59,87,383,217,155,0,0,0,
35,148,401,261,164,156,1405,238,200,318,137,129,
0,0,214,24,0,57,114,47,15,0,0,0,
60,76,262,161,186,24,1118,438,590,90,159,125,
250,102,534,98,136,217,2018,107,249,903,49,179,
319,148,1276,769,199,659,9526,1137,2140,6712,556,250,
130,65,112,205,75,88,1283,206,149,574,0,19,
869,159,1220,752,140,366,9260,1000,1694,4137,506,206,
158,0,155,200,69,190,2209,697,816,1574,109,115,
554,366,752,752,130,914,12863,1640,3781,11420,835,715,
107,58,217,448,119,82,2642,100,667,1531,17,19,
675,164,1047,788,151,754,11503,2210,3394,7699,683,724,
172,0,187,51,101,107,1843,311,1146,2632,214,201,
889,361,982,505,252,541,12072,1554,3568,16313,985,1311,
95,162,84,65,34,3,2722,288,593,2710,143,55,
901,264,842,593,194,546,10917,1748,2855,14085,1138,1369,
91,0,0,66,88,47,1924,240,279,2558,17,200,
885,139,219,504,77,223,12381,1038,1848,16165,854,1081,
128,0,149,231,0,0,2611,207,355,3443,81,162,
722,207,520,1046,22,209,10949,1098,1731,13966,628,919,
107,0,73,283,51,79,2163,219,543,2111,61,157,
679,117,197,1352,90,120,14006,819,2304,10191,436,633,
234,0,145,148,43,48,4609,165,679,2929,5,137,
895,29,307,1750,111,371,16012,788,2864,10523,388,963,
0,0,0,0,0,101,0,0,0,0,0,0,
0,182,396,90,26,65,334,0,97,0,12,0,
0,0,0,0,0,0,0,0,0,0,0,0,
287,38,304,0,0,81,196,125,168,0,0,0,
0,0,231,0,0,0,58,38,0,0,0,0,
150,369,994,214,188,430,1201,309,1054,545,0,19,
0,0,0,0,0,0,0,0,0,0,0,0,
29,0,758,20,141,602,533,177,833,165,0,32,
0,0,106,0,0,0,47,0,55,22,0,0,
163,30,633,259,89,427,1881,228,1184,609,160,142,
0,0,0,0,0,0,0,0,0,0,0,0,
192,69,1089,114,105,433,1742,419,1123,621,112,94,
72,54,0,0,0,20,133,0,77,65,0,0,
176,103,734,138,31,242,1304,241,659,895,27,43,
0,11,0,0,0,0,0,0,1,27,0,0,
286,33,283,67,221,324,1593,389,1204,997,75,0,
0,0,20,13,0,0,73,0,20,33,0,0,
19,57,124,189,0,22,722,197,461,968,177,66,
0,0,0,0,0,0,33,0,0,0,0,0,
72,0,226,39,40,135,1108,176,584,693,22,137,
48,0,0,0,0,0,49,0,36,0,0,0,
113,19,178,227,0,116,1310,159,455,681,42,83,
0,0,0,0,0,0,0,0,0,0,0,0,
41,0,40,134,80,122,1182,99,260,654,0,242,
0,0,0,0,0,0,32,54,36,0,0,0,
49,0,17,0,0,106,21,141,156,0,0,0,
0,0,0,0,0,0,0,0,0,0,0,0,
48,115,38,12,0,0,55,170,124,19,0,0,
13,0,40,23,0,0,188,132,0,0,0,0,
151,0,259,186,24,193,1401,253,323,630,116,111,
0,0,25,0,0,0,12,0,0,41,0,0,
81,22,274,19,0,82,1819,374,615,606,57,44,
25,0,74,76,0,35,380,0,67,411,0,0,
84,0,112,293,73,68,2376,289,931,1421,47,101,
0,0,0,0,0,0,141,0,0,74,0,0,
226,20,317,23,59,0,2529,256,806,1131,220,109,
22,0,43,46,0,0,219,0,200,191,0,0,
166,23,44,219,148,37,2388,408,558,1605,39,247,
0,0,29,0,0,0,102,0,0,19,0,0,
159,0,188,150,51,52,2277,237,348,1505,30,110,
32,0,0,0,0,34,317,0,76,78,0,30,
102,0,37,109,41,0,1260,76,261,1158,23,132,
0,0,17,0,0,0,7,0,0,0,0,0,
243,0,106,159,0,212,2205,0,186,1007,53,85,
40,0,29,0,0,0,149,0,155,109,36,23,
64,0,18,138,0,25,1250,15,297,867,24,98,
0,0,0,0,0,0,8,0,0,0,0,0,
195,0,66,116,0,46,1489,52,214,649,15,98,
174,57,531,80,20,18,168,152,0,0,0,0,
122,68,618,342,240,189,832,596,424,72,173,19,
24,14,71,0,51,0,74,0,57,0,0,0,
244,196,776,136,347,225,764,595,432,141,143,109,
396,177,258,359,71,116,518,328,114,98,0,0,
2037,637,2075,2486,213,748,5729,1693,1842,1282,157,32,
70,0,72,132,0,18,266,5,41,0,0,0,
1902,577,1526,1655,655,624,5336,2133,1139,730,69,53,
676,174,494,249,100,74,787,194,449,176,0,0,
1724,457,1100,1955,566,625,8172,1325,1588,1443,136,107,
129,0,146,173,0,0,1037,119,81,163,0,0,
1948,296,1178,1935,353,644,8096,1475,2589,1557,318,30,
200,44,49,45,24,41,1041,111,210,169,0,92,
592,80,349,1227,132,303,5481,550,1110,1147,95,22,
27,0,23,102,0,0,289,171,72,136,0,0,
347,60,785,856,87,247,5183,1197,1513,1462,0,8,
0,25,0,0,0,101,307,94,131,71,0,23,
202,88,184,364,43,168,2751,272,637,717,92,139,
79,0,0,0,0,0,316,0,21,59,0,0,
288,116,175,214,107,181,2807,489,576,1006,88,0,
57,0,0,79,0,0,170,20,25,72,0,0,
107,0,76,132,63,43,1849,132,340,363,27,25,
31,0,51,0,0,0,232,0,30,58,0,0,
296,29,148,235,42,70,1490,116,641,379,20,82,
0,0,0,0,0,0,0,0,0,0,0,0,
16,0,0,0,0,0,0,66,0,23,0,0,
0,0,0,0,0,0,0,5,0,0,0,0,
0,0,79,0,15,16,69,0,0,0,0,0,
0,0,0,0,0,0,44,0,0,0,0,0,
23,24,23,61,0,11,87,61,0,153,12,0,
0,0,26,4,0,0,12,28,13,0,0,0,
0,10,40,0,0,98,185,38,73,0,0,0,
0,0,0,0,0,0,0,0,151,50,0,0,
7,17,30,84,0,34,310,23,94,45,0,61,
17,0,5,9,0,0,44,38,18,9,9,0,
0,13,104,9,0,49,385,33,147,157,28,5,
0,0,0,0,0,0,35,0,0,0,0,0,
0,20,64,22,0,35,241,0,55,15,38,0,
7,6,16,0,0,28,73,0,14,0,0,0,
18,23,83,12,3,45,174,149,100,65,0,0,
0,0,0,0,0,0,0,0,0,0,0,0,
72,24,5,38,0,18,151,9,81,146,18,0,
0,0,94,0,0,0,77,11,24,83,0,0,
61,7,0,86,30,11,254,55,59,40,0,42,
0,0,0,0,0,0,0,0,21,0,0,0,
0,0,0,0,0,28,104,0,57,166,0,0,
0,0,0,0,0,0,45,18,7,0,0,0,
7,0,0,20,0,24,119,18,122,90,0,7,
0,0,0,0,0,0,0,0,0,0,0,0,
0,0,0,0,0,0,0,0,0,0,0,0,
0,0,0,0,0,0,0,0,0,0,0,0,
0,0,0,0,0,0,0,0,0,0,0,0,
0,0,0,0,0,0,25,0,0,0,0,0,
0,0,0,0,0,0,30,0,18,0,0,0,
0,0,0,0,0,0,0,0,0,0,0,0,
52,0,50,0,0,0,0,0,18,60,0,0,
0,0,0,0,0,0,0,0,0,0,0,0,
0,0,0,0,0,0,0,0,62,130,0,0,
0,0,0,0,0,0,0,0,0,0,0,0,
0,0,130,0,0,0,52,0,0,69,0,0,
0,0,0,0,0,0,0,0,0,0,0,0,
0,0,0,0,0,0,79,0,40,94,0,0,
0,0,0,0,0,0,31,0,0,0,0,0,
0,0,0,0,0,0,0,0,0,0,0,0,
0,0,0,0,0,0,0,0,0,28,0,0,
0,0,26,0,0,0,0,0,0,0,0,0,
0,0,0,0,0,0,0,0,0,0,0,0,
0,0,0,0,0,0,0,0,0,0,0,0,
0,0,0,0,0,0,0,0,0,0,0,0,
57,0,0,0,0,0,0,0,0,0,0,0,
0,0,0,0,0,0,0,0,0,0,0,0,
0,0,0,0,0,0,0,0,0,21,0,0,
0,27,0,0,0,0,52,0,0,0,0,0,
16,0,76,0,0,0,83,45,0,0,0,68,
0,0,0,0,0,0,15,0,0,0,0,0,
0,0,64,0,0,0,92,49,19,0,0,0,
17,0,27,0,0,0,22,25,43,0,0,0,
105,27,83,133,22,26,350,177,112,307,79,0,
0,47,0,0,0,0,0,0,0,44,0,0,
0,99,95,43,31,41,364,36,293,91,19,0,
0,0,0,0,76,72,25,26,0,45,0,20,
0,0,0,85,0,67,310,38,325,533,26,82,
0,0,16,0,0,0,75,34,37,0,0,0,
24,0,240,54,0,80,461,0,159,209,39,55,
0,0,22,0,0,0,41,0,18,60,0,0,
0,0,31,47,0,0,307,70,0,196,0,18,
0,0,0,0,0,0,81,0,18,42,0,0,
0,0,4,20,27,0,253,181,145,67,16,0,
0,0,0,25,0,0,55,0,0,0,0,0,
18,0,0,0,0,0,344,0,41,249,24,23,
0,0,0,0,0,0,95,51,48,29,0,0,
75,0,24,0,0,0,148,0,0,276,0,67,
0,0,0,25,0,0,0,0,0,40,0,0,
20,0,0,0,30,0,139,0,0,138,0,18,
5,0,7,21,0,0,31,0,6,56,0,6,
0,0,0,23,0,0,167,0,41,81,32,0
*****