2010 Families by family type in California, race/ethnicity, poverty, and metro, age 16+, wgtd 2008-10 ACS, SSDAN/U-Mich
5
RaceEth,Ageall4,Geo,PovLevel,FamType
7,6,4,4,3
NHWhite,Black,Asian,Hispanic,AmIndian,NHOther,NHMulti
<25,25-34,35-44,45-54,55-64,65+
City,Suburb,NonMetro,NotIdentified
Poverty,NearPoor,Middle,Comf
MrrdCpl,MaleFam,FemFam
506,288,1125,657,251,321,2205,1458,1145,535,108,175,
1228,1016,3319,1488,603,941,8475,2186,2416,1814,580,249,
254,219,1433,266,283,194,1238,111,165,142,61,97,
1366,1126,3621,1430,847,807,8489,2135,2369,2020,947,312,
3013,727,3444,2827,578,1448,23292,3392,5233,28339,2015,1207,
4672,1561,8982,5190,894,3964,59958,7014,12522,64182,4069,2662,
1191,262,2433,1502,282,1022,9746,1003,1361,2577,293,155,
5621,1518,8515,5565,1923,3864,59023,6599,11777,57604,3596,2249,
2539,968,4094,2209,216,1839,30571,4168,8101,49905,3390,3009,
6053,2230,9925,6904,1153,5024,101270,12627,26834,146221,7727,8660,
1563,427,2134,912,770,1328,12976,1678,2357,6714,355,373,
6815,1662,8322,6400,1722,4922,83628,8034,21835,115161,4707,5861,
3036,1071,3244,3241,595,1587,31117,4506,12394,59170,3574,6252,
7627,2422,7705,6570,2253,5050,110582,14857,34832,233031,13662,20605,
1504,532,1584,1292,609,1236,16181,2358,3520,15004,577,834,
8686,2306,7690,5245,1635,5666,88678,12756,29221,171924,11242,14878,
2749,365,1038,2080,527,1106,24381,2749,6866,58680,2196,4623,
5929,1001,2659,6068,929,2708,83224,7474,20301,206646,8987,13248,
1551,106,1194,1839,216,343,17299,1243,2451,17918,235,507,
9373,1457,2934,6970,946,2180,78240,7528,17120,165206,5983,10154,
2918,278,1161,5257,236,1678,35131,2755,10100,45046,2304,4565,
6561,798,2719,9705,900,3967,129948,6970,29204,146462,5057,13313,
728,73,456,2443,178,525,23928,1336,3489,13032,415,933,
7294,891,2921,11921,1089,3324,126022,7685,24842,133427,4433,12148,
64,596,3050,95,365,965,555,815,1183,53,150,110,
407,421,2401,139,157,933,908,683,1277,0,175,151,
0,0,17,0,0,9,0,10,0,0,0,0,
159,82,1501,124,198,317,662,134,1023,0,0,57,
1144,1403,9648,604,252,2687,3913,2078,6142,1581,438,447,
1443,1025,6902,1011,425,2689,5416,1853,7802,3184,481,617,
14,60,29,16,42,51,250,105,75,0,0,0,
511,654,4273,777,245,1490,4728,1728,4149,1928,309,84,
1192,798,8085,482,441,3949,6829,2432,9341,3567,658,1551,
671,930,6103,1230,588,3273,11773,3467,12209,9903,1044,2237,
0,0,19,36,0,0,252,29,145,278,0,0,
625,522,2646,695,335,2124,7117,2163,5118,4732,949,735,
1288,1459,5240,1063,925,2620,6909,2728,8604,5681,911,2235,
917,578,3948,648,343,2942,13157,2389,10283,16133,1193,4271,
15,103,15,0,0,7,307,0,191,124,0,0,
870,264,2083,652,233,1480,6853,1783,5314,6994,611,1385,
963,284,2109,530,322,1075,6789,1024,5266,5036,595,1864,
931,545,1081,761,194,992,7868,1408,4470,11711,826,2137,
62,0,19,70,0,127,130,41,128,90,72,0,
558,228,1049,340,251,650,4515,650,3106,5830,390,1422,
445,238,1541,804,194,1259,6473,1216,5882,3390,600,2042,
442,228,1454,1126,221,1375,9162,1504,5712,7123,812,1934,
14,30,67,0,0,76,275,101,78,108,43,59,
436,123,803,597,197,473,3636,863,2278,4291,246,1233,
433,470,863,232,219,284,714,750,792,243,149,233,
55,1031,995,208,196,368,1253,1052,1241,259,295,342,
0,32,45,0,0,0,0,48,0,0,0,0,
45,783,682,35,258,333,1189,971,996,239,385,45,
2110,507,1343,1290,379,1041,10756,3213,3500,9046,1087,1460,
1934,436,1933,1291,887,848,22642,4740,4637,26997,2847,2090,
92,22,94,8,31,7,390,0,90,175,0,0,
2128,501,1523,1269,432,764,16640,3895,4141,25735,2083,1819,
3417,432,2384,2797,306,857,18900,2405,4116,16288,1058,1481,
4907,830,3289,5150,665,1462,51128,4815,8898,55844,2746,3487,
61,0,94,126,0,0,478,70,19,195,0,45,
4318,828,3039,3577,406,1770,33902,3105,5974,48933,2252,3148,
4281,559,1915,3393,444,969,20564,2357,3947,14241,1234,2740,
5612,563,3442,6397,772,1708,54225,3655,10671,53523,2534,5541,
33,11,52,43,88,0,566,36,33,348,0,75,
4105,546,2148,3751,729,1717,34400,2509,7173,37920,1709,4132,
3666,291,1293,3317,185,635,15443,973,3013,13024,665,1350,
5153,218,866,3608,249,1059,31108,2158,6518,42383,1714,4432,
164,0,0,20,22,53,308,19,53,355,117,0,
3453,671,1114,3255,228,823,20657,2150,3714,24662,1365,3483,
2928,141,761,6818,149,580,13126,822,2728,8658,539,1451,
4142,247,1069,7328,75,774,22434,1600,4456,19678,1077,1954,
5,0,0,52,0,5,378,0,3,224,0,22,
2827,72,606,6399,207,785,15971,976,3661,12873,780,1216,
2832,1910,6273,2002,1462,2396,4272,3968,3396,222,359,94,
3420,2370,6877,3320,1700,1957,9748,6098,5184,715,423,286,
287,332,709,303,460,81,483,276,258,48,0,12,
2875,1889,7585,3178,1362,2725,9009,5273,3678,764,344,221,
18422,6759,22178,11880,4221,7580,40105,13224,12443,8965,1066,988,
25699,7388,26733,22666,5723,11320,85731,21532,23194,23192,3233,1942,
1504,647,2169,1504,96,740,5010,871,852,689,60,40,
20937,6448,21411,18779,5769,8007,62187,15637,17832,17135,2182,1208,
21915,6202,21484,18608,3787,9245,55383,11901,16119,12538,1486,1292,
35445,7408,26658,36958,5837,13013,141393,21973,31205,37176,4271,3232,
1786,353,1605,2196,326,791,7100,1069,1813,1377,189,95,
23558,4361,20782,23897,4562,9901,93890,12858,22884,22434,2617,2121,
10223,3634,10345,13603,2620,6766,46883,8347,16193,11945,973,2565,
15897,3127,13439,19701,3307,9250,115094,14213,31337,43733,3665,5039,
1562,300,1229,1283,539,379,5450,651,1394,1448,60,262,
12825,2431,10009,14144,2258,5488,72301,8749,20613,26901,2841,3609,
4023,1014,3860,4929,620,2231,25050,3207,7942,8538,994,1257,
7696,814,4490,9134,1022,3552,63296,6686,16177,27643,1597,3574,
1016,28,346,1056,198,250,3849,156,960,1346,98,83,
5505,783,3418,6861,942,3345,38688,2977,11307,17554,727,1774,
2377,445,1933,4279,435,1699,15521,2226,6542,4006,455,973,
5264,813,2930,8784,935,3280,42001,4805,14461,12776,908,3482,
769,225,173,1014,23,273,2357,152,556,878,24,92,
3842,579,1957,6750,745,2118,27621,3303,9193,8299,400,2014,
0,22,197,0,16,0,129,28,92,0,0,0,
0,0,70,222,0,56,159,39,91,0,16,0,
11,0,181,0,0,14,24,26,0,0,0,0,
21,262,262,19,70,185,221,26,90,66,19,0,
132,57,449,75,0,45,734,70,272,445,47,0,
460,239,459,294,22,219,1234,186,166,228,18,24,
118,48,175,205,69,10,357,57,192,24,0,0,
644,117,441,268,15,181,1207,226,469,516,93,54,
130,141,234,128,26,190,1294,145,287,291,40,19,
255,28,779,328,48,130,2810,343,865,1401,193,48,
289,33,229,135,26,48,470,58,189,41,12,0,
759,97,385,501,259,512,2053,228,660,934,0,108,
228,49,324,150,0,55,1082,44,439,400,116,129,
644,90,217,385,39,204,2251,728,938,1406,327,120,
104,145,115,26,50,4,673,167,532,104,0,126,
326,119,326,297,12,13,1661,251,514,1107,111,209,
148,25,193,51,0,76,831,124,248,484,18,86,
225,0,189,353,125,108,1806,436,288,1091,91,15,
111,69,188,95,30,40,436,117,113,337,0,35,
74,0,161,180,0,71,679,217,490,1122,166,95,
32,0,64,56,45,62,406,34,102,327,10,56,
99,19,76,137,0,41,1081,302,211,560,25,0,
10,0,19,54,54,62,321,31,34,46,0,23,
40,0,187,337,13,41,889,143,408,513,105,84,
0,26,64,0,0,0,0,0,0,0,0,0,
54,0,0,0,0,0,54,0,0,0,0,0,
0,0,0,0,0,0,0,0,0,0,0,0,
0,0,104,0,0,0,135,0,41,23,83,0,
46,191,145,64,0,62,90,91,102,156,0,0,
170,0,0,0,0,0,836,218,71,380,0,0,
0,0,0,0,0,0,2,0,0,0,0,0,
50,48,80,30,0,54,245,39,127,467,67,0,
73,0,74,224,38,0,362,48,333,169,30,0,
50,92,84,58,20,106,708,0,429,280,0,0,
0,0,0,0,0,0,113,0,0,0,0,0,
50,0,48,198,0,0,455,109,30,494,48,45,
0,0,113,46,0,0,311,41,42,461,0,46,
189,60,23,25,0,427,794,148,408,788,39,154,
0,0,0,0,0,0,148,0,0,48,0,0,
32,0,0,22,0,0,335,160,90,638,216,24,
0,0,0,0,0,68,187,53,74,162,22,27,
113,0,0,40,21,83,459,0,214,960,23,0,
0,0,0,0,0,0,32,0,0,0,0,0,
0,0,32,35,24,0,125,33,134,411,0,0,
19,0,0,0,0,0,95,0,69,76,0,127,
0,0,22,44,0,0,316,0,83,257,58,22,
0,0,0,0,0,0,0,0,0,21,0,0,
0,0,0,0,0,0,113,0,0,111,0,64,
29,105,93,169,0,54,100,75,135,23,81,47,
104,30,575,115,20,95,492,313,233,152,189,36,
0,59,115,0,0,0,0,0,33,0,0,0,
226,163,439,47,0,121,496,140,386,103,0,31,
211,169,524,231,58,206,1759,421,620,1498,69,200,
344,203,792,352,77,409,2950,406,734,2531,302,345,
93,0,69,43,0,5,535,37,66,70,0,0,
630,118,739,384,125,448,2708,628,1125,2647,236,164,
326,227,705,173,49,341,1594,61,525,1087,39,275,
344,0,493,331,24,348,4666,474,1462,5549,190,846,
27,0,145,0,0,47,351,28,6,104,0,0,
332,163,884,201,0,406,3760,533,1575,3769,241,346,
205,40,340,97,25,274,1541,432,837,1489,109,218,
326,54,499,513,174,383,4188,623,1432,5354,300,651,
245,57,116,35,0,102,279,37,76,177,0,0,
310,71,353,523,149,279,2711,557,1265,4451,206,585,
129,54,114,107,0,103,1068,205,455,694,125,114,
372,58,213,128,28,87,2710,335,613,3566,172,231,
89,0,0,181,16,41,420,17,34,302,0,11,
140,65,297,258,14,41,2287,225,860,2283,95,199,
117,0,145,255,0,41,980,77,470,644,42,190,
197,0,102,398,128,59,1983,170,761,1819,98,311,
7,0,27,24,0,0,314,0,58,179,0,0,
82,0,30,336,0,82,2284,189,774,1339,157,196
*****