2010 Families by family type in New Jersey, race/ethnicity, poverty, and metro, age 16+, wgtd 2008-10 ACS, SSDAN/U-Mich
5
RaceEth,Ageall4,Geo,PovLevel,FamType
7,6,4,4,3
NHWhite,Black,Asian,Hispanic,AmIndian,NHOther,NHMulti
<25,25-34,35-44,45-54,55-64,65+
City,Suburb,NonMetro,NotIdentified
Poverty,NearPoor,Middle,Comf
MrrdCpl,MaleFam,FemFam
17,56,99,49,0,0,62,143,42,0,0,0,
559,578,1129,520,298,490,2506,1048,691,1102,343,269,
0,0,0,0,0,0,0,0,0,0,0,0,
24,79,317,0,0,41,251,149,152,59,0,57,
16,0,197,266,0,126,1166,154,122,1865,148,116,
3608,515,3654,2769,327,1505,33064,3166,6453,55095,2184,1813,
0,0,0,0,0,0,0,0,0,0,0,0,
277,106,991,329,49,288,4116,587,1122,4174,194,134,
338,40,263,150,28,158,988,64,528,1658,132,96,
4246,748,5311,4709,953,2684,83149,5121,17822,129584,4195,5479,
0,0,0,0,0,0,0,0,0,0,0,0,
486,172,818,351,142,679,7919,1063,1552,7308,426,498,
403,0,73,190,0,174,1196,301,355,1096,170,217,
3742,891,4651,4451,543,2769,83049,7645,24540,185733,8645,14239,
0,0,0,0,0,0,0,0,0,0,0,0,
766,110,672,595,194,418,9102,1611,3391,12079,641,1283,
95,0,89,182,18,77,960,166,235,1058,113,99,
2559,548,1340,3486,948,1185,58901,5237,11773,157121,5427,11006,
0,0,0,0,0,0,0,0,0,0,0,0,
449,27,137,417,127,237,7880,735,1480,13657,478,686,
170,19,0,469,98,155,1116,143,374,722,56,398,
4273,223,1253,6273,227,1952,100243,5124,19993,103441,4868,11839,
0,0,0,0,0,0,0,0,0,0,0,0,
655,155,233,1052,145,453,13660,777,2786,8988,558,1421,
51,174,594,33,0,220,39,100,597,63,91,0,
0,441,1869,0,176,323,626,672,1014,221,147,98,
0,0,0,0,0,0,0,0,0,0,0,0,
241,178,795,0,65,438,132,87,230,36,0,0,
72,299,3564,209,184,900,1189,462,1952,560,179,254,
782,398,4846,689,307,1869,5351,2180,5677,2948,518,1163,
0,0,0,0,0,0,0,0,0,0,0,0,
254,276,3179,139,27,969,1095,379,1064,510,113,95,
326,221,2469,227,137,500,2391,575,3006,790,170,485,
885,726,4500,800,326,2783,13038,2808,10810,10953,883,1748,
0,0,0,0,0,0,0,0,0,0,0,0,
87,325,1436,298,59,642,1807,1051,2808,521,115,292,
419,138,1475,223,96,570,1895,879,2536,1201,122,885,
826,421,3298,905,181,1823,12451,2959,8954,11406,1244,2891,
0,0,0,0,0,0,0,0,0,0,0,0,
43,85,828,196,6,166,2686,186,2142,1451,30,343,
21,22,645,149,128,281,1177,497,2069,1220,85,506,
477,392,1151,403,176,882,7362,1123,4943,10318,454,2814,
0,0,0,0,0,0,0,0,0,0,0,0,
189,94,305,178,0,329,1541,319,993,1017,96,486,
92,78,678,297,37,249,1182,480,1687,446,36,413,
549,365,733,1039,263,639,6884,1025,4757,5300,345,2220,
0,0,0,0,0,0,0,0,0,0,0,0,
76,18,311,64,176,239,1197,204,651,502,170,323,
53,19,195,0,0,0,29,26,0,49,0,0,
0,137,109,70,16,39,61,342,226,55,63,41,
0,0,0,0,0,0,0,0,0,0,0,0,
0,0,0,0,0,0,117,0,0,28,0,38,
310,84,0,106,59,0,1141,106,111,2525,92,113,
666,248,419,602,68,25,8584,584,953,15421,682,578,
0,0,0,0,0,0,0,0,0,0,0,0,
0,0,14,35,0,29,719,180,101,477,53,40,
145,33,0,95,0,29,1124,67,142,1553,32,187,
1322,54,766,1242,52,388,15935,569,1295,28428,741,465,
0,0,0,0,0,0,0,0,0,0,0,0,
360,0,142,232,0,22,796,59,79,804,0,163,
82,29,122,53,0,0,1043,30,154,782,0,204,
1455,229,254,1206,111,202,12918,558,755,21022,475,1400,
0,0,0,0,0,0,0,0,0,0,0,0,
260,0,63,172,0,0,872,61,0,771,0,48,
0,0,0,175,42,49,1132,107,30,679,26,69,
1162,60,45,593,35,85,5979,558,398,14144,532,1267,
0,0,0,0,0,0,0,0,0,0,0,0,
30,0,0,91,0,14,477,0,52,989,0,137,
39,0,0,100,0,0,350,0,87,333,30,88,
1210,0,21,502,0,17,3643,75,467,5585,42,462,
0,0,0,0,0,0,0,0,0,0,0,0,
0,0,52,74,0,0,442,0,73,384,0,42,
44,0,581,23,178,22,43,219,283,0,171,0,
353,393,1972,434,339,593,1427,1839,1179,124,408,160,
0,0,0,0,0,0,0,0,0,0,0,0,
160,128,578,0,17,127,282,151,161,0,115,81,
188,422,2139,277,376,641,1810,990,778,566,333,44,
2377,999,7454,2936,2272,2733,14899,6225,6292,6938,640,624,
0,0,0,0,0,0,0,0,0,0,0,0,
975,445,1865,528,176,546,2606,1055,682,513,150,169,
531,44,1250,717,224,498,2583,893,1401,717,173,152,
3748,1113,6968,4340,1437,3773,25810,4826,10145,12315,901,1295,
0,0,0,0,0,0,0,0,0,0,0,0,
832,182,1323,951,179,477,3247,708,1629,1448,100,239,
352,74,691,338,144,658,1608,819,905,416,0,501,
2045,607,2829,2504,667,2296,20641,3644,8327,12628,1183,1865,
0,0,0,0,0,0,0,0,0,0,0,0,
289,133,452,558,172,391,2576,679,1091,1686,133,134,
255,89,309,52,23,239,1745,224,314,636,25,255,
1111,279,1028,1431,339,843,10072,1344,4259,7551,361,1205,
0,0,0,0,0,0,0,0,0,0,0,0,
375,0,255,347,24,147,1387,261,370,785,147,139,
222,0,86,351,170,93,965,26,438,147,57,90,
883,299,501,1603,22,426,8296,730,2086,2795,212,337,
0,0,0,0,0,0,0,0,0,0,0,0,
104,79,89,103,35,182,1088,53,145,258,33,45,
0,0,0,0,0,0,0,0,0,0,0,0,
0,19,0,68,0,0,0,0,0,0,0,0,
0,0,0,0,0,0,0,0,0,0,0,0,
0,0,24,0,0,0,0,0,0,0,0,0,
0,46,0,27,0,67,0,0,0,0,0,21,
78,66,22,0,0,27,225,23,159,64,0,0,
0,0,0,0,0,0,0,0,0,0,0,0,
50,0,25,0,0,22,0,5,13,0,0,0,
0,0,52,0,0,0,0,26,0,55,0,0,
99,19,40,82,39,31,278,45,59,319,0,21,
0,0,0,0,0,0,0,0,0,0,0,0,
0,0,0,74,75,0,23,0,0,65,0,0,
0,0,0,0,0,0,0,21,0,0,0,46,
0,0,0,0,0,0,352,0,186,191,8,0,
0,0,0,0,0,0,0,0,0,0,0,0,
0,0,0,69,0,0,37,22,6,42,0,70,
29,0,0,0,0,0,23,0,0,0,0,0,
0,0,0,23,0,0,139,0,58,85,0,0,
0,0,0,0,0,0,0,0,0,0,0,0,
20,0,39,0,0,8,0,0,4,6,0,0,
0,0,0,0,0,0,0,0,55,0,0,0,
0,0,11,0,0,36,106,64,64,25,0,0,
0,0,0,0,0,0,0,0,0,0,0,0,
0,0,30,36,0,0,27,0,19,3,0,0,
44,0,0,0,38,0,93,0,0,0,0,0,
0,0,0,0,0,20,81,74,0,0,0,0,
0,0,0,0,0,0,0,0,0,0,0,0,
0,0,0,0,0,0,0,0,0,0,0,0,
0,0,0,0,0,0,0,0,0,21,0,0,
0,61,126,0,0,0,557,0,70,286,0,69,
0,0,0,0,0,0,0,0,0,0,0,0,
0,0,0,0,0,0,23,0,0,126,0,0,
30,0,0,0,0,50,134,0,0,53,0,0,
0,0,202,111,22,0,703,213,283,281,0,177,
0,0,0,0,0,0,0,0,0,0,0,0,
30,0,0,0,0,0,186,132,0,0,0,0,
0,0,0,0,0,0,35,0,23,0,0,0,
169,0,49,0,0,0,319,34,59,243,0,0,
0,0,0,0,0,0,0,0,0,0,0,0,
0,0,0,0,0,43,18,0,61,84,0,0,
0,0,0,0,0,0,0,0,21,0,0,0,
0,0,51,20,0,0,163,0,9,310,14,0,
0,0,0,0,0,0,0,0,0,0,0,0,
0,28,0,0,0,0,137,0,0,0,0,0,
0,0,0,0,46,0,25,0,0,21,0,0,
0,0,0,0,0,0,161,0,0,80,0,19,
0,0,0,0,0,0,0,0,0,0,0,0,
0,0,0,0,0,0,0,0,67,0,0,0,
0,0,0,0,0,0,0,0,0,0,0,20,
0,87,204,0,0,0,82,138,76,0,0,0,
0,0,0,0,0,0,0,0,0,0,0,0,
0,0,19,0,0,0,0,0,0,0,0,0,
29,0,111,0,0,0,28,64,0,26,0,0,
0,0,179,100,0,149,725,178,506,609,38,0,
0,0,0,0,0,0,0,0,0,0,0,0,
0,0,50,0,39,89,75,0,94,51,0,0,
0,0,21,0,0,19,146,44,122,50,54,0,
40,0,475,60,0,162,1044,0,376,1486,0,63,
0,0,0,0,0,0,0,0,0,0,0,0,
27,0,82,0,0,27,183,27,21,56,6,29,
0,0,0,0,0,0,82,0,41,40,0,0,
159,22,373,133,43,64,1227,87,454,1751,0,195,
0,0,0,0,0,0,0,0,0,0,0,0,
33,0,35,0,0,0,124,0,321,121,0,0,
0,0,0,35,0,0,83,79,25,19,0,0,
82,13,25,46,0,42,833,160,268,1373,29,226,
0,0,0,0,0,0,0,0,0,0,0,0,
0,0,0,8,0,0,56,8,7,54,0,40,
0,0,0,0,0,0,45,0,19,0,0,0,
56,0,7,157,0,2,296,0,51,521,15,152,
0,0,0,0,0,0,0,0,0,0,0,0,
0,0,0,21,0,0,111,0,37,7,0,27
*****