2010 Families by family type in Tennessee, race/ethnicity, poverty, and metro, age 16+, wgtd 2008-10 ACS, SSDAN/U-Mich
5
RaceEth,Ageall4,Geo,PovLevel,FamType
7,6,4,4,3
NHWhite,Black,Asian,Hispanic,AmIndian,NHOther,NHMulti
<25,25-34,35-44,45-54,55-64,65+
City,Suburb,NonMetro,NotIdentified
Poverty,NearPoor,Middle,Comf
MrrdCpl,MaleFam,FemFam
490,57,881,66,92,163,1231,134,380,65,0,0,
398,105,1016,302,131,263,2249,474,575,196,28,0,
1665,630,3221,1222,152,634,4228,340,276,294,82,0,
1446,775,2784,1626,501,714,5519,460,1078,650,143,21,
997,66,1524,416,127,598,7942,456,1104,3507,21,118,
1472,117,2209,1971,584,1259,22429,1131,2866,10761,210,406,
6289,1048,5534,4340,915,1909,28868,2391,2613,3784,120,50,
4547,1238,6697,4241,668,2398,34550,3513,5257,10561,231,190,
641,130,728,536,181,355,6881,689,1425,5201,143,23,
2074,689,2882,1937,217,1536,36131,2557,6893,22622,610,598,
5169,1745,5768,4769,601,2508,41727,3308,5573,8913,162,278,
5937,1309,5813,4602,787,2867,46065,4569,8568,17687,650,980,
551,168,868,429,303,425,6059,837,1603,7539,495,388,
1781,331,1623,1990,449,938,28985,2064,5277,40022,843,1509,
4198,1072,3098,4410,678,1856,39814,3349,5737,18449,442,708,
4616,856,2978,4284,787,2597,41207,3363,9931,30464,1086,1370,
462,101,377,569,22,324,5994,390,1220,7891,224,450,
1854,124,712,1905,80,562,24245,1194,2776,35010,661,862,
4490,493,1720,5596,492,1214,36502,1884,3715,20442,317,353,
3923,517,1159,4107,581,1267,38615,2439,5805,30678,665,949,
735,60,375,730,30,367,8682,457,2676,6427,232,914,
962,258,877,2927,303,805,28462,1156,4353,18607,468,1041,
3335,505,1851,7093,630,1998,44883,1745,7207,14935,319,922,
3111,256,1563,5335,248,1784,49162,2227,6735,21047,389,1455,
259,688,4690,195,286,836,359,257,693,33,19,0,
0,23,648,0,0,0,20,93,198,0,0,0,
33,146,710,63,0,171,0,50,0,0,0,0,
0,266,1378,40,90,523,294,216,175,0,0,0,
609,588,9614,554,551,2957,3236,1351,3326,458,42,0,
404,17,1083,126,72,608,1848,340,1526,925,0,139,
324,45,1361,142,86,555,858,85,407,0,51,43,
607,239,3800,999,213,1362,2786,928,2213,770,79,0,
634,541,6436,454,419,3317,5417,1439,6100,1465,146,201,
119,88,1180,38,0,657,3831,549,1298,2747,227,19,
413,288,960,468,51,479,1723,51,618,159,0,6,
563,358,3164,598,137,1117,5158,826,4255,1900,150,137,
673,600,3952,690,458,2055,6731,1230,5952,1937,80,647,
75,91,280,198,0,420,2352,388,1695,2390,221,506,
252,183,440,140,0,395,1979,302,1112,462,51,74,
288,77,1206,579,48,932,5032,565,2623,2624,40,283,
788,195,1533,891,178,1146,5373,826,3958,3328,188,598,
158,116,243,164,118,171,1604,93,737,1373,19,43,
161,110,297,218,69,271,1307,99,807,530,128,9,
286,132,653,555,155,476,2544,338,1611,1426,217,156,
355,294,1629,777,302,1491,4206,1020,3762,1526,102,413,
0,41,229,235,0,160,995,20,440,472,52,49,
181,0,239,211,0,223,981,122,614,148,23,144,
330,0,576,388,10,537,1464,353,1408,583,17,162,
0,0,26,0,0,0,0,17,0,0,0,0,
0,0,49,0,0,0,0,0,0,0,0,0,
0,0,0,0,0,0,0,0,0,0,0,0,
0,62,36,154,0,0,43,67,0,0,0,0,
63,0,46,124,31,29,388,0,28,174,0,0,
0,54,0,75,0,0,569,114,125,456,0,0,
72,79,29,69,0,0,78,0,0,59,0,0,
35,14,46,105,58,0,654,202,106,137,47,0,
318,0,65,58,0,0,440,0,25,99,0,0,
0,0,0,18,18,0,1448,55,67,1571,0,24,
65,0,13,76,0,0,130,115,24,46,8,21,
148,43,55,240,0,0,1363,109,143,632,37,0,
30,0,0,64,0,36,324,89,85,383,0,0,
124,0,82,163,0,7,540,35,85,402,0,51,
69,0,0,70,0,26,136,10,28,88,0,0,
106,0,53,46,0,0,834,42,139,718,42,0,
22,0,0,0,0,0,271,49,0,96,0,29,
22,0,0,0,0,0,250,72,33,483,0,0,
0,0,0,0,0,0,50,0,65,34,32,0,
199,25,51,88,0,22,577,0,12,194,25,18,
0,0,19,0,0,0,59,0,0,173,0,0,
0,0,0,30,0,0,141,82,0,230,0,0,
21,0,37,23,0,0,50,0,38,58,0,0,
16,0,16,31,0,0,207,0,22,179,0,19,
161,149,259,260,128,57,407,64,24,0,32,0,
249,155,97,0,97,0,162,80,0,0,0,0,
114,36,84,221,71,0,230,9,0,0,0,0,
396,102,273,552,64,0,488,275,183,0,0,0,
1065,50,576,644,226,100,831,454,125,112,0,0,
531,39,525,110,277,244,880,94,141,202,0,57,
833,123,345,511,113,72,672,191,101,21,49,0,
1339,212,1050,1147,196,147,1589,943,528,323,55,0,
482,156,286,644,151,101,935,97,146,95,0,0,
447,54,361,220,0,0,1374,38,85,532,0,34,
649,0,259,505,8,61,631,106,15,225,0,0,
739,266,1047,647,86,165,2205,694,486,519,105,25,
72,29,70,62,0,0,530,336,117,39,0,0,
0,0,83,157,182,0,654,140,61,264,62,0,
126,87,62,28,28,97,309,159,252,99,0,0,
210,0,296,429,98,116,1190,398,524,226,81,17,
0,0,0,51,0,0,144,73,0,50,0,0,
33,0,0,22,0,0,332,141,74,89,0,0,
0,0,41,69,0,0,285,28,33,196,0,0,
0,0,94,21,0,17,512,0,14,228,0,0,
131,0,0,0,0,0,23,0,0,0,0,0,
70,0,0,176,0,0,227,0,33,258,0,0,
11,0,11,36,0,20,176,59,28,97,0,0,
125,0,0,25,0,17,220,0,66,38,70,21,
0,23,0,0,0,0,0,74,0,0,0,0,
0,0,0,0,0,0,0,0,0,0,0,0,
0,0,0,0,0,0,0,0,0,0,0,0,
0,0,0,0,67,0,0,0,0,0,0,0,
0,0,0,0,0,0,98,0,32,0,0,0,
2,0,0,0,0,40,64,0,0,0,0,0,
0,0,0,22,0,0,0,8,56,0,0,0,
47,0,27,72,0,0,56,0,43,0,0,0,
0,0,0,0,0,0,0,0,0,0,0,0,
0,34,60,5,0,0,13,18,0,0,0,0,
37,0,0,24,65,0,24,0,0,0,0,0,
20,64,0,0,0,0,254,0,19,24,0,0,
33,0,51,0,0,0,72,0,14,135,0,0,
40,0,0,0,0,0,169,0,0,28,0,59,
76,15,0,19,0,0,99,0,0,0,0,0,
0,47,46,15,19,0,86,28,82,137,0,0,
0,0,0,0,0,0,52,0,0,73,0,0,
0,0,0,18,0,0,58,0,15,33,18,0,
13,0,31,53,0,0,103,0,0,0,0,39,
116,0,11,0,0,0,177,13,0,23,0,0,
35,0,0,0,0,0,0,0,0,0,0,21,
0,0,0,0,0,0,0,0,0,35,0,25,
25,15,12,0,0,0,41,0,0,7,0,0,
0,0,0,60,0,12,113,0,0,50,0,0,
0,37,0,0,0,0,0,0,0,0,0,0,
0,0,0,0,0,0,0,0,0,0,0,0,
0,0,0,0,0,0,0,0,0,0,0,0,
0,0,43,0,0,0,0,0,89,0,0,0,
0,0,0,0,0,0,0,0,0,67,0,0,
0,0,0,0,0,0,0,0,0,0,0,0,
0,0,0,0,0,0,37,0,0,0,0,0,
0,0,0,0,0,0,72,0,49,23,0,0,
0,0,0,0,0,0,0,0,0,0,0,0,
0,0,0,0,0,0,0,0,22,25,0,0,
0,0,0,0,0,0,38,0,0,0,0,0,
0,0,0,0,0,0,95,0,22,0,0,0,
0,0,0,0,0,0,0,0,0,0,0,0,
0,0,0,4,0,0,0,0,0,0,0,0,
0,0,0,0,0,0,22,0,0,16,0,0,
0,0,0,0,0,0,0,0,0,31,0,0,
0,0,0,0,0,0,0,0,0,0,0,0,
0,0,0,0,0,0,0,0,0,49,0,0,
0,0,0,0,0,0,0,0,0,0,0,0,
0,0,0,25,0,0,0,0,0,0,0,0,
0,0,0,0,0,0,0,0,0,0,0,0,
0,0,0,0,0,0,0,0,0,0,0,0,
0,0,0,0,0,0,0,0,0,0,0,0,
0,0,0,0,0,0,0,0,0,0,0,0,
0,0,0,0,0,0,27,0,25,0,0,0,
0,0,0,25,20,0,0,60,0,0,0,0,
38,0,168,23,0,0,0,0,0,0,0,0,
31,0,65,21,0,31,70,0,29,0,0,0,
91,97,169,60,0,0,313,188,0,27,0,0,
0,0,0,17,27,56,146,30,0,199,0,0,
9,0,118,32,0,60,144,74,123,0,0,0,
116,0,199,44,35,21,407,190,128,135,0,37,
39,62,0,0,0,0,88,29,139,23,0,0,
19,0,33,98,35,0,404,27,103,228,0,0,
58,0,88,42,38,65,220,0,56,14,0,0,
97,0,15,219,60,48,527,0,148,273,0,0,
16,65,104,66,30,0,106,21,84,65,0,0,
0,24,49,117,0,14,209,70,19,342,85,0,
0,6,64,13,30,112,358,0,0,122,0,0,
69,11,113,36,30,50,417,32,27,184,0,0,
0,0,0,15,0,0,62,0,149,25,0,0,
24,0,25,29,0,0,162,22,50,216,0,0,
142,30,9,77,0,0,309,0,0,88,0,0,
129,0,0,16,0,44,257,18,83,303,0,27,
43,0,0,0,0,0,173,0,67,0,0,0,
0,0,0,66,0,24,186,0,72,125,0,0,
23,8,29,33,0,21,263,52,139,17,0,0,
31,0,16,60,3,31,441,43,19,84,0,0
*****