Household Type by HH Income, wgtd 2005 ACS, Frey/U-MICH-not for commercial purposes
5
RaceLat,Age,Imm,HHtype,HHIncome
7,6,3,5,5
Latino,NLwhite,NLBlack,NLAsian,NLAmIndian,NLOther,NLMixed
<25,25-34,35-44,45-54,55-64,65+
Native,FB<1990,FB>=1990
MrrdCpl,MaleFam,FemlFam,MaleNonF,FemlNonF
<20K,20-39K,40-59K,60-99K,100K+
32250,52185,32240,20015,2420,18820,20295,13335,9040,2230,73410,37550,17800,10025,1055,49005,37085,17315,6900,1415,45385,29070,11335,6370,1470,
2970,6880,3505,3010,890,1720,2835,1175,905,240,6045,4110,2210,1085,135,1500,1850,1310,1095,45,2200,1860,580,485,0,
40335,47085,21520,11375,2580,15880,30025,20355,12415,3515,25985,17305,6235,6320,1630,27075,20190,9160,5890,1840,9895,6230,1615,590,0,
53530,135795,153450,181325,80045,20240,35425,32330,25660,8545,142435,99905,47535,31405,7990,43690,72990,47850,41020,14440,27260,41005,28990,26565,6935,
24365,69010,57850,55585,21005,6100,10930,9430,11770,4780,30435,23765,11190,8490,2335,5625,17970,8440,8755,2770,3420,4860,4555,2685,845,
163010,264735,139425,82020,24790,35475,70100,45840,36865,11050,98670,59870,18080,12290,2305,49900,54280,31465,22975,8680,12905,11310,6445,3150,1180,
40780,98765,117480,204955,141790,14600,27785,21690,23285,9860,109195,95525,48065,39215,11495,39615,46255,35145,29625,14780,26580,27795,17575,14985,6310,
71615,214725,179235,157455,68345,14695,34670,27600,22080,6505,74540,69090,30575,20695,5995,18065,31035,13780,11685,5410,7135,6995,4335,4425,1200,
81895,153575,85970,61575,26645,12330,28300,20680,14430,5765,65150,39465,16570,10080,2640,24910,33190,17775,9950,4245,8615,7640,2775,2035,640,
37810,73475,93405,153125,126480,12645,15475,15205,13125,7475,55335,51650,37235,29000,9075,41015,39385,26930,18260,9620,40850,30655,19215,13940,6250,
53510,136420,121100,143595,85930,11370,22860,17795,15460,7270,56155,52475,35590,26520,8175,26200,25465,15670,8270,4075,21865,12490,8545,5025,1695,
23680,50435,33695,28275,12860,4660,9580,8690,4940,1645,17845,17250,9465,4660,1505,9910,11335,3370,2655,2225,11125,3570,1795,745,285,
36650,60950,62840,86530,60495,5315,6735,5425,6400,3510,27630,25460,16030,14470,6930,39795,21235,15050,8590,4870,63885,28615,12480,8295,3005,
40035,73210,56400,65275,46870,4805,8790,9370,8140,3255,20975,23010,15455,14540,6070,18815,14700,6695,4425,2925,39445,14655,5835,3615,975,
10745,14250,7610,6435,3800,1225,2940,2290,1305,425,6850,4390,3460,1290,470,4015,2680,1435,640,0,6285,2645,475,160,55,
64490,89470,49155,44545,17645,6555,7280,6510,3605,1555,32125,27765,17690,14620,4535,55920,20650,6055,3455,2035,150795,28705,6980,4705,1575,
72290,58640,31030,27575,17650,5400,6035,3840,1940,1515,24250,19885,11400,7825,2920,39805,8805,3560,1900,550,112090,14535,3645,2195,775,
9565,6155,2530,1970,580,960,1335,270,415,460,3225,2770,480,1345,50,5205,815,345,370,135,10010,405,115,80,0,
134945,295985,226995,134735,22705,45060,71530,42085,27025,8950,245420,131020,55970,23610,6670,481395,387640,186490,101250,23345,525960,331740,155225,80405,15110,
135,455,665,295,0,230,130,80,35,0,275,685,315,0,290,1270,905,320,420,0,2175,725,310,755,95,
2660,5235,4880,2360,915,1375,2625,2850,1805,835,2710,1485,1270,1170,455,11660,5130,4100,2055,1495,8905,2400,2525,1700,425,
266195,876900,1356205,2055075,1055975,67700,151305,121945,111305,40760,475715,398500,192530,131500,38685,329865,666820,562490,484005,203285,237765,466840,361950,280995,113475,
1775,5260,8075,13280,14250,820,1005,1685,2095,1510,2560,2035,1730,1890,695,2950,4485,5000,3840,4405,1580,3475,3615,2390,2105,
22045,35070,37325,52765,38370,2535,3005,3815,5090,4000,8085,6035,3635,3205,1420,16775,20900,19325,24080,12400,13180,12610,12430,10615,4245,
278165,820455,1536250,3207990,2936165,86020,173890,188445,187940,92560,461045,567545,375335,287330,117365,388645,557930,501170,469105,272865,281930,343670,289595,261320,142545,
7180,19930,28900,53010,76590,1780,2350,3235,4835,2950,6370,10265,6460,7860,3560,5885,7920,10010,9975,10090,3365,5540,6140,4150,3850,
15230,38690,43590,63255,87885,1850,1500,2430,4965,3035,9120,10735,4755,5100,3855,9105,14920,10830,15280,13280,6045,5990,5695,6050,4645,
321630,830125,1454065,3290230,3881935,81750,136130,163245,201980,127670,278225,386910,363135,355605,158855,547405,609430,507990,465025,288725,557930,581560,438385,353030,177945,
10950,23095,37520,78240,134060,2215,2815,5330,6345,5855,9045,12330,10460,12310,6865,10195,12570,11670,11070,11945,10035,11130,10915,7810,5150,
12500,22445,25285,38055,51390,1030,2290,1645,2295,1645,5265,6720,3215,4410,920,3745,6345,4665,5695,5660,5065,5005,3635,2340,1845,
410440,1043305,1403480,2309125,2514200,41455,66375,66445,81495,59055,121280,180880,170485,181570,86420,512960,467810,330820,299320,200170,787845,736860,447210,324085,148930,
17965,34385,44325,80540,117325,1230,2895,2550,4790,4410,5065,9065,8820,8215,5050,13825,12770,10290,11795,10065,33280,29360,16970,11075,6715,
10050,9145,9545,14650,16650,850,690,370,1480,735,1350,1290,980,965,705,4265,2230,2470,1725,1110,7905,3175,2785,1860,700,
869850,2561815,1841835,1599130,1056635,42025,87880,65355,66045,32550,193225,348825,242630,199115,75100,925905,710255,273315,187955,113655,3542335,1695470,473520,251010,108285,
59065,120165,71815,68090,62785,2055,4220,3380,4080,2375,9775,18165,11620,11555,7220,47875,30695,11735,8600,7075,211360,88220,25325,13795,7310,
29685,7015,4265,5235,4075,280,150,175,300,50,1390,725,490,50,130,7240,1485,495,315,885,26140,1660,490,155,185,
16555,25640,14375,9350,1615,25490,27630,12520,8940,1060,246130,62420,19440,7870,2760,75385,49100,14455,8105,2585,113010,49785,12515,2455,225,
200,115,80,75,0,245,0,220,170,85,1175,775,290,0,105,425,200,0,0,0,1095,1130,125,190,0,
1575,790,1460,2405,120,3655,1850,1040,1000,285,5295,2395,1730,100,130,8220,3470,1255,395,0,5485,2995,1175,140,0,
45920,108305,128410,160695,56515,35490,44870,33695,26440,9700,498420,280870,92620,45865,8550,99770,124940,69605,41505,14925,96990,107950,55680,24370,5045,
815,2610,4315,6845,2515,350,1780,2680,865,920,6605,6620,3250,1880,805,1535,3555,2950,1395,605,1970,2925,2570,390,350,
6650,15940,14205,11215,5715,3905,5430,3375,3095,800,15315,11590,4400,3500,545,12565,13385,8745,3840,1335,7050,8145,3025,2110,415,
58535,132205,170935,279150,171375,37595,49620,39310,33680,12310,379215,324155,157135,90150,20850,126265,118355,78980,53805,18670,105780,88675,54380,33535,10385,
2585,8410,10915,26795,21035,1435,2490,2845,2550,1315,9560,13410,10025,10225,3210,3195,5640,4135,3570,1015,1420,4100,2365,2150,695,
8395,19160,17775,22655,8630,2330,5775,3190,3440,925,13825,13765,6140,3355,1195,6920,9885,4535,3340,960,4590,4235,1265,2020,780,
67730,134720,162890,273080,184145,34055,38485,32180,27530,11800,220095,203035,124945,96105,31855,171335,118335,69220,50020,15230,214445,137370,77915,45000,11170,
4160,12165,15005,31165,31135,1455,3575,4405,3705,3090,10935,13210,9930,9660,3540,5215,7890,5080,4690,950,6010,5750,2510,2685,895,
5195,9100,7510,9285,6475,2280,2290,2500,1080,50,6925,5105,3880,3275,1325,5820,6025,1540,650,520,3800,3160,1660,235,835,
62500,113495,116010,160095,114990,16440,19075,14995,13295,7560,106550,103565,63120,58360,20920,139255,77080,39565,24550,9045,223500,110485,53005,33025,9625,
2620,8215,9300,15880,15940,710,2240,1760,2830,1150,4025,5515,6195,7430,3065,5220,3920,1945,2380,1605,8520,7015,3590,2605,390,
675,2840,1460,2265,1610,730,340,490,180,45,650,775,955,850,805,1305,2110,545,235,65,2290,1260,270,185,185,
102810,149125,98850,89025,42395,20880,24745,12860,11625,5120,134150,112755,68345,49300,16695,195305,66470,18830,8975,4320,497800,107905,27020,11215,2630,
4900,7750,4690,7580,4755,875,1140,570,1025,470,3670,4640,2865,3550,2450,7520,3625,1370,460,400,20495,5305,1500,600,130,
1230,1035,765,375,290,305,315,210,0,55,990,625,290,55,150,1925,520,0,110,55,3015,95,160,0,85,
855,2765,1650,1705,770,1715,1565,830,1305,690,3205,4340,1380,2300,140,16710,7490,3005,2215,895,19125,8685,3510,1975,735,
695,505,705,340,90,550,1125,325,510,215,1135,535,740,820,570,3040,1630,775,815,65,4990,1195,1020,1325,100,
2520,2475,1330,2360,725,4245,2670,1655,3175,1505,2870,1240,1750,1255,690,17820,5730,3985,2260,1580,17250,4550,2110,560,460,
2760,9270,11000,24225,28215,540,2595,2925,5205,2980,3660,3830,2410,3895,2545,9965,13325,15270,14505,8640,7075,8370,8065,10405,5605,
3225,10890,18965,33065,39395,900,1920,4055,7440,6955,4350,5335,5530,4425,3800,7585,9315,8735,10600,5475,4240,7205,7435,7295,5020,
25375,39725,44190,83080,77370,3530,4800,5825,7630,5015,8460,5940,4215,6175,3185,34145,21525,21085,25935,13000,21115,14470,12700,10655,5020,
2915,7220,9270,26330,39475,945,1365,2090,3360,2020,2145,3430,1275,3185,2650,3645,3975,4410,6645,8260,2605,3855,3850,5125,3930,
14480,30005,45340,81445,125200,2570,4815,4920,6940,5605,7755,11970,8590,9920,6120,4230,5435,8115,10510,8240,4165,4600,4000,7325,3220,
30505,52710,52805,95405,104070,2300,4080,2560,4670,2810,13675,9310,6900,5020,4240,10170,11755,9935,9455,8135,7400,6555,4745,5760,4280,
3345,6220,6615,22550,40135,695,1340,1645,2170,1800,1785,1855,3490,3915,2865,4785,4950,4830,4885,3535,3575,3000,3900,4440,1730,
19020,42470,53350,98255,148990,4150,5225,5425,6505,6180,10020,13275,11990,12895,10590,5625,6930,4465,7075,4990,10185,8520,4655,7130,4405,
16925,33620,31080,40120,41675,1920,3860,2060,3320,2160,8665,8790,4200,4385,3190,4075,4935,2260,2210,1705,4285,4215,2410,1790,650,
2075,4685,6465,16535,24410,875,635,1150,1445,1210,980,1470,1690,2820,1950,3795,3210,2435,3785,1185,3430,2815,3695,2810,1270,
15515,25955,33135,66830,109770,1025,2830,2520,3570,4085,4345,6115,5985,8510,7670,5855,5070,3585,3625,3795,15915,8720,6510,7360,2840,
10450,14015,15860,19850,14855,780,1370,1680,1160,1125,1910,2115,370,1640,1915,1965,1635,705,665,645,4205,1225,785,245,180,
7405,15450,12665,18540,12805,300,1410,540,1905,860,1235,3335,3335,2800,1790,5520,4380,2510,1730,1060,19975,10320,3330,2345,1490,
36820,32265,25725,30535,38790,1205,1990,1005,2040,1645,5050,7425,4150,6275,4400,15795,4565,1820,1920,1230,54465,11780,3745,3610,1585,
16130,6370,5285,4320,2790,590,495,115,610,285,1085,1465,975,1695,575,4710,665,155,250,450,11755,655,615,505,0,
3630,3690,1600,855,170,2350,1270,1065,320,100,7330,2010,610,420,330,5700,2965,1525,275,325,5910,3225,505,650,95,
0,0,0,0,0,0,0,0,0,0,0,0,0,0,0,90,0,0,0,0,105,0,0,0,0,
0,0,0,190,0,0,140,0,0,0,0,0,0,0,0,0,0,205,0,0,0,0,0,0,0,
6045,16195,13275,14470,3785,3215,3030,2395,2530,245,13990,11170,4900,1605,850,6920,7265,3225,2770,690,6595,3930,1725,1525,265,
0,180,190,0,35,0,0,0,105,0,0,0,0,0,0,0,0,0,0,0,0,55,0,50,0,
0,145,550,110,460,0,0,0,0,0,0,0,0,0,0,0,0,0,0,0,0,0,0,0,0,
6235,14600,14930,23475,9725,3115,3790,3595,3000,730,16685,11235,6200,4950,875,9025,7125,3210,2495,1055,6630,4350,2290,1455,290,
120,130,50,145,4,0,0,0,0,75,120,40,50,0,0,0,0,55,25,0,50,55,0,0,0,
85,110,85,580,425,0,0,0,0,0,55,95,0,0,0,0,55,255,60,75,0,0,0,0,0,
8340,12565,14280,24490,15745,2685,3605,2315,2290,885,9545,10255,5915,3560,2250,12900,5945,3910,3335,1910,9370,7575,3230,2015,655,
40,165,320,125,195,0,0,145,130,0,85,80,20,70,50,0,0,0,50,0,50,75,0,0,0,
0,0,85,210,70,15,0,0,0,0,0,60,0,0,0,95,55,0,0,0,60,0,0,0,0,
6865,10560,9490,11855,9395,1765,1805,550,1230,385,4385,5430,2245,2330,1100,8200,4075,1775,2975,1110,13085,5495,2945,1735,695,
0,180,225,130,240,0,65,0,0,0,0,0,0,40,0,150,0,0,0,0,130,55,105,40,0,
0,0,50,140,70,0,0,0,0,0,0,0,0,0,0,0,0,0,0,0,0,0,0,0,0,
8495,11200,6515,5520,2280,1600,1070,655,775,280,6210,6055,2560,1700,655,13290,3085,1565,715,315,22940,4445,1730,540,340,
90,105,145,10,0,85,0,90,0,0,145,0,50,60,0,360,0,25,85,0,525,25,0,0,0,
0,0,0,0,0,0,0,0,0,0,0,0,0,0,0,0,0,0,0,0,0,105,0,70,0,
590,240,500,30,125,70,170,0,205,0,600,495,55,175,0,1215,900,60,200,190,1165,910,0,130,0,
0,0,65,0,0,0,525,0,0,0,195,125,0,0,0,60,0,0,0,0,75,320,0,0,0,
215,620,85,535,95,770,180,440,45,90,455,140,0,75,0,0,360,170,515,145,770,90,0,0,0,
490,1450,1555,2295,1995,0,240,675,425,70,1655,1420,425,230,55,815,1460,570,1125,90,695,1345,820,1145,285,
395,555,965,1155,405,0,425,80,0,60,340,225,240,135,325,355,210,0,285,0,175,400,0,745,0,
1435,4180,2875,3015,625,175,630,855,1185,0,725,810,590,215,0,745,660,890,810,0,595,190,530,240,255,
1280,935,2245,2890,2770,390,45,180,110,250,2225,1745,525,815,310,1175,710,1285,560,720,930,980,500,455,230,
540,1485,3040,3220,1500,0,430,745,985,60,1090,820,840,555,185,150,175,945,290,110,175,190,255,60,0,
1005,2380,1260,1555,940,55,750,300,270,375,315,340,770,320,45,110,625,615,0,380,240,635,185,0,70,
715,835,1700,2870,2555,450,0,305,405,0,620,600,125,870,170,1095,530,225,875,100,1370,355,490,550,65,
525,1940,1385,2895,2125,0,520,345,535,115,440,705,905,1055,1325,75,370,160,145,0,305,90,280,0,160,
215,730,1120,1890,435,25,400,75,285,0,530,470,560,50,195,80,115,0,125,140,235,160,0,0,160,
510,610,885,1345,1360,25,125,40,65,375,45,490,340,385,160,935,880,420,55,260,1130,385,300,330,115,
195,1575,495,935,1210,135,160,0,0,215,280,340,440,440,280,440,250,0,575,0,950,200,135,270,0,
260,395,120,335,80,0,0,0,120,70,430,230,0,65,0,80,40,95,0,0,0,195,75,0,0,
870,850,400,750,300,260,270,0,275,0,345,735,295,125,90,625,240,250,140,80,2650,505,105,40,55,
650,875,220,450,335,260,0,40,45,0,365,180,145,235,0,525,120,55,0,0,1045,225,0,100,0,
0,260,0,0,0,0,0,0,0,0,130,0,45,0,0,0,0,0,0,0,265,0,0,0,0,
3455,5385,1865,2490,60,1670,2040,1235,1400,115,13295,5355,1305,1285,380,11120,7405,1725,1485,235,14930,7160,4310,1680,255,
0,95,0,0,0,0,0,0,0,0,40,35,50,0,0,170,0,0,0,0,0,0,0,0,0,
80,70,185,155,0,0,210,0,0,0,0,65,0,60,0,120,255,140,0,0,430,0,0,80,0,
5490,15810,19605,25235,11650,2710,3160,2270,2365,1150,16725,15365,7135,4250,1050,9225,11335,11765,6860,3440,8655,10085,7070,4960,2085,
45,125,180,695,335,0,105,0,220,55,0,50,180,0,45,35,60,0,315,125,310,540,240,270,180,
485,1035,1455,880,935,0,0,155,80,0,125,165,135,135,105,130,345,400,470,215,165,270,105,280,70,
4925,10290,16270,33755,28070,1985,3150,2985,3095,1175,19215,14815,8790,4910,1590,10215,11245,7120,4645,5135,8730,5875,4365,3980,2185,
280,310,1265,2045,1905,75,305,0,245,110,415,700,195,45,275,215,215,430,550,415,105,315,465,155,0,
515,1330,860,1035,1410,0,105,130,385,285,560,840,95,0,45,125,155,100,120,65,340,40,250,120,0,
5995,11835,15900,26475,26385,3600,3650,2750,3350,1700,9690,10095,6410,5915,1450,14930,10120,6140,5025,2375,15180,8800,5230,2950,1900,
360,1065,1255,2990,2910,45,105,280,480,345,330,335,355,1095,290,100,655,65,330,320,405,440,500,180,55,
325,685,755,460,605,85,45,0,0,0,50,220,65,105,70,95,70,115,0,0,250,415,75,420,0,
4715,10320,11880,16155,14760,1050,1605,1105,640,615,4050,3685,2565,2800,945,10970,5285,2815,2535,1220,15855,7600,5510,3435,1080,
330,565,695,1715,2485,45,300,55,0,45,70,305,190,60,175,105,145,240,100,90,495,470,160,155,60,
100,285,360,215,100,145,0,0,0,0,50,70,0,70,45,0,65,170,0,45,55,45,0,0,0,
6215,13845,10360,8245,5130,340,825,750,420,145,3415,5215,2320,2670,1365,12115,4975,2285,1245,775,28880,7955,2515,1120,245,
775,1925,1375,1325,1020,120,180,145,185,25,195,290,110,160,100,490,355,100,75,100,1755,525,115,75,55,
220,105,80,170,30,190,0,0,0,0,15,55,0,60,0,55,25,60,0,0,125,265,0,0,0
*****
