Marital by Immigration status for Age 15+, wgtd 2005 ACS, Frey/U-MICH-not for commercial purposes
5
RaceLat,Gender,Age,Imm,Marital
7,2,6,3,5
Latino,NLwhite,NLBlack,NLAsian,NLAmIndian,NLOther,NLMixed
Male,Female
15-24,25-34,35-44,45-54,55-64,65+
Native,FB<1990,FB>=1990
 Curmrrd,Widowed,Divorced,Seprated,Nevmrrd
172225,2430,9500,11845,2003410,21080,320,805,1720,152530,224385,3100,5610,11275,1015565,
725055,2640,92490,43935,722720,301310,640,20350,13610,172825,1135580,5045,50325,51680,738310,
712165,5570,146410,42675,266605,926425,4860,70625,41950,165460,648670,3880,52925,41835,163970,
560590,9025,148570,30710,117845,714465,9885,82690,31830,77185,238685,3445,20940,19695,35175,
362235,15070,82180,17850,37265,382370,9600,45970,19655,25495,87550,2880,6190,5765,9120,
319110,63770,44975,11785,21680,294820,44080,29525,13460,15730,55165,8590,4825,3160,4720,
269820,3565,18710,33680,1876130,35960,1060,1745,2765,118020,294990,2570,5840,19820,585965,
773420,5590,129320,87370,594585,258025,1515,30020,27100,113950,988490,8630,51020,71580,361145,
704280,20020,205585,75755,221295,639435,14335,96815,65175,116930,619000,12955,64440,64210,108365,
541785,34595,190620,55210,100080,532660,32405,121980,72430,76605,231595,13995,36345,29735,31675,
323265,63165,125220,27175,44135,290445,54895,80520,35015,44920,82685,22590,19990,11590,10715,
246935,251210,78595,19325,34685,195990,206785,61235,23275,35300,42265,53790,10230,8055,11490,
848855,11420,54815,34445,10897195,2170,120,485,90,34440,22080,0,365,895,221840,
5788325,13255,719910,172425,4448915,46240,0,5155,1915,46745,224015,175,14065,5090,160050,
9208070,51435,1688000,262235,2367540,210795,1405,27760,5275,42515,312520,695,28820,6775,52305,
10270215,137185,2252300,255775,1545685,336445,3840,51100,8590,33735,188430,1010,15605,4960,12470,
8229665,240680,1554150,140000,638215,328470,9435,52290,5530,17825,84395,1725,7740,3170,3120,
8665630,1490425,858340,83375,399140,442205,72335,39045,4975,22935,72500,7095,6100,1860,1795,
1384055,14680,130055,87025,9766995,4070,25,645,0,33900,48425,325,765,915,191220,
6636210,33690,967160,300445,3274615,58475,45,6910,2035,33375,294495,1030,19935,8840,89730,
9561955,141420,2078495,386695,1598125,207395,3730,37150,7545,27170,318605,3095,31520,11245,29100,
10272220,415020,2681590,318530,1129995,304745,13605,73510,9935,20330,181695,6870,26400,5385,8610,
7582040,958805,2096870,143990,537280,341525,46605,79825,10425,20930,68525,15105,15070,3415,3620,
6781945,6295105,1353790,69940,512270,407315,386625,78410,5720,25555,52950,46740,7230,2820,2615,
110080,6080,6260,10450,2345350,1320,120,215,0,12985,11145,330,270,560,129650,
631550,4675,89190,57100,1057950,22340,175,1270,2515,34190,80960,125,7250,5725,83830,
987985,14575,246170,103220,646530,79425,1110,10795,6265,25225,112725,555,10885,8920,27435,
979485,33465,330740,119210,404615,121340,1430,22125,9040,14040,63295,1270,7965,5085,10710,
662730,58430,225410,72210,131215,71300,3020,13890,5120,6315,18040,510,2745,1415,1960,
574260,194755,129205,53155,66890,40400,6230,7820,3370,3730,9815,2355,1325,1135,455,
136975,4930,13075,21145,2429050,1385,0,65,125,20485,19385,240,1735,1290,116695,
627770,12540,158270,129860,1423685,23165,290,4520,4250,36050,98210,1810,8640,10330,63365,
938925,42055,407150,212650,903565,81295,1225,22460,11660,34740,101395,3570,15735,12645,30030,
905875,128015,539810,195770,552725,89080,4980,30860,14740,27770,43925,2910,12210,6640,14965,
559790,237615,381315,108120,199025,52035,8850,24585,9160,13360,14665,4870,3720,2270,5090,
397435,832965,232340,59735,115225,23940,32960,12670,4065,14935,6335,14290,2090,1220,4690,
13270,160,555,355,419150,3380,215,365,200,73210,15035,525,345,1320,297940,
86760,775,5325,2435,164895,118805,0,5715,2810,136650,345880,310,7660,4015,222680,
100870,255,11735,3475,47700,339920,1130,24170,4980,60570,420085,965,15580,6250,51395,
91195,520,15645,2520,24830,412215,2480,27310,8090,29035,214605,1875,9210,2555,12265,
59580,1315,10690,1895,8940,295605,4235,19465,5645,10380,114235,3520,5165,2025,3275,
74955,11045,6500,385,8095,220120,21855,12185,4630,6090,91110,10855,3205,2440,2060,
22105,720,1745,1200,376560,9040,195,340,455,72005,46610,385,750,855,256180,
106730,825,6130,3430,115555,146445,1235,11900,4175,98150,513465,985,16140,4985,154645,
106375,1595,17285,2720,29585,351290,3625,34560,8905,44055,484030,3885,29815,9720,41885,
86635,3885,18525,2165,16175,436605,17470,55720,10540,31045,229310,9690,17660,8755,19905,
54570,6920,13105,1130,7660,302115,37505,38745,7385,16760,108955,20100,8725,3380,4615,
58395,48705,8490,1050,8795,174890,153155,21870,5935,11040,65025,66170,3750,3635,2235,
10550,275,1010,1030,149075,0,0,90,0,290,110,0,0,0,1265,
58145,20,10890,2720,61870,585,0,0,0,465,1635,0,70,0,270,
77790,1415,24635,5105,37705,570,0,140,20,265,980,0,205,345,135,
81495,2505,27820,4890,21455,950,0,250,0,195,540,0,30,105,140,
53605,3615,17875,2345,6710,885,0,220,0,0,655,0,0,0,0,
39445,13165,9200,1660,3690,475,255,295,95,0,0,0,0,0,0,
17855,675,1215,1930,141355,65,0,0,0,130,235,0,0,0,845,
62155,1065,14650,6585,61515,385,0,315,0,150,1300,0,75,0,110,
84625,3350,30590,8940,33435,1185,0,260,125,0,1755,0,225,55,140,
81945,7695,37330,7165,18780,890,110,255,70,140,370,0,0,20,0,
49990,15050,22515,4355,6310,685,210,305,0,70,570,20,0,0,0,
28550,42140,10605,1370,3425,535,640,360,75,40,130,165,70,0,0,
2900,80,65,50,42320,50,0,0,115,3490,2930,0,0,0,20930,
8660,0,770,365,12515,6260,0,490,0,3490,17945,220,1070,365,10935,
11155,280,2935,320,4950,12600,0,1120,765,3245,11550,0,810,310,3930,
8060,185,2470,615,2535,12350,0,1965,650,755,6530,120,1015,300,480,
5840,80,2105,385,1225,6720,125,845,255,735,3175,90,505,100,430,
3940,905,975,285,480,3715,350,435,380,395,1625,85,0,0,175,
2225,0,250,240,38855,420,0,130,145,2175,2920,0,615,35,15335,
11985,35,1950,1665,10455,4520,0,675,495,3450,18740,340,1280,620,6825,
10400,220,4260,1195,6735,11745,235,2365,635,1830,12920,590,1310,505,2160,
9690,470,3720,485,2665,8345,440,2805,1780,975,6810,565,980,395,735,
5105,495,1990,795,945,5250,1745,1700,360,400,2245,810,390,355,955,
2630,3480,1770,330,510,2970,2275,480,305,495,1000,1600,430,0,195,
17025,480,965,1100,300605,50,0,0,0,2100,445,0,75,35,6580,
80830,175,14130,3865,105340,1305,0,180,150,2080,6065,0,250,275,3100,
96820,1440,27760,6195,41160,6945,65,840,575,2125,7210,65,645,775,1345,
92130,2240,36555,5670,24555,9145,135,1215,640,415,3895,0,55,90,370,
61590,3190,21370,2400,6595,6415,265,375,95,390,1220,150,140,0,130,
50945,11370,11900,880,2990,7010,735,645,130,395,1195,65,195,85,0,
26585,615,2660,2895,296320,960,0,0,45,1790,1425,35,0,415,4940,
92215,540,22510,7920,93090,2705,0,630,140,2145,9190,50,665,345,1840,
106555,3345,44645,10725,39400,7605,0,1520,470,2365,8325,135,455,610,1070,
90720,7660,45930,10235,19855,8890,415,2530,640,1570,3035,55,825,30,1030,
54865,13225,32735,2515,7385,7540,575,1535,210,605,1160,445,0,0,170,
33095,46605,15230,1365,3400,5820,3685,1180,65,515,1010,1120,165,50,280
*****
