2010 Education by Immigration status in the United States, race/ethnicity, gender, age 25+, wgtd 2008-10 ACS, SSDAN/U-Mich
5
RaceEth,Gender,AgeEduc,Immentry,EducAll
7,2,5,5,7
NhWhite, Black, Asian, Hispanic, AmIndian, NHOther,NHMulti
Male, Female
25-34,35-44,45-54,55-64,65+
Native,FB<1980,FB80-89,FB90-99,FB00-Current
0-9Yrs,10-12Yrs,HSGrad,SomeColl,CollGrad,Masters,PhD-Prof
260233,620953,3055065,3748618,2784669,609000,275999,
343,593,2252,3647,3304,990,1518,
1219,2352,11626,18526,20038,5967,4789,
6859,7187,34698,42491,38437,15168,7153,
10647,7641,57198,55643,76004,43866,24103,
315277,630468,3534959,3777442,2715279,929947,441653,
2945,4551,20179,20208,20382,8876,6740,
5715,5647,21642,25821,22683,11174,7682,
7873,9306,54736,53039,56282,35905,28277,
8266,6074,42374,33548,48211,32441,22649,
440911,810189,4727851,4398646,2805596,1052667,588736,
10037,11610,48781,59944,48762,24412,11654,
7998,8290,34765,39657,37386,22591,19902,
7066,6742,41246,35101,44307,26079,20949,
5409,3774,25226,20602,25257,14880,9196,
446729,524750,3293390,3773015,2493573,1196482,713939,
29434,18811,68688,78856,62812,36603,30367,
6140,4354,21076,18916,22741,14141,13545,
4479,4257,19044,16303,20909,12760,9831,
4795,2910,13101,9917,12114,6223,3665,
1235690,986908,4074921,3045121,1966723,1003301,760689,
102360,48468,123939,101863,71523,44411,55561,
9072,4067,10804,9454,10714,6794,6206,
11816,4733,14814,10200,14121,7138,7022,
8651,3170,11365,6266,6569,3289,3213,
199855,421611,2161269,3830560,3197146,1039449,290105,
211,118,1219,3387,3673,1421,974,
819,1558,8738,18213,21451,7286,4166,
5879,5155,28216,45649,46528,19000,6638,
9994,8486,47061,69163,94329,49615,19690,
226181,419205,2848212,4220198,2950104,1207538,357641,
1794,2404,17471,25115,23408,9147,5152,
4683,4049,21671,28523,24013,10664,6879,
8717,6317,53486,73411,66999,35892,20867,
6577,6915,39231,40470,52318,28916,14562,
318316,568653,4355288,5222445,2966097,1258014,370445,
10694,10152,53855,67155,41569,16937,7319,
8611,5991,37417,49833,37495,17480,8944,
9435,5770,42911,44826,47823,25097,13272,
6385,4405,29568,26524,26641,11133,5927,
353089,539733,4054300,4172657,2163844,1372861,338158,
31120,20695,106588,105303,57247,31730,13218,
7879,3910,24841,23708,19125,11913,6027,
8197,5128,22965,19709,21411,9951,5505,
8200,3843,16518,13046,11463,4720,2427,
1487850,1525441,7021822,4001175,1741462,889231,211336,
167150,99851,285728,203164,76908,39779,18999,
18207,5728,18064,11843,8862,3864,2785,
23523,5535,21957,15535,17768,7691,5144,
14892,4428,17141,8514,8328,2750,2009,
97961,293110,784297,726733,247380,45404,14640,
82,133,1033,985,726,180,42,
1301,2333,10459,15796,8340,1457,504,
4846,6295,26153,36099,21395,5096,1321,
11979,9583,35028,48959,26191,8226,2885,
79795,230502,829205,713918,238326,72400,22172,
942,1063,6764,11085,5510,1762,857,
3105,4396,19811,24099,14191,5857,2063,
8754,6475,33399,34901,19628,9472,4070,
10069,6954,33029,30688,21841,9537,4459,
121497,279549,848266,672915,217942,67768,23923,
3690,4108,14216,19358,13039,6578,2192,
10129,8871,32319,31755,20930,10624,4781,
8270,6707,20942,18404,12082,7189,4535,
6866,4431,15448,11958,9412,3850,1755,
136303,186364,508824,443576,144977,62983,27268,
6944,5490,17747,20857,13218,8547,4465,
9745,5665,17881,11980,5960,3812,2147,
4519,3129,7055,6236,3483,1504,1833,
4319,1975,6318,3744,2721,1266,790,
292682,187492,343624,223098,75655,46409,22554,
13315,8810,20963,11659,6888,3868,3561,
7386,2786,7116,2990,1650,753,498,
4886,1283,4037,1801,1267,831,411,
4410,1475,2763,2024,718,636,511,
60121,224481,641547,1006310,380396,127151,28829,
169,75,919,1398,1023,351,182,
891,2344,7130,18418,12210,4237,923,
4640,7120,22600,44297,23069,6929,2067,
13267,9886,38881,49986,25299,6717,3146,
62814,196586,708577,975742,348347,156657,35574,
759,1113,5775,13419,7316,3931,1583,
3241,4653,19341,31721,19931,8100,2287,
8427,9219,35683,45937,22592,8319,3565,
11472,8560,33799,31402,15066,5143,2478,
91189,244504,769726,974040,310892,137071,31201,
3242,3228,14353,25543,15319,6918,2947,
9318,7064,31712,35383,19445,8353,2054,
9818,7812,29041,20889,11315,4504,1579,
10404,5927,18546,12858,7157,2234,973,
109329,202428,577880,598058,193274,123801,29556,
6789,5364,21662,26802,12341,8062,1609,
10938,6595,18546,12230,6217,2387,692,
8059,3210,10772,6642,3824,1790,927,
10109,3602,8529,6373,2930,856,489,
388908,320427,575825,360013,114929,90815,16190,
21733,10525,28521,17803,8291,4015,886,
13703,3726,10007,4461,1355,659,315,
12231,3152,6601,2997,1644,546,90,
15183,2004,5844,2553,1051,590,144,
4034,9240,52579,101869,133005,29566,24858,
140,881,3048,6864,8560,2576,3092,
2759,6679,22221,47576,52407,11962,8405,
9975,11888,39724,61103,74120,34601,11145,
13977,9279,31583,50220,151509,140311,40770,
3425,4553,29303,48596,58739,23098,17256,
2033,2857,12376,32315,40256,16137,13031,
13267,13260,39474,66200,63488,26659,13476,
24718,16175,47893,52482,99027,97718,43691,
17483,10328,32884,31793,89963,53125,31438,
3434,4118,26718,45855,39553,14179,10831,
8161,7428,22144,45100,38804,17636,10723,
29943,21087,51119,68570,74003,48173,33832,
20081,11342,40359,31566,55148,31015,26430,
15744,9059,29879,18894,39384,14787,11846,
3672,2411,16349,29642,27303,10589,7858,
14372,9186,27981,49200,54853,33158,27470,
27459,10098,32942,30003,44995,18136,12901,
17623,9489,26302,21942,28285,8722,6039,
12390,6830,17780,10821,20778,6376,3568,
8557,5646,30394,23005,19141,6413,5691,
27778,10667,29167,31031,51412,29641,40682,
30523,8992,22907,15756,24545,5504,5672,
24701,10579,23395,14056,20227,3812,3487,
15018,3985,12825,7768,16892,4228,3108,
3459,4752,33182,87891,131875,41820,31497,
314,255,3485,7224,11612,3851,3435,
1918,4206,17378,43745,61307,15437,12587,
9725,9790,39543,64175,92833,29248,12296,
24556,16262,56462,85675,218988,139826,34381,
2307,4170,24617,45887,57227,24665,17103,
1866,2782,12494,30874,45749,17614,12463,
12652,11902,38770,63189,67174,21263,10678,
36011,21250,69967,81242,142395,81890,32621,
27678,16621,57642,54826,121393,45545,21509,
2906,3146,24506,44688,43853,15082,6899,
10851,8466,28578,48702,45735,13048,7614,
42457,20639,75421,77618,107790,38568,18312,
32422,16903,54982,50368,75414,24521,13450,
25280,12995,38400,27438,51357,12325,5638,
3539,3299,18671,31927,28878,10636,5312,
31466,18723,54848,63066,89136,24941,13407,
39207,13555,38170,34334,50454,12052,6747,
35151,13732,34565,20164,32034,6458,2796,
25379,11073,23443,13194,24069,4560,1763,
13169,6610,46180,28672,15585,5532,2502,
66121,23361,65820,47237,61329,17478,13084,
68084,12547,30348,14537,22874,3835,2778,
57178,10982,26846,12055,17256,2976,1966,
31841,5617,19254,9903,16993,2186,1796,
123247,225832,595763,634806,213978,38934,17346,
4737,6102,12148,13207,3478,1007,436,
43930,40568,87758,71075,24740,4313,1746,
389909,128025,264602,116826,37100,6384,2550,
478390,114957,309592,120093,53872,13786,9884,
105549,146009,404847,422727,164067,52375,23999,
31277,26946,54811,54425,20107,6082,2335,
312751,92829,177636,94053,30917,8534,3498,
350343,84646,218122,100719,42044,11424,8002,
222103,45696,128954,58172,46282,15744,10102,
98654,119212,316735,303443,109141,34218,19085,
179753,50037,99816,84677,33086,12203,7025,
255982,48245,115151,86288,32472,9281,6887,
127933,25442,65943,40453,27643,8063,7199,
90888,17446,50678,25631,22350,6770,6864,
101687,56040,172089,189636,59590,28448,14782,
188883,32765,74636,63561,25268,9432,7660,
97596,14082,36634,22579,12278,4019,4946,
48866,8464,21544,11599,9262,3224,3803,
36932,6066,16337,8305,8800,2920,2580,
177679,57680,124859,96909,33698,14904,9949,
194062,32021,62372,42950,22638,9036,13155,
52124,6981,14298,6071,5096,1371,1699,
39341,3959,8404,3063,4466,955,1247,
32797,4183,7115,3329,3222,999,1386,
98192,170838,486070,715860,296557,78375,22341,
2856,4912,10421,14695,5365,2227,604,
31414,31008,73403,81957,30524,8110,1737,
280240,95270,200407,125483,35313,8023,2572,
348124,83516,244408,121217,73550,14338,11870,
86575,114794,366350,497982,200669,76172,21592,
27382,20769,51280,64253,22168,9182,2421,
199913,63516,133346,94076,29360,8105,3371,
349239,79695,212530,114426,58237,13827,7871,
178305,34325,117490,66725,58083,15464,12579,
95786,98615,315745,367933,123931,48253,14836,
135287,35621,87153,100432,31009,13017,4916,
210394,43826,109159,81850,33259,8615,5689,
148565,25460,73238,53172,31427,7479,5441,
90228,14596,51467,31312,25534,5510,5429,
111648,65700,220309,197213,56013,33082,9369,
178233,32566,87432,72546,23870,11182,4794,
94238,13727,36625,25562,11420,3497,2204,
79682,10235,27248,13103,10243,2165,1763,
56644,6608,24122,10752,7633,1632,2499,
262068,80701,190034,103444,25786,13681,3488,
256673,39872,95247,61684,25997,9655,7028,
74452,7927,19183,7223,4871,1459,1005,
71780,6758,15036,6177,4068,1000,969,
63320,5330,13897,5681,5308,722,1304,
8453,21954,56365,51866,11306,2466,763,
0,17,33,200,32,0,0,
554,278,463,820,407,27,0,
3221,1147,1961,1168,251,191,53,
5934,1468,2761,1160,464,190,0,
9616,19008,55948,51256,14065,3961,1270,
462,133,635,723,163,167,0,
3243,855,1288,1178,154,30,41,
3168,522,1457,838,238,141,151,
3470,230,1121,873,442,135,154,
12002,18756,53288,47850,12933,4077,1979,
1812,562,751,924,418,107,35,
2782,790,920,1008,221,139,29,
1213,200,377,629,0,0,85,
807,292,418,144,100,64,58,
11436,9348,32590,36752,10441,5125,2037,
1865,404,633,634,181,65,212,
642,117,404,284,131,24,0,
343,44,328,141,0,19,135,
443,18,265,0,55,31,29,
21744,7708,19242,16506,4913,3040,1806,
1525,346,644,189,226,58,15,
473,11,82,60,122,0,0,
532,0,12,0,30,0,0,
348,0,0,0,61,0,0,
7050,16184,45458,66701,18742,4362,1033,
65,68,55,181,35,0,0,
63,89,337,973,273,75,13,
2832,712,938,575,382,134,134,
3314,731,1110,1011,769,148,123,
8065,14674,44937,68603,17726,6253,1821,
69,99,264,689,280,112,57,
1621,419,1133,877,243,77,74,
2760,402,1462,1266,358,29,67,
2227,247,565,338,463,102,126,
11200,16207,51876,66096,16965,5879,1940,
1093,461,865,755,505,23,111,
1458,187,1121,585,284,62,56,
1554,371,503,369,50,214,22,
1099,111,365,409,206,0,0,
11165,11078,35220,41632,10228,6325,1662,
1315,95,633,873,111,140,122,
552,225,339,122,167,14,71,
620,63,227,31,69,22,0,
520,64,165,110,43,0,0,
26081,13027,24634,21325,5483,2481,832,
1607,338,611,515,213,28,0,
848,87,126,49,19,0,0,
394,106,65,31,58,0,38,
575,43,61,47,0,0,0,
743,952,4660,8916,5156,1028,648,
0,60,40,279,107,86,0,
138,112,661,1129,824,195,33,
1468,701,2189,1976,1086,787,194,
1723,1376,4232,2516,5995,2555,861,
640,954,3886,6724,3856,1596,1252,
361,7,577,566,577,349,21,
1195,732,2033,1333,765,255,117,
915,1272,2311,1829,1630,1699,621,
1738,635,3318,463,1559,1032,234,
340,1190,3077,4567,3284,2206,1305,
271,204,1168,1137,840,272,46,
741,398,1829,1306,1218,666,192,
850,393,1546,1230,698,636,417,
860,664,660,266,718,271,52,
670,663,1868,3217,2309,1700,1125,
124,43,577,825,379,242,235,
353,419,1187,349,562,180,261,
386,268,577,118,531,18,34,
366,204,254,274,353,96,233,
545,792,1246,1190,828,831,856,
626,489,477,386,401,216,496,
757,17,439,269,166,56,22,
370,345,582,128,210,0,69,
407,0,277,140,172,0,0,
928,1403,4443,7728,6473,2057,1113,
22,0,92,261,63,34,25,
55,147,639,1572,906,228,344,
835,822,1693,2284,1594,603,191,
1473,1098,3186,2802,6233,2317,540,
705,645,3980,7116,3780,1871,787,
24,34,511,881,560,185,59,
680,548,1770,1465,1350,382,139,
2017,848,2913,2792,1950,822,333,
817,768,2786,1338,1570,1020,422,
449,522,3029,6108,3392,2091,1004,
365,352,673,1111,861,450,199,
1228,657,2470,1277,656,286,234,
916,510,1755,1127,626,519,290,
794,670,1264,662,919,189,0,
982,1204,2128,3723,1560,1310,718,
663,160,441,1168,457,364,219,
928,316,1126,573,330,42,129,
845,109,837,193,426,30,0,
475,143,491,133,522,254,274,
1074,647,2254,1880,1166,528,410,
1098,195,982,503,457,370,133,
855,58,347,150,224,27,73,
947,331,751,136,167,76,0,
742,60,362,23,92,0,0,
8090,20180,83460,112378,61217,11996,5871,
0,30,276,385,118,0,0,
113,200,1083,2490,1515,154,367,
451,403,1545,2223,1797,1122,439,
862,842,3017,3006,4280,2145,1080,
7911,16793,66915,85614,39085,14464,7123,
181,94,825,2396,1134,517,218,
251,384,1467,2574,1863,851,390,
1146,456,2096,2380,2163,1365,674,
1077,388,2200,1230,1958,872,976,
8742,15444,61570,72429,26400,11758,4863,
374,478,1726,3851,3225,1373,341,
1290,675,1625,2484,2373,939,593,
744,761,1685,1323,1402,688,632,
528,285,1106,1010,1014,283,236,
6832,6567,32836,47078,20349,8674,5029,
520,330,1394,2908,2744,1376,1066,
396,219,1083,1092,1257,542,345,
330,295,765,621,843,303,106,
330,219,483,482,909,212,250,
15178,9707,26240,28076,10245,4700,4189,
1493,882,2114,2084,1527,1094,1604,
784,361,556,550,391,249,172,
853,365,512,546,565,143,28,
558,112,431,199,269,50,103,
6383,15118,60516,128607,75614,20638,7869,
0,24,36,440,321,293,137,
26,137,1117,2333,1596,673,355,
579,335,1742,2947,1923,899,395,
926,757,2984,3399,3772,2632,729,
5234,10565,50498,101626,47186,20648,7745,
216,85,1021,2897,2024,648,448,
291,302,1495,2048,1504,464,494,
1224,778,2096,3203,2895,1464,796,
1273,518,1997,1732,2461,995,414,
6590,12855,51180,90650,36168,15692,5606,
114,280,1893,4365,2845,894,421,
1022,665,2655,3047,2208,1052,435,
1177,605,1875,2290,1483,543,299,
475,475,1345,1226,1168,387,162,
7272,9552,40139,61798,19688,10996,3972,
880,1053,2190,3438,2160,1206,433,
841,652,1120,1318,1103,511,183,
1320,518,982,655,579,135,57,
875,341,826,408,508,74,0,
17088,15868,41810,37669,10348,6776,2079,
2726,1264,3625,2889,1756,752,668,
1813,367,797,722,561,139,148,
1559,333,1010,247,444,135,167,
899,213,628,179,293,116,24
*****