2010 Elderly households by age groups, gender, household type, and race/ethnicity, wgtd 2008-10 ACS, SSDAN/U-Mich
4
RaceEth,Gender,AgeEldr,HHType
7,2,3,5
NHWhite, Black, Asian, Hispanic, AmIndian, NHOther, NHMulti
Male,Female
65-74,75-84,85+
MrrdCpl,MaleFam,FemFam,MaleNonf,FemNonf
4434085,175337,0,1330149,0,2373012,126125,0,929630,0,532405,56036,0,440542,0,1186154,0,574309,0,2553119,478619,0,472846,0,2631938,70733,0,203804,0,1527680,
289378,50217,0,217939,0,116296,31293,0,102595,0,19531,10507,0,29952,0,109361,0,244267,0,392908,33105,0,140863,0,245235,3772,0,45218,0,103494,
187335,10581,0,29819,0,71937,4521,0,18307,0,15332,2146,0,7063,0,31427,0,26760,0,64596,9621,0,16919,0,56004,1206,0,5484,0,20909,
296232,33489,0,97868,0,131045,17260,0,54755,0,23452,5686,0,15402,0,79481,0,103369,0,179955,25637,0,60022,0,129680,2391,0,17442,0,44769,
21433,2918,0,11529,0,7059,2119,0,5709,0,908,670,0,1238,0,7896,0,10201,0,18505,1754,0,5753,0,10651,242,0,2365,0,3159,
3637,230,0,1395,0,1120,214,0,490,0,308,0,0,159,0,780,0,1287,0,2648,193,0,475,0,1002,0,0,235,0,514,
33812,3825,0,17042,0,14120,1382,0,7713,0,3064,639,0,2583,0,12107,0,11311,0,31804,3010,0,6458,0,19094,234,0,2505,0,8092
*****