2010 Hispanic groups by immigration status, English proficiency, gender, state, and age, wgtd 2008-10 ACS, SSDAN/U-Mich
6
StateCal,Hispanic,Gender,AgeAll3,Immentry,EngSpkg
2,6,2,3,5,5
Ca,RestofUS
Mexican, PRican, Cuban, CAmeric, SAmeric, Other
Male,Female
0-17,18-64,65+
Native, FB<1980, FB80-89, FB90-99, FB00-current
EngOnly,Verywell,Well,Notwell,Notatall
1049433,705333,155351,41738,5710,0,0,0,0,0,0,0,0,0,0,1251,32263,9390,1225,326,11820,44311,34394,14255,5023,
666829,789471,91772,26432,6492,18343,128813,105173,92207,37101,12253,144004,160387,174435,63419,8835,125253,143557,188122,90547,7260,42381,72339,173725,150654,
31467,49741,13378,5098,1939,4164,14852,19587,35423,28222,557,675,1161,5293,8954,317,251,724,3084,6703,420,228,246,1910,7492,
985264,709471,145018,35361,4070,0,0,0,0,0,0,0,0,0,0,797,31479,7695,1141,498,11635,45660,31532,13212,3960,
680261,805426,82443,26540,6883,17835,128834,73299,89869,45176,11017,119199,94271,146052,77622,10572,108774,113724,193610,131068,6472,35774,51053,132128,160473,
40234,68004,14997,7282,4665,6399,16145,18300,36890,36581,619,991,1456,5098,13451,692,499,933,3638,15141,1037,604,519,2467,14638,
20990,3782,905,138,0,0,0,0,0,0,0,0,0,0,0,0,0,22,0,0,0,0,0,0,0,
31344,21234,2243,719,148,129,237,49,23,26,238,283,25,23,36,23,380,327,397,14,0,0,13,54,94,
1456,1810,822,580,93,0,62,0,32,23,0,0,0,0,0,0,0,66,0,0,0,0,0,0,0,
19547,4317,667,246,0,0,0,0,0,0,0,0,0,0,0,0,63,0,0,0,0,24,26,0,0,
28591,21204,2940,1267,69,279,200,158,31,0,35,280,124,95,53,0,33,100,210,23,0,83,26,59,0,
1903,2653,1328,791,318,0,76,29,0,67,0,29,0,0,83,0,28,0,0,0,0,0,0,29,86,
7420,1411,297,93,0,0,0,0,0,0,0,0,0,0,0,0,40,0,0,0,0,158,0,17,5,
7796,5723,367,112,0,1081,3994,483,68,0,24,933,841,608,183,20,575,449,355,100,179,532,938,779,125,
424,68,44,0,0,267,1140,1365,1176,444,0,111,127,288,218,28,0,51,86,106,0,0,0,0,34,
6608,1845,59,18,29,0,0,0,0,0,0,0,0,0,0,0,0,0,0,0,0,335,41,0,0,
7316,6453,408,168,124,863,3982,780,369,20,192,782,293,250,43,59,681,152,434,35,32,240,265,749,331,
423,142,54,45,0,175,1015,1877,2540,1419,0,23,90,393,99,0,0,85,204,72,0,24,0,30,96,
67862,63829,11585,2232,533,0,0,0,0,0,0,0,0,0,0,151,1838,561,40,33,1817,5310,3733,2125,915,
19592,58440,4675,1314,592,3068,16660,12100,7330,2494,4033,39648,35923,27656,7787,1453,23194,23402,28052,11669,1290,10121,17032,38421,29664,
534,400,82,62,0,738,2312,2422,2638,1654,154,383,622,2526,1632,43,25,259,895,1169,49,82,40,278,1128,
60441,64585,9832,2617,111,0,0,0,0,0,0,0,0,0,0,216,1648,400,188,57,1683,5263,3621,1323,510,
18622,60227,4010,1143,620,2814,16832,13083,12173,3089,3532,37154,32196,37670,13691,1604,19152,22494,27837,15461,1161,8880,11532,24093,27499,
560,545,260,178,121,1297,4542,5641,7125,4540,317,345,724,3557,4954,311,209,171,1131,3272,47,24,136,407,3418,
20280,8577,980,447,22,0,0,0,0,0,0,0,0,0,0,126,757,35,0,0,343,1831,445,84,48,
13335,17795,1224,203,55,1922,9612,2631,700,20,1084,8099,4195,1867,125,820,7220,4941,2071,597,547,5628,4899,3986,892,
291,253,70,101,0,612,3137,3329,1364,483,81,572,372,648,267,63,78,175,419,236,24,22,123,419,378,
17611,10270,665,318,57,0,0,0,0,0,0,0,0,0,0,124,719,62,0,0,431,2678,564,203,65,
11378,18583,750,203,0,1874,9442,2592,610,135,1438,8919,5312,1900,273,1031,8459,5504,3190,920,1138,6223,6554,5679,1372,
692,204,182,22,0,1144,3651,3904,2869,1022,139,308,491,728,533,64,205,145,505,582,82,157,328,630,1254,
50209,11543,2454,792,46,0,0,0,0,0,0,0,0,0,0,54,111,0,22,0,77,453,287,48,0,
73939,24882,1887,535,39,1015,3189,715,998,73,647,2561,1863,1149,368,424,2007,1507,1059,403,307,1527,1823,739,628,
8540,4452,772,199,78,597,1217,716,558,197,21,0,63,52,18,26,268,0,104,206,25,0,100,14,193,
44712,12607,2662,642,79,0,0,0,0,0,0,0,0,0,0,23,210,22,0,0,136,377,199,51,24,
76238,25760,2199,469,215,988,3369,1225,574,157,992,2945,1366,1316,188,425,1712,1438,1303,322,279,1176,1144,689,613,
10394,6035,1258,285,85,512,2022,1251,1154,122,148,145,0,202,89,44,132,82,320,117,21,60,28,0,264,
2136633,1064104,260213,98689,14711,0,0,0,0,0,0,0,0,0,0,2920,68726,16299,2719,817,30912,122018,63189,34100,12990,
1173977,1366499,202921,73251,16535,22465,139486,105808,92172,26760,26784,187680,195014,194647,64288,37126,276311,322889,378002,142671,42597,140698,243117,524672,338841,
54128,102359,35112,16309,5944,4863,15273,19559,32782,27222,783,1442,2388,7694,10942,815,609,1585,6000,10042,823,595,1268,2813,9788,
2018774,1070756,233113,91838,15803,0,0,0,0,0,0,0,0,0,0,2297,66753,14715,1417,998,25237,117681,58405,29828,8686,
1189196,1414565,177284,65119,20805,19265,123314,66013,75232,34714,15906,146528,101424,144173,73238,26421,215967,205295,354214,215717,31751,99446,132803,352634,332991,
64016,128920,44622,26643,13456,7027,16987,18186,34317,38849,708,1607,1395,6326,14814,1521,657,1301,5925,18640,1059,1331,713,2804,16601,
527403,190048,26955,11202,1423,0,0,0,0,0,0,0,0,0,0,42,52,0,33,0,311,843,206,133,9,
384036,631064,140017,74211,18190,745,1425,1131,470,143,802,1311,1211,825,130,519,1404,1174,1343,448,666,1593,1032,1735,716,
13492,42908,30837,24846,7383,200,444,345,409,94,120,25,31,226,277,59,24,14,47,26,23,0,0,21,216,
477145,202757,23781,10220,1899,0,0,0,0,0,0,0,0,0,0,0,175,92,0,0,154,453,42,57,37,
346881,727609,146241,85652,27844,588,1518,882,403,300,851,1744,873,233,41,573,1955,1286,1130,503,411,1364,918,920,978,
17501,49572,37171,40995,20431,321,877,783,429,342,26,80,202,118,76,61,39,40,92,137,0,0,191,0,97,
89933,56220,5926,2771,485,0,0,0,0,0,0,0,0,0,0,147,4159,988,35,40,1863,11651,4753,2340,1216,
65937,102822,6341,2438,574,10810,65471,9448,3028,1341,3326,22871,15164,14327,5718,2154,25027,26546,26705,12212,3102,14014,21416,38268,33791,
2761,2275,548,959,374,3987,19565,21424,19862,10494,505,1257,3080,6928,6852,473,878,1092,3472,5509,322,101,620,2188,6420,
81767,57256,4526,1514,121,0,0,0,0,0,0,0,0,0,0,132,4422,452,76,0,1184,10395,4259,2289,922,
65985,108143,6485,1786,664,7841,68031,12566,5912,2080,1402,18318,9391,9857,5045,2335,22760,17902,22341,11199,2623,15309,19438,33512,35004,
3085,2602,802,482,996,4731,21039,24264,32889,21019,661,983,2074,6183,8633,656,696,1351,4330,9184,553,745,549,3242,11494,
279410,218159,41063,12740,1515,0,0,0,0,0,0,0,0,0,0,3045,10294,2563,460,228,18869,32795,15865,11400,4664,
67511,166689,18311,8929,2990,8594,44896,24893,16713,5875,13048,97649,77172,62990,18767,14116,108278,99497,113798,41272,19528,61021,86922,194649,132100,
1285,1150,152,486,267,2135,6857,5934,8692,4088,931,1105,1746,4784,4162,412,849,991,2918,4196,338,347,323,1614,3862,
267474,224367,34956,10822,1547,0,0,0,0,0,0,0,0,0,0,2849,10798,2382,402,265,18888,32879,15372,9185,2740,
64903,172611,17246,7840,3157,9406,53695,31427,23796,7145,14436,98898,68224,75749,26852,14045,100442,89839,119368,54777,16033,49335,57198,132695,114841,
1620,1245,756,643,635,4134,10534,10595,16139,10715,1167,1817,2422,7577,10057,721,918,743,2919,12454,692,545,558,1670,10813,
145738,99912,12824,3366,172,0,0,0,0,0,0,0,0,0,0,2113,10984,671,43,0,5810,37599,9883,4103,554,
56134,99603,9114,5173,702,11018,46276,19103,8997,1177,10754,62411,43778,20532,3073,9652,84546,59329,43115,8022,8808,80470,73652,71448,24729,
1839,1555,479,372,281,3429,12966,13210,9254,2418,252,1039,2442,3407,1712,198,687,1086,2823,3113,124,704,1196,2984,4050,
138342,100072,12206,2570,331,0,0,0,0,0,0,0,0,0,0,2828,10082,1101,103,0,5540,35646,8989,2638,744,
50701,103899,10185,3809,1436,10249,47878,21053,11410,1506,9236,65722,41306,25366,5192,10361,87657,62349,51044,13254,10453,92322,84117,86802,30542,
1924,1308,513,586,211,4482,14529,16328,15748,6713,655,1685,3100,5348,5591,540,1021,1662,6656,6841,763,637,1210,4630,9854,
243838,60651,9021,4164,243,0,0,0,0,0,0,0,0,0,0,413,1729,143,0,0,909,3196,1198,509,95,
273666,151417,18339,6780,1051,3336,9498,3378,1153,353,2815,10548,6490,3098,1165,2061,12495,6804,5397,1681,2631,11031,7413,8239,3451,
25464,26403,6616,1750,341,1808,4108,3619,2612,405,190,546,324,568,239,77,92,286,382,159,9,194,123,25,184,
221886,61421,8168,3365,246,0,0,0,0,0,0,0,0,0,0,144,1239,112,130,0,1539,3111,1134,618,86,
288439,166184,16633,5714,1061,4446,10607,3659,2169,567,2912,9936,5020,3393,1278,2586,11762,6741,5304,1729,1693,10683,5830,5217,3621,
30197,34742,8379,2328,990,2626,5963,4576,3522,1454,283,309,404,539,783,257,207,248,784,469,286,217,136,301,501
*****