2010 U.S. Population by race/ethnicity, gender, poverty, immigration status and state, wgtd 2008-10 ACS, SSDAN/U-Mich
5
StateUSA,RaceEth,Gender,Immentry,PovLevel
8,7,2,5,4
CA,FL,IL,NJ,NY,TX,VT,RestofUS
NHWhite, Black, Asian, Hispanic, AmIndian, NHOther, NHMulti
Male,Female
Native, FB<1980, FB80-89, FB90-99, FB00-current
Poverty,NearPoor,Middle,Comf
511920,333368,2794569,2975304,13961,12952,84370,98519,9824,9851,46132,53450,14515,12098,57212,62878,27930,15414,55040,48541,603969,401982,2911455,2752231,21742,20640,112992,100863,12851,10837,47886,47827,
22146,15823,66316,58710,35783,16835,60636,46877,182525,95231,448172,215333,1256,538,6921,5700,1551,832,7814,4487,2316,1863,11695,4358,3669,3020,9884,3155,232219,118045,482607,203948,
1470,1006,5953,4355,1879,1129,7139,3906,3495,2470,10591,4188,4165,2908,11296,3025,90260,56192,418326,340486,15733,16252,115033,132905,31682,28935,183430,141682,36150,31805,177759,129109,
67727,33659,173015,98468,96219,60368,394022,329600,25535,20217,131237,150996,42901,33081,198947,164898,49823,39242,218605,151106,80399,41318,223084,131649,783095,545153,2085300,557584,58605,70908,345162,84707,
104532,111371,425641,53687,152554,139770,383403,34463,179743,152057,329323,19654,860421,563988,2047581,534130,82426,72702,338844,85126,124313,97875,354384,45237,216249,141729,346132,29130,214861,131101,250907,21628,
22576,13135,56947,20268,486,706,2978,925,1145,842,4269,489,759,791,2779,192,1929,1493,2749,356,28631,14782,59348,21698,737,427,2946,679,1117,1151,2528,534,
1659,645,2164,207,2019,848,3036,126,4456,1997,13194,9753,140,253,1102,1135,288,179,2294,774,461,380,2520,876,1100,741,2608,986,4392,2935,13150,10399,
332,289,1234,1163,173,120,2026,967,776,400,2237,723,1225,1012,2862,1727,44389,25408,181318,136222,595,687,4475,3998,702,584,3795,2439,821,795,3401,2824,
2399,752,3603,1548,49347,29014,180570,133303,960,706,4533,4538,793,832,4430,3267,1118,958,3844,2980,1883,895,4328,2273,463708,340153,2596205,1514342,8364,8171,49410,32455,
3933,3138,19655,14882,5225,4233,33554,21568,11764,6625,38970,19394,565379,414927,2727649,1413138,13906,13658,73850,37025,4415,3243,20971,12021,8786,4938,35666,20809,13758,6947,44342,20334,
265563,148976,518433,103259,6434,5364,29240,9704,9370,7911,39884,9779,11206,10598,44145,6707,19576,14465,41937,4186,346477,170991,574097,103878,8284,5837,33126,9827,12778,9769,44677,9527,
17382,15386,47428,6315,27961,17595,44845,4067,9289,6936,37062,18636,1862,1484,13059,9160,2663,2621,16840,9317,4812,3084,20924,11013,8038,3946,23539,8421,8970,6023,34591,15499,
2797,1931,17282,12940,3237,3210,20509,10672,5814,4630,26935,12805,8983,5605,34882,11535,180709,127450,518490,145972,21487,22210,99953,43205,25650,22648,98406,22869,41153,38557,140582,23181,
79449,67387,176541,20409,205957,133409,515240,143944,37201,27747,117974,49346,30501,25335,97450,23684,54810,40442,131926,23912,93149,62444,157954,23724,5243,2327,9321,4460,33,184,232,22,
133,61,560,62,526,419,788,95,678,1106,2163,31,6693,3248,9058,4120,49,26,352,36,151,20,589,79,572,337,316,123,571,1047,571,64,
1539,1738,8342,2663,68,109,926,227,173,179,1830,230,212,234,1602,584,274,527,2583,474,1291,1014,8554,2669,59,111,1084,302,289,168,1580,658,
459,506,2575,576,514,669,1900,339,17309,12320,60957,18994,141,304,2090,938,289,190,2122,751,406,425,2101,892,458,288,2176,739,21832,13707,57555,19680,
800,459,2228,1198,421,499,2353,792,877,434,2759,832,440,373,2178,637,261766,184372,1843444,1387034,3958,3288,33058,25377,2667,1854,17167,10488,5624,4220,36992,20398,
7482,5439,34569,14370,340832,247863,1931311,1300760,6406,7046,41486,25034,3718,1993,16982,11059,8174,5538,37453,21710,10994,6263,34613,12920,210353,90536,355766,122864,280,529,2482,1434,
488,233,2088,1279,843,729,4540,1526,2375,2154,5436,913,287072,115784,414062,124525,365,339,1724,926,385,291,1560,1050,1564,418,3751,1302,2875,1418,4991,544,
8455,6279,42234,33839,1275,1330,11676,15992,2861,2348,17873,13918,3589,3296,24873,20840,11660,4899,30288,16698,8884,5249,38783,35250,2307,2034,13433,20803,3309,1825,20523,15588,
4872,4005,27735,21000,12004,5714,33919,21143,106227,80665,306711,76454,7064,9222,49469,15668,10860,12257,53083,6528,25775,26548,81378,7556,21406,24060,62774,5144,116475,78098,302699,64493,
7952,6760,39938,13564,10350,8906,40114,4651,32675,24771,68245,4366,32300,24178,48383,2906,2704,564,5298,1773,0,30,359,110,154,86,203,0,127,85,309,40,
0,74,430,27,2316,936,5030,1763,21,100,335,0,20,48,333,31,284,36,470,116,0,65,265,36,1457,1023,3351,1103,70,0,135,79,
0,28,687,96,145,92,564,72,296,215,852,340,2326,964,3604,1583,28,0,325,74,209,0,648,39,137,124,773,81,315,127,892,116,
13850,6484,35210,21366,116,108,323,670,126,35,445,192,252,69,849,601,428,88,629,536,15301,7459,37878,19391,99,222,372,421,161,25,554,302,
191,58,750,465,196,65,1104,313,102426,80338,923999,1183332,3953,3685,36156,36495,1591,1529,14377,15985,3183,2093,23363,21985,5526,3331,19655,14357,138101,108655,1014965,1155869,
6242,6901,43339,37892,2512,1527,13756,13206,4430,3431,25388,21379,6373,4027,19237,15039,76254,37937,215927,102980,926,873,5784,5632,1622,1051,10123,7232,1573,1182,14447,4845,
2657,2534,14660,3606,108465,50458,252549,106246,1070,1403,6969,7090,2003,1516,11850,6093,4114,2315,16360,5329,5105,3571,16903,3499,6802,4001,36311,54262,1384,648,9917,21495,
2360,2071,17699,30652,3577,2709,28199,36311,9773,4689,37985,34731,7538,4207,34076,52226,2048,965,9972,22810,2530,1388,18553,32836,4596,3264,28951,38520,10430,4687,40832,40942,
66117,46272,194454,77164,3745,3055,23239,14552,4391,4764,37050,10779,11799,12821,57970,10866,22617,20726,74064,10500,81673,46895,187971,79237,7076,4459,23643,15035,7569,5277,31997,9494,
18225,13746,51753,8651,29349,19663,58244,7456,1193,1163,2424,1359,74,0,268,58,26,50,447,41,230,204,800,112,455,317,1183,322,1514,876,3304,1746,
48,0,16,46,28,29,254,87,224,160,609,97,358,268,450,136,1181,510,3969,2065,0,46,301,324,90,22,980,254,182,95,1745,598,
279,181,1221,434,1016,674,4608,2619,102,166,246,225,149,55,762,259,157,154,1779,722,376,225,1989,499,5079,2850,20874,17871,60,46,590,767,
70,218,808,734,239,125,1455,616,71,204,1794,508,6953,3198,20658,19225,25,50,598,1029,301,207,841,692,370,235,1407,642,205,186,1236,754,
384677,252988,2263662,1973920,11272,13138,80885,63013,6438,3891,28471,27823,15378,10449,50520,49610,17104,10098,42902,34826,481645,326840,2408852,1893165,18962,20341,99234,70716,7362,3879,28670,26260,
22168,10495,56094,45928,18212,10099,49220,32717,214528,96945,441802,183639,7940,5540,38673,25966,8254,7134,51621,26745,11150,7480,52437,16796,16526,11543,54167,12155,292278,128476,516724,189765,
12345,10065,54261,35170,15004,8487,70408,26410,18880,11791,64538,20723,24923,15027,58823,10753,30284,18884,85021,65514,6485,4733,23502,29765,13445,10727,54496,37109,22236,16571,70661,35499,
38362,20901,65666,27154,29168,19060,82592,61779,8414,4836,26420,34088,14303,8564,53708,41668,26263,19136,76831,43121,43806,23603,75130,32370,212100,108596,398156,149234,11936,8785,47346,20058,
17082,14799,70490,19012,28981,28227,107763,16859,42767,36500,129305,13128,256488,110955,400508,145663,21171,13274,57539,23492,29630,18227,66709,15955,49363,29667,93209,14335,56976,33222,85381,11762,
5342,2815,10961,3672,148,241,412,257,144,213,849,382,630,524,921,383,508,615,1311,341,7296,3833,11505,3783,304,175,453,328,262,265,622,346,
482,361,1137,174,799,537,1126,485,3434,1333,8700,4739,376,171,989,931,260,496,3634,2013,1217,428,4518,1917,1011,811,4724,967,2497,1993,8917,4100,
438,171,1621,653,528,765,3789,1592,1435,600,4994,1889,1284,1055,4413,1167,16549,10231,45733,30432,289,249,1798,1681,835,439,2408,1132,1020,253,2590,1908,
1884,1087,3167,829,19778,11337,44208,29819,416,260,1968,2278,593,281,2520,1545,1371,436,3111,1550,1842,1402,2479,1409,402561,309214,2580335,1992598,2083,2296,17568,18146,
1944,1117,9849,11138,3594,2633,13175,17293,8776,3992,22189,19606,530338,378198,2681100,1856390,4608,4399,27327,18682,1858,1864,9522,9579,5744,2545,16884,15722,9146,3905,21376,17814,
267345,138668,623500,192953,767,1085,4564,2959,857,568,7263,3724,2209,1521,10246,3265,8579,5050,17964,3539,356653,182212,679509,182985,1098,560,3779,2538,1224,984,4870,2884,
2551,1926,10506,3853,10502,5676,16839,3322,15964,10983,72090,51048,3189,2191,17641,21762,4091,5155,30109,23293,9766,6121,43661,29918,23530,10511,54102,26288,15971,11387,68816,46367,
3480,2474,24044,24143,5766,4477,28743,24129,11742,8480,45672,34013,21105,11435,62653,34441,716021,462930,1504442,338424,38878,40162,131173,27362,51522,52267,166509,18561,104367,88835,217373,16794,
140529,103684,210654,17626,821628,491578,1468126,315035,53144,40083,126742,25562,64367,47795,131195,15218,148808,92661,175911,16640,170708,90239,148481,16562,8568,5392,27424,10652,466,125,1234,221,
227,244,1067,248,547,1064,1533,402,1148,452,1663,103,12122,6709,23994,8504,484,290,587,91,286,147,949,19,1133,567,1314,297,495,387,1554,227,
2055,874,7285,2865,22,0,436,217,25,0,494,47,145,138,1239,802,747,149,1858,290,3197,1360,7862,2345,24,0,332,186,29,0,651,485,
59,66,866,380,475,284,1572,685,17777,12705,68421,30767,52,90,977,558,151,138,818,609,385,49,1103,696,538,546,1132,509,20989,14296,72611,32079,
235,140,1290,702,167,326,566,507,238,127,1111,942,516,337,1595,535,26152,19922,150228,73156,303,381,1640,1229,0,0,309,386,265,385,643,855,
106,74,530,574,33681,24356,150884,70760,440,276,2001,826,15,165,341,538,429,474,904,674,208,94,686,474,1080,43,719,264,0,0,0,0,
0,0,0,0,0,0,108,0,310,55,77,20,179,174,1196,105,0,0,0,0,0,0,0,48,0,0,0,0,180,117,180,0,
168,20,363,25,0,0,106,115,0,0,516,100,47,0,392,19,507,40,291,178,59,0,396,61,145,0,401,86,0,0,312,159,
197,0,1092,87,256,83,619,198,460,288,2419,807,0,0,93,65,0,36,126,0,0,0,0,59,22,0,279,0,247,313,1511,787,
0,0,70,53,13,38,49,0,0,20,264,174,0,36,31,130,84,49,229,192,0,0,0,0,0,0,0,0,0,0,0,0,
0,0,0,0,219,120,329,0,0,0,0,0,0,0,0,0,0,0,0,0,0,0,0,0,52,0,299,34,0,0,0,0,
0,0,0,0,0,0,0,0,0,0,106,0,147,0,112,35,0,0,0,0,0,0,0,0,0,0,0,0,0,0,106,0,
687,478,2165,637,0,0,0,59,0,0,0,0,0,0,28,0,0,58,0,19,1404,708,2569,507,0,0,0,0,0,0,0,0,
0,0,77,0,30,55,0,0,5765576,4297146,33503660,18912319,28849,29046,238935,205494,14059,9672,82288,78653,39468,25508,177526,137958,81799,38580,205466,120132,7453215,5293834,34228980,17742614,
55707,62204,352784,219312,20687,11368,83666,75140,50492,27912,186226,132869,91946,39356,207224,119307,2533947,1279391,4925358,1371725,5634,4093,31360,22459,8100,6587,59286,26261,23921,17918,97480,28280,
72071,38749,136697,26080,3434743,1616501,5375851,1345136,8090,5190,35566,21753,12478,7806,56584,23109,33713,20046,95039,26405,78052,37316,125155,23055,116919,81846,519780,337090,13874,10034,106147,114875,
28259,21027,174795,112529,39665,34667,223676,151537,121117,55557,286148,143612,126196,76806,509946,325167,22821,18651,149064,143380,35595,27981,190982,130875,53715,38753,265029,169855,129414,66798,361188,183446,
1069006,638058,2231145,554310,31056,28004,148437,48113,69287,67941,266526,43640,194290,159890,456642,47813,334940,259716,591321,53466,1222659,671816,2150615,518242,37360,28370,132463,49392,67827,50332,187842,35827,
242547,144968,351109,43989,369462,193123,378547,45981,221922,121072,417734,96412,714,526,2322,641,1142,585,3430,741,2156,1509,4283,818,6354,3815,6423,1889,263809,136285,426270,90047,
1003,165,1732,892,1016,348,1425,688,2410,885,3303,1171,4338,1869,3585,970,17707,8502,52545,22650,223,183,1802,1541,734,412,3428,1924,1576,1349,6953,3038,
4016,3442,12530,3587,20434,10243,51034,22333,371,388,2092,1563,1279,311,4284,1220,2189,1679,6626,2929,4669,2538,12047,3855,304779,180024,858606,321999,1420,577,7866,6471,
932,982,4916,4306,2752,1406,7945,3923,5195,2579,11948,5057,368717,198070,868528,308084,1632,1570,8260,6997,1593,1915,5217,3647,2895,1471,9293,4254,5933,2475,12621,5089
*****