2010 Full-time year round workers by occupation, gender, immigration status, race/ethnicity, and education age 35-44, wgtd 2008-10 ACS, SSDAN/U-Mich
5
Occup,GEnder,Immentry,RaceEth,Educ
5,2,5,7,4
TopWC,OtherWC,Service,TopBC,OtherBC
Male,Female
Native,FB<1980,FB80-89,FB90-99,FB00-Current
NhWhite,Black,Asian,Hispanic,AmIndian,NHOther,NHMulti
LTHS,HSGrad,SomeColl,CollGrad
5677,18111,183317,457473,851497,389401,235899,
102,235,1742,3297,7581,3762,3497,
333,368,2172,4294,6882,5613,4565,
192,346,3802,7314,18685,16560,17202,
111,244,2015,4366,13363,12327,10345,
8440,25008,294620,519653,460321,105009,17723,
421,261,1458,2979,3591,880,54,
770,416,2463,4829,4444,829,303,
534,519,4393,6454,7598,3521,1036,
184,413,3098,3052,5080,2657,681,
8490,21313,162224,242339,101870,16000,3261,
186,256,1220,1534,775,92,45,
285,534,1629,1336,519,26,21,
862,224,4075,2685,2005,383,4,
686,303,2568,1853,1149,320,61,
36147,89744,541178,439680,76464,7020,1785,
251,671,3232,2340,272,122,0,
1005,797,3514,2488,578,108,80,
1521,1363,6212,5210,2065,469,118,
1242,929,4448,2448,1419,611,24,
22624,67205,436085,260548,47310,5353,1073,
218,371,1827,1113,405,40,39,
608,283,1792,1808,393,128,0,
775,956,6681,4612,2332,732,82,
755,477,4497,1737,1330,260,204,
2979,10464,128738,430606,631157,355596,137660,
0,88,826,3436,4763,2447,2115,
0,186,484,3588,4532,3482,2941,
100,106,1905,6786,12496,10407,8592,
79,0,787,2481,6177,5242,4551,
10466,35348,500261,793975,323427,79649,9893,
46,188,3126,4155,2777,590,108,
231,179,3470,5277,2548,397,107,
238,325,4119,9446,7428,2473,372,
277,237,2280,3324,3121,1541,376,
9257,26675,183862,192425,44496,7785,1524,
365,393,969,1219,181,33,47,
363,233,1791,1211,646,66,38,
697,338,4948,4331,1559,447,186,
1088,641,3742,2642,1386,568,41,
1949,3443,25730,27624,8866,1571,192,
0,0,270,19,0,0,0,
0,0,119,87,54,0,0,
248,74,619,579,134,0,0,
0,26,448,238,46,0,0,
4951,12998,90489,50636,8546,2013,413,
124,28,235,72,68,0,0,
310,147,283,435,156,0,28,
221,144,1796,510,264,184,0,
231,129,1113,756,360,43,0,
635,2033,16931,48871,58631,25985,10049,
0,17,396,1414,1507,540,521,
67,91,621,2596,3228,2457,762,
84,120,939,2121,3920,3052,1882,
0,79,577,1044,2826,2219,1065,
1071,5386,50270,84411,40245,8748,1169,
0,77,923,1320,833,35,0,
149,548,2102,4173,1761,685,100,
124,297,3430,4628,3202,1096,549,
381,420,2978,3118,2248,1312,146,
2250,9901,59447,57728,13306,2223,385,
271,0,762,1122,367,101,0,
252,279,1828,1732,611,0,0,
1153,675,2680,3429,951,355,25,
1155,661,3933,1828,1937,261,110,
2474,9647,51832,43096,5596,744,23,
9,62,490,606,198,0,0,
182,392,2408,1712,500,362,0,
729,702,2634,2310,714,51,0,
704,481,2042,1334,386,71,166,
4107,18058,108503,67775,7565,1343,122,
35,329,563,1529,109,0,0,
532,562,2002,2019,322,78,23,
1287,822,4611,3988,1507,48,0,
906,743,3544,2727,1375,485,139,
586,2736,24457,89724,90791,52322,14927,
0,0,117,2135,2375,1392,904,
72,75,479,4037,5932,2785,762,
65,184,831,3364,5437,2615,1565,
0,72,481,1697,1611,893,514,
2489,11354,106283,214612,63029,19486,2239,
31,40,684,2946,1254,598,109,
223,347,3008,6167,3799,1272,88,
386,529,4626,7862,3098,1240,305,
241,351,2296,3125,1139,363,136,
4875,19621,82634,74974,11829,2061,412,
0,165,926,1123,178,156,35,
317,1147,3773,3441,505,167,151,
1228,1876,7406,5818,1754,300,101,
1648,1902,6139,3838,1315,133,103,
365,1154,3638,6181,1420,429,30,
38,0,67,30,0,0,0,
98,21,80,0,215,0,0,
99,90,317,200,29,0,0,
0,0,173,130,0,0,0,
1475,5817,34788,22834,2935,567,113,
56,90,161,181,111,65,0,
221,155,135,290,47,162,0,
282,105,1132,331,130,26,0,
502,115,523,343,73,48,0,
157,90,1446,6127,19637,9459,9635,
211,64,1047,4146,14321,7346,7081,
479,457,1640,8549,22210,12439,7810,
840,219,2575,4664,33835,45879,24471,
161,161,1597,1898,25203,19328,13761,
235,192,2670,7745,8931,2562,331,
54,281,1580,5995,6141,1368,276,
585,1125,3618,13442,10397,2447,542,
939,1845,3863,8383,14221,8682,1214,
697,758,2614,3002,8811,3808,539,
287,147,1628,3303,1721,183,63,
260,466,1095,2125,863,155,72,
1999,1617,3944,3978,1811,176,64,
3977,2187,5811,3517,2202,667,111,
2060,593,3541,2723,3149,221,91,
124,474,2800,4067,694,83,46,
0,108,1151,2487,1262,115,0,
893,884,4047,5662,1376,524,0,
1623,1061,3669,2558,1742,513,112,
566,643,1882,1582,1162,27,0,
96,187,3270,2431,789,23,25,
80,286,1403,1734,956,0,59,
1232,1841,5618,4731,1131,230,34,
3002,2231,6577,4338,2235,596,40,
1501,1108,3040,1688,2223,264,178,
39,22,1110,4278,13356,7487,6586,
26,82,568,3468,11054,6072,4830,
307,370,2022,6048,17163,7665,4454,
331,212,2196,6052,30464,25006,12060,
179,262,981,2093,18184,8635,6267,
56,385,4777,10879,6897,1740,234,
93,539,1555,5596,5518,1331,261,
617,1313,5435,11498,8465,1230,152,
1953,1199,5981,10571,15850,5850,1085,
958,847,3687,4625,7747,1944,574,
83,322,2190,2455,920,99,32,
196,342,1285,2115,1046,185,39,
1662,1099,3852,4266,1185,132,133,
4457,2366,8831,6235,3911,345,329,
2441,1686,6397,3662,3397,262,244,
160,0,30,130,76,24,25,
73,105,104,26,79,26,15,
225,80,244,628,255,30,0,
590,216,483,456,456,73,0,
268,166,461,268,156,5,0,
196,138,556,465,103,19,53,
140,131,485,588,235,27,69,
1205,1461,3062,1938,391,0,30,
2476,1283,3996,2209,1301,308,91,
1482,864,1749,900,1157,84,0,
1402,3645,18020,42049,44794,20088,11389,
552,721,2651,5791,5666,2399,1402,
5940,2569,7156,8234,6664,2691,1526,
3240,1407,5319,4798,6564,3807,3313,
984,493,1773,2106,7844,4924,2912,
2856,7662,37766,60295,24927,5222,872,
1590,1778,6078,7790,4376,748,79,
8137,5733,13163,12734,3948,1079,143,
7913,3303,9800,8936,5455,1482,341,
3448,767,5081,4072,4075,1563,401,
5404,6951,25996,36683,9855,1469,337,
3305,1547,4376,4479,1060,252,0,
34178,8395,17154,7453,2451,247,117,
37101,6580,24664,8505,2961,200,155,
20389,4669,12272,4993,3440,404,658,
11333,14735,48257,37829,4670,583,93,
5354,4127,6967,5753,571,184,0,
55990,16282,28207,11977,1979,298,192,
61327,13980,34463,15771,4613,452,702,
38046,7426,19638,7613,4466,521,625,
8779,15789,42659,26546,2469,428,138,
4793,3993,8682,3805,592,69,0,
45261,12458,25881,9467,2378,306,80,
36231,10018,26442,10231,3124,323,134,
15822,4379,10690,4178,2588,695,262,
1085,2187,16749,42813,47174,23523,7431,
167,485,2344,6155,5719,2787,1047,
1325,1389,4120,7708,5732,2370,745,
1386,1079,3401,4554,7335,3203,1764,
874,176,860,1201,5104,2528,1789,
3828,10176,69509,103748,27558,6932,858,
1540,1882,10522,15895,3351,882,41,
6319,4502,14019,16163,3964,529,238,
7330,3294,12054,12358,6799,1095,510,
2859,814,6001,5003,4719,1274,797,
5771,8819,26009,26609,4638,500,369,
3201,2143,3969,2709,276,192,74,
22590,7820,14312,8263,1595,98,65,
31379,7368,21611,11987,4305,270,527,
14674,3624,11824,5525,3075,893,729,
1207,425,2983,2248,572,27,0,
346,230,300,413,53,32,0,
4056,1035,1559,453,146,0,27,
6108,1072,3050,988,405,89,0,
3299,371,1052,725,217,104,44,
3262,3780,9292,6441,1134,235,28,
1972,761,1419,653,18,61,0,
16189,3823,8315,2654,686,70,6,
22043,4051,11651,3686,992,338,141,
8688,1557,4925,1303,1298,281,142,
144,133,1580,3667,3121,1610,453,
0,0,86,108,47,108,0,
90,115,0,244,52,0,0,
0,0,30,34,76,29,0,
0,0,0,0,48,27,31,
346,509,2978,4381,1155,231,52,
23,0,0,146,31,36,0,
0,58,46,197,26,0,0,
60,19,91,0,0,24,0,
0,0,0,107,35,16,0,
189,744,2884,4031,747,125,36,
0,0,0,27,0,0,0,
415,38,52,45,25,0,0,
520,212,233,0,0,0,0,
172,0,275,0,0,0,0,
702,1516,7203,5756,499,77,62,
44,0,143,25,0,0,0,
541,200,344,145,21,0,0,
486,0,144,118,0,0,0,
287,133,68,126,88,0,41,
192,1049,4878,2634,312,24,23,
93,52,25,99,25,0,0,
504,94,108,22,0,0,0,
244,22,146,100,32,0,0,
211,29,180,0,84,0,0,
12,181,1479,4728,4406,1994,936,
0,0,0,200,161,0,0,
0,0,31,75,111,77,0,
35,0,0,17,24,10,0,
0,0,0,0,71,56,0,
213,838,4827,10946,3082,442,77,
0,0,0,25,0,0,0,
41,0,186,193,63,0,0,
0,0,269,366,133,0,0,
0,0,16,0,32,0,0,
546,1277,3566,4187,553,232,0,
0,0,0,43,0,0,0,
53,95,245,87,0,0,0,
286,21,138,52,0,0,0,
158,0,132,24,0,0,0,
123,136,597,370,55,13,0,
0,0,0,0,0,0,0,
22,0,0,0,0,0,0,
74,0,0,0,0,0,0,
0,0,0,0,0,0,0,
117,255,1238,1169,135,0,0,
0,0,0,0,0,0,0,
30,74,55,0,0,0,0,
167,0,56,0,0,0,29,
81,0,39,0,32,0,0,
0,22,318,460,1236,777,570,
0,0,0,199,127,125,0,
0,38,0,245,280,124,90,
0,30,108,173,278,839,341,
0,39,123,22,588,288,72,
0,0,151,820,500,204,166,
46,0,55,100,84,0,0,
80,0,137,26,172,90,0,
49,22,49,225,465,213,0,
90,0,383,0,392,174,0,
29,120,452,682,22,104,0,
0,0,0,26,22,0,0,
169,26,69,100,0,0,0,
39,147,263,100,66,0,0,
256,237,272,0,0,0,0,
190,116,615,635,48,16,21,
0,0,247,0,108,0,0,
86,64,346,28,46,41,0,
260,287,79,177,27,0,0,
111,192,516,53,22,0,0,
7,182,305,317,47,0,0,
0,0,20,0,0,0,0,
233,94,312,51,0,0,0,
24,93,439,222,17,112,0,
0,6,376,145,0,0,0,
0,0,222,699,890,572,390,
0,0,0,0,112,23,31,
0,0,95,157,138,135,0,
0,0,131,222,317,155,163,
0,0,146,61,137,265,48,
0,25,761,1324,645,25,0,
0,27,189,154,68,0,0,
108,124,404,349,25,0,0,
50,238,419,662,102,68,0,
80,0,192,171,33,245,0,
29,43,292,370,98,20,87,
0,0,50,128,0,0,0,
149,0,257,169,144,0,0,
111,29,535,169,55,0,0,
357,219,699,224,227,0,0,
0,0,0,24,42,0,0,
0,0,0,0,0,0,0,
0,0,0,0,0,0,0,
58,0,0,0,0,0,0,
0,0,29,15,0,0,30,
0,0,33,39,0,0,0,
0,0,0,0,0,0,0,
0,74,28,25,0,0,0,
20,0,60,191,34,0,0,
0,0,41,0,0,0,0,
149,190,2476,7996,11391,4213,3618,
0,0,130,207,225,158,218,
0,34,41,201,207,349,235,
0,0,46,54,513,461,344,
26,0,133,106,335,181,457,
268,732,4708,9995,4934,1703,95,
0,0,0,443,128,136,0,
0,21,96,177,184,0,0,
30,63,207,88,188,58,9,
32,0,87,249,131,106,34,
550,643,3336,5400,1887,441,50,
71,34,0,80,78,0,0,
0,30,95,167,0,0,0,
25,25,31,134,31,32,0,
43,0,32,0,19,0,0,
589,1171,7074,7088,768,200,72,
0,0,44,94,54,0,0,
0,105,26,297,56,37,0,
12,43,274,112,0,0,24,
73,20,94,0,0,46,0,
215,1055,6019,4371,515,29,0,
15,0,33,188,0,0,0,
0,0,124,138,0,0,0,
214,21,144,250,48,29,0,
89,0,172,0,28,0,0,
47,316,2325,8733,8946,5073,2244,
0,0,0,330,420,342,93,
0,38,107,26,377,69,43,
0,0,0,290,278,208,199,
0,0,0,87,227,107,182,
183,616,7223,17762,5149,1767,359,
0,62,122,687,199,32,0,
0,23,190,409,191,91,0,
51,121,188,316,223,62,0,
0,0,53,127,106,0,0,
234,483,3343,5264,1127,155,0,
0,23,24,50,31,0,0,
29,0,73,97,27,0,0,
69,67,243,224,126,16,45,
0,0,180,22,29,0,0,
0,138,587,348,210,24,0,
0,0,27,0,0,0,0,
0,0,0,0,0,0,0,
0,0,144,19,0,30,0,
0,0,0,0,0,0,0,
24,226,1180,1473,270,72,0,
0,0,36,0,0,0,0,
34,0,0,0,0,0,0,
0,0,132,0,0,0,0,
43,0,59,0,0,0,0
*****