CHLDSCH2K: 2000 School-age children by school attendance, poverty, English proficiency, race/ethnicity, immigration status and gender, wgtd 1% PUMS, Frey/U-Mich for SSDAN - not for commercial purposes.
6
Imm,RaceLat,Gender,Pov,School,EngSpkg
2,7,2,4,3,5
Native,Foreign
NLWhite,Black,Asian,Latino,AmIndian,NLOther,NLMulti
Male,Female
Poverty,NearPoor,Middle,Comf
NotEnrld,Public,Private
EngOnly,Verywell,Well,Notwell,Notatall
40606,2494,280,335,204,1091218,36995,8893,5248,43,92745,6179,4019,3919,1051,28309,1712,1088,94,0,957258,31222,6147,4733,161,91937,9418,3190,1736,0,
140203,4806,1381,425,254,7694094,209169,38049,33641,832,978142,35502,7108,7448,327,36682,1790,134,128,420,2814524,86709,12806,13751,235,684271,29787,4693,3915,0,
45743,2334,979,399,235,1059187,44868,7535,5682,188,91413,9846,5626,2548,278,29148,1316,910,291,0,920662,30293,5904,4595,193,82875,9044,2569,1114,0,
126301,6204,2916,1208,44,7112034,219847,44123,36283,892,943810,46177,8275,5980,354,29245,956,514,79,80,2631373,88222,15837,14198,27,651421,30617,4246,2772,110,
29019,685,137,157,0,1009584,28292,7423,4616,0,29146,509,58,70,0,12026,321,233,0,0,466842,18296,3308,2377,0,18012,992,751,108,0,
28311,923,285,285,74,1441577,51290,12055,9694,136,97194,5444,1475,1470,0,3114,115,110,0,0,220388,6777,1834,1649,67,44874,2475,372,371,0,
29533,419,198,0,0,989152,33734,11183,5864,186,23060,1132,858,139,0,9439,294,136,250,0,451133,19381,4750,3963,0,14133,756,358,251,0,
26596,994,67,444,0,1378216,57519,18239,10738,304,98126,9656,1889,1395,88,3279,0,221,237,0,192998,9991,2520,2244,108,39937,2273,713,383,0,
330,339,462,355,0,14791,33044,18882,2751,422,993,1396,173,118,0,73,878,249,171,0,13763,26307,9479,2469,225,1522,1444,343,0,0,
2550,1117,367,462,199,113072,124674,34897,9600,134,15223,13471,2493,1240,197,857,276,22,582,0,57782,56140,7370,2854,60,19759,12239,1929,523,0,
501,557,459,189,0,13450,31957,16411,4262,111,1684,1686,322,227,0,111,296,0,0,0,11615,22306,5289,1262,201,491,1554,868,0,0,
1915,1095,369,544,69,96023,125631,31966,7265,224,13517,11689,2186,1327,0,1334,250,66,0,0,46207,53643,9339,3440,73,16900,13483,1008,500,0,
6295,8884,2351,2145,1012,191841,333649,144217,58918,6722,6958,9122,2632,960,0,4173,2755,1908,1251,602,124160,241889,90105,28968,3058,6097,5090,2159,545,0,
14173,10584,3046,2054,1904,564373,634489,164412,63027,4980,52563,42858,4476,3820,251,2524,1042,45,66,0,112408,57953,10512,7112,224,29097,16193,1993,1266,0,
8889,9180,3466,1291,1484,177411,359229,135128,53733,4903,6127,12073,2090,1196,0,3717,5567,1229,469,709,114109,234101,77164,27791,2314,6918,9557,1654,156,52,
13393,12253,2945,1770,1472,496454,644242,163480,56043,5407,45220,49407,7608,3474,315,1681,704,495,66,66,100163,58215,11024,6096,93,22875,16698,2397,1622,0,
2219,524,426,0,59,57638,13346,6618,2268,21,1844,607,229,30,0,854,67,284,0,0,27994,6119,2822,390,0,1034,209,120,0,117,
1902,310,219,0,111,95751,17721,5085,1679,207,5143,1354,325,0,0,705,0,0,0,0,14494,1385,694,150,0,1365,98,154,0,0,
3498,249,0,152,0,53446,9561,5504,1906,0,1547,210,46,0,0,737,144,197,40,147,29692,6340,1333,451,0,1973,60,107,0,0,
2525,212,471,0,172,91080,17563,4367,1551,0,5076,1373,417,0,0,317,0,0,0,0,12502,1174,421,80,0,937,568,0,0,0,
0,0,0,0,172,2824,1653,99,23,0,502,0,0,0,0,0,0,145,0,0,2652,722,67,151,0,459,0,0,0,0,
435,110,0,0,0,19668,3888,400,529,0,1847,298,312,0,0,0,0,0,0,0,5996,454,0,0,0,1288,0,0,0,0,
144,92,0,0,0,3861,1015,0,37,0,793,0,0,0,0,73,0,0,0,0,2353,1810,135,306,0,128,329,0,0,0,
145,74,0,0,0,17648,4081,379,92,0,2630,668,206,0,0,0,0,0,0,0,6438,427,0,446,0,1914,319,0,0,0,
3156,65,0,0,0,70931,8847,2021,1141,0,3221,557,219,0,0,312,311,66,74,0,45076,6685,1803,564,0,4390,695,0,102,0,
4942,583,29,0,0,242666,31772,5082,1709,0,28069,3478,215,0,0,1355,0,0,0,0,69098,7753,1260,1058,0,16973,2138,493,212,0,
2262,221,0,16,0,70092,9790,3273,1317,0,4064,642,331,193,0,1544,378,123,76,107,45105,6003,1732,639,0,4194,252,0,0,0,
4448,570,167,79,0,224608,33043,4573,2777,134,24198,5343,294,564,0,849,131,0,0,0,61377,7496,582,930,0,17655,1504,209,118,0,
643,381,99,341,359,3195,11965,9031,2725,265,427,548,637,457,0,172,157,0,0,0,1223,10618,3520,862,305,267,618,247,0,0,
181,1167,230,141,244,18343,46013,14004,2256,79,3340,6057,1107,262,132,305,82,206,0,0,15702,18250,2509,1349,0,3121,3514,534,216,0,
113,565,99,145,157,3836,13529,10308,3181,52,293,1319,538,86,50,0,94,49,0,0,1458,7942,3619,806,107,625,683,623,0,0,
1014,620,240,235,200,19794,46180,8490,3254,352,2653,6135,943,350,120,374,402,74,0,0,15678,17975,2537,594,0,3336,2749,414,37,0,
184,0,329,399,156,8384,5799,3188,1486,289,285,296,497,0,0,0,0,151,0,0,3544,4408,3014,469,0,337,471,0,0,0,
1461,359,0,0,326,21913,11834,4612,1870,0,1149,378,433,132,68,400,0,0,0,0,2927,1084,221,0,0,570,0,0,0,0,
284,0,452,66,0,5996,5739,5519,1531,88,1226,441,408,158,0,0,718,0,220,0,4131,5901,2085,546,119,132,543,0,0,0,
1118,399,147,161,181,24385,14588,6037,1223,363,1341,861,406,161,0,0,0,0,0,0,3098,1582,132,321,0,646,0,81,0,0,
90,457,465,505,92,4087,19549,19961,9196,1255,187,1663,191,579,86,0,382,135,230,0,2562,13679,15949,4363,212,190,691,411,15,0,
368,633,1008,751,92,23608,61266,29578,9044,1306,2619,3029,1847,135,0,203,657,119,0,0,15079,21578,6965,3194,213,3047,2735,818,318,119,
259,226,207,448,40,3371,20034,17158,4243,911,1133,908,959,319,0,323,58,76,47,0,2361,13321,10400,3551,84,126,1089,529,124,0,
596,981,566,401,461,22883,63973,27069,6932,522,1803,3285,1989,614,0,360,202,0,246,0,17162,19294,5222,2692,316,3655,2781,667,79,119,
1571,3937,3228,7383,12698,8980,83231,71115,42610,11722,53,1211,738,575,283,734,1612,2048,3950,7603,2858,64580,41701,19124,6537,271,1255,474,629,119,
1846,5540,5487,14506,17848,10844,132990,62279,35200,9954,1632,3406,1645,1394,345,135,183,148,192,641,3087,7955,4583,1183,635,1295,1456,158,0,0,
1940,3637,1488,6067,7968,5502,85074,63849,37839,9829,79,1730,777,437,88,792,2298,2289,2267,4584,3711,57463,37422,22422,5835,90,1826,486,725,265,
1081,4370,1427,4286,4853,8354,118464,64764,31301,9766,848,5977,1528,586,551,0,0,132,288,308,3628,9348,2183,1909,328,1026,1451,184,192,108,
106,135,0,41,322,124,292,809,583,0,0,0,0,0,0,0,0,0,0,0,74,538,529,131,88,0,0,0,0,0,
68,0,96,74,277,1191,460,193,88,166,0,0,0,0,0,56,0,0,0,0,44,0,91,0,0,303,0,0,0,0,
0,147,0,0,53,514,1269,778,238,53,0,0,0,0,0,0,0,0,0,0,205,1044,383,349,0,0,0,0,0,0,
107,0,0,0,0,902,1425,299,148,90,246,0,202,0,0,0,0,0,0,0,0,65,0,0,0,298,0,0,0,0,
0,0,0,0,0,449,687,845,306,0,0,0,0,0,0,0,0,0,0,0,451,581,202,0,0,0,0,109,0,0,
0,0,0,0,0,384,1591,175,0,282,0,222,0,0,0,0,0,0,0,0,220,290,0,102,0,0,88,0,0,0,
0,0,0,0,0,262,447,290,335,27,0,0,0,0,0,0,0,0,0,0,370,471,103,0,0,0,139,0,0,0,
0,0,0,0,0,655,1121,644,0,161,0,364,0,0,0,0,0,0,0,0,409,345,0,0,0,315,456,0,0,0,
249,92,0,97,582,1915,7146,3100,2376,670,366,815,258,0,0,103,200,114,0,0,849,2845,1280,146,0,190,230,0,0,0,
480,644,93,194,0,3930,9072,3287,939,196,670,405,362,84,0,0,0,0,0,0,671,2538,307,212,0,564,0,228,0,0,
293,107,86,242,238,2592,5399,3371,1483,204,62,0,169,0,88,0,0,150,110,0,817,2488,437,53,54,0,0,147,0,0,
98,413,0,0,61,5300,7952,3589,937,323,344,537,385,139,0,0,0,0,0,0,1432,2027,597,53,0,355,156,0,68,0
*****
