CHLDPOV2K: 2000 Children by race/ethnicity, poverty, household type, family size, and immigration status, wgtd 1% PUMS, Frey/U-Mich for SSDAN - not for commercial purposes.
6
Imm,RaceLat,AgeKids,Pov,FamType,Famsize
2,7,2,4,3,5
Native,Foreign
NLWhite,Black,Asian,Latino,AmIndian,NLOther,NLMulti
0-5,6-17
Poverty,NearPoor,Middle,Comf
MrrdCpl,MaleFam,FemlFam
2,3,4,5,6+
0,73011,184761,165614,159447,36127,34017,25928,12440,6473,153534,212825,141974,72081,38690,0,94037,269420,207452,187608,29935,35584,19972,8893,5262,77170,100220,54798,21738,13987,
0,1282994,3043781,1694068,940928,153615,129971,62928,25030,17171,184604,219677,112056,57474,42095,0,870034,1214066,474267,183771,19411,16899,8084,3017,1270,16374,19737,11177,5398,5554,
10156,91426,283147,311856,373123,69491,67547,49943,19983,20468,203507,412193,344006,158681,85549,1745,88478,372513,403393,447767,32347,55724,44925,24011,15642,144364,284384,197681,70972,38353,
3206,1449339,5933830,4387647,2599864,267640,366644,203064,72101,37346,617061,1037381,464448,166574,95454,126,1407535,3232922,1490119,536355,76993,86245,28434,9659,4716,102349,121192,37770,16949,7204,
0,13381,38230,41134,68132,15488,18215,15245,10458,10685,122874,249313,238611,155053,180798,0,14084,38981,42611,53037,6899,12800,12832,5174,3938,48033,88230,68383,41214,49816,
0,114340,287954,216064,180605,30597,30912,21707,11898,10403,98037,143882,94455,64934,71316,0,53997,67955,30488,17199,2310,2234,2154,972,245,5070,9586,7477,2969,4565,
2395,22663,63873,83746,141057,20699,29697,31621,26122,21058,154356,367818,460176,352020,417055,283,17063,67014,86855,125109,9599,17949,19581,13026,8839,78111,188579,181155,104100,110536,
261,191293,597735,546683,462428,49005,69848,46378,23142,21992,254541,407659,265422,152838,164843,143,115689,175586,77397,44991,10823,9201,4483,2027,1347,24515,34853,19220,9352,7354,
0,7597,16750,10984,22818,1114,2053,1017,358,517,4192,5732,4126,3904,5314,0,5339,12959,10843,18819,569,1529,382,590,960,1316,1671,1092,1907,1559,
0,53096,118793,78242,104302,2864,3192,2554,1695,4283,4789,4271,4268,3828,6880,0,52476,68537,28439,21478,817,778,438,583,622,1178,1200,616,785,725,
0,5140,19365,17689,51003,1171,2677,2768,1669,1556,3943,9857,9525,7322,11101,0,2883,15884,20324,36820,370,1700,746,1830,1098,2398,5721,4271,3389,3482,
0,35004,182473,139479,167479,5439,8323,6626,4777,2729,8558,20408,13882,9230,9109,0,44247,141106,62075,39909,908,3108,1280,160,484,3599,4034,3619,1247,860,
0,41520,124709,140608,240718,14870,19921,20015,15457,21943,57992,112047,113694,74238,96650,0,46861,122607,123039,203664,14302,20769,14726,9781,14441,21650,40499,30700,19362,33783,
0,204540,439187,344989,461209,36605,43155,28662,18584,28501,43482,53153,44947,33585,51655,0,67931,85665,41763,28602,2462,3796,2328,1143,1803,1716,3985,3855,2571,1837,
1870,23380,107008,182720,379372,15251,25266,24782,26288,35368,55710,159827,196154,134710,173970,638,19482,112110,179497,322512,7945,17604,20526,14903,17056,28577,82893,70538,46578,56799,
571,151423,668905,707128,847243,33554,54793,40511,30207,30608,81633,161989,119445,66384,75212,123,80576,169278,100384,57098,5908,6523,4574,2869,2526,8405,11330,6669,3661,2706,
0,2151,5199,9135,12892,1325,1430,1949,819,1358,5235,8795,9608,6864,9969,0,1926,5878,7038,7288,1229,1344,1001,884,424,2240,3731,3625,1709,3880,
0,10338,25659,21404,22161,2113,2510,2511,1008,1548,3407,4322,3914,2295,3046,0,3824,3412,2414,604,346,220,92,0,379,90,641,227,201,101,
484,3452,10315,13411,31547,2344,3173,3062,2921,4923,8101,15621,23533,14584,22972,0,2764,8361,11407,19866,1383,2074,2309,1136,1499,3692,8178,7250,5042,6137,
0,16587,59302,51125,54095,3610,5168,5804,2434,2043,8583,17352,12186,7722,8478,0,7672,12432,5811,2812,1141,1158,122,416,562,1126,471,681,268,372,
0,814,1720,814,1549,126,385,212,86,0,1701,1574,2184,1475,985,0,253,705,697,933,334,0,0,0,0,399,958,779,86,72,
0,4847,9358,4672,7592,973,893,172,261,360,2034,1842,460,664,396,0,2931,4207,1898,450,291,528,0,0,0,0,107,0,0,22,
0,94,635,727,955,390,714,245,221,0,571,1989,2058,1335,1281,0,14,1297,1215,1514,94,680,450,337,0,375,1002,1445,352,529,
0,3279,12915,12320,9482,1243,1261,304,479,195,3067,3877,3130,1568,290,0,3832,7696,2534,1810,345,316,0,0,0,418,331,0,0,0,
0,7017,9043,9764,12275,3283,2361,2377,1421,602,23712,31139,19514,15186,7540,0,5943,13252,10855,9188,3640,2940,2529,286,599,10766,12987,7908,4012,2840,
0,58531,100493,66634,53527,10485,9515,3966,3067,2449,19443,22012,12907,7869,6787,0,37489,44003,15122,5093,2238,1673,356,843,119,2351,1476,875,1188,1756,
707,3680,11276,12786,20962,3526,3458,6134,2379,2295,15056,31183,32890,20404,13231,0,3048,11785,16567,21147,1936,4056,2198,718,1782,10588,18541,15916,7450,4365,
156,45973,158821,132130,105574,9979,14684,9619,4462,3389,34286,48602,27418,11628,12495,124,39062,76650,37302,13449,3361,2690,675,1085,0,4922,5879,2132,1762,2098,
0,3825,4042,1962,4102,0,289,54,0,0,0,896,427,0,231,0,521,1802,1142,1315,28,241,0,231,94,94,320,0,75,0,
0,5366,15399,6947,4673,372,161,138,0,389,1134,1007,654,88,242,0,7106,10378,3239,671,0,335,135,0,0,687,192,0,0,0,
1044,6130,16068,11902,15722,1048,351,306,452,236,2084,4941,2160,775,570,80,2315,8856,7444,8496,433,231,105,245,94,1430,2371,894,640,361,
106,20836,65736,41504,31466,1371,1074,947,1370,1569,5710,6526,3304,1530,1028,0,20308,38090,19165,7621,772,596,389,0,0,1103,1005,305,362,242,
0,308,788,1120,1441,233,160,73,0,0,553,789,925,147,1249,0,113,468,663,485,0,0,123,0,234,0,78,197,97,648,
0,84,1880,1652,3762,346,0,679,412,354,152,397,764,862,715,0,127,0,103,70,0,115,0,0,0,0,165,0,0,0,
0,460,2519,3490,8890,851,1461,637,471,234,2018,5264,5084,4722,5760,0,752,1088,3175,12310,259,268,1163,61,746,664,1857,2002,796,1648,
0,5088,14557,17431,27928,1174,1991,1270,837,2559,2728,6576,3771,2729,7267,0,2081,3903,2476,769,41,0,0,214,0,305,675,365,233,0,
0,2545,3347,2523,2419,82,0,231,162,0,60,448,425,187,709,0,1308,1566,835,2950,52,96,45,0,105,380,266,0,336,125,
0,14520,19784,6608,11677,112,0,750,511,963,1066,776,492,205,995,0,13113,8589,3176,2446,96,0,61,0,342,663,73,0,92,0,
231,5509,20120,17530,35261,1272,1339,692,236,926,3047,5845,4534,3238,7466,0,4751,16968,11797,26005,568,448,968,956,1015,1196,902,2629,1609,1096,
0,27816,75665,53488,71861,1665,3627,2606,3728,3133,5808,6768,5246,1625,4204,0,24922,51038,14831,8627,852,1142,897,674,682,479,2183,934,358,221,
0,5234,13348,12986,34076,378,858,1975,2302,3196,816,3093,3346,2158,6019,0,2996,7324,6060,26540,446,1312,1063,1187,3677,78,545,1064,309,2446,
0,9249,12717,11881,38765,957,1343,2861,2101,4076,196,946,820,1455,4079,0,1107,2678,781,1309,96,151,196,73,0,306,0,31,0,132,
1952,9200,42946,74703,186471,6069,8197,10079,6547,12096,6172,22253,24790,19302,36865,579,9198,38758,56661,128485,1917,5878,4443,4372,11334,2506,8613,7738,4064,10326,
403,25712,93040,107619,228066,4805,8654,12933,9168,19288,4079,9328,9334,9188,19271,0,5839,12093,7736,9816,631,1196,772,329,1165,696,864,620,794,106,
0,0,0,0,566,0,66,221,0,0,0,75,0,0,0,0,0,124,197,187,0,0,18,0,0,0,0,0,0,0,
0,0,84,0,1048,0,0,0,0,0,61,97,0,0,0,0,0,518,110,0,0,0,0,0,0,0,0,0,0,0,
188,279,0,718,2861,132,0,146,103,323,0,433,0,191,90,0,0,104,960,1375,0,105,380,0,92,120,0,205,0,0,
0,296,811,1009,2842,68,29,197,0,134,105,325,0,92,124,0,324,96,297,75,0,0,0,0,0,65,0,0,0,0,
0,81,69,328,0,0,0,0,0,0,0,0,224,0,0,0,0,290,0,0,0,0,0,0,0,0,0,0,0,0,
0,442,282,0,0,0,0,0,0,0,0,0,94,0,0,0,191,0,146,0,0,0,0,0,0,0,0,0,0,0,
0,334,333,1091,132,0,0,220,215,0,228,0,505,480,0,0,250,334,443,653,202,0,0,0,0,294,0,250,0,0,
0,328,1796,1159,1278,0,88,121,55,0,150,180,253,0,191,0,403,631,756,0,0,0,0,0,0,0,435,0,0,0,
0,668,1428,984,1105,0,82,0,0,88,350,111,330,172,108,0,147,843,316,789,0,0,0,0,293,0,0,0,0,0,
0,1256,3547,1708,2113,132,188,156,0,0,0,78,73,185,539,0,789,636,589,202,0,302,0,0,0,0,42,0,0,0,
0,1324,3805,4090,13039,538,315,377,66,146,795,1621,2280,1410,2042,0,212,937,1760,3765,56,0,234,0,73,404,668,161,263,1680,
0,3382,11166,7931,10331,354,908,591,551,488,1069,1015,899,1296,453,0,1783,3802,1505,1115,92,0,197,277,0,66,0,107,0,264
*****
