EDUCIMM2K: 2000 Education by immigration status, race/ethnicity, gender, age 25+ in U.S., wgtd 1% PUMS, Frey/U-MICH for SSDAN - not for commercial purposes.
5
RaceLat,Gender,Age,Imm,Educ
7,2,5,4,7
NHwhite,Black,Asian,Latino,AmIndian,NHOther,NLMulti
Male,Female
25-34,35-44,45-54,55-64,65+
Native,FB<1980,FB80-89,FB90-2K
<9yrs,10-12yrs,HSGrad,SomeColl,CollGrad,Masters,PhD-Prof
331368,882438,3371984,3798610,2792911,539068,280020,4371,9611,34347,57999,50478,13082,8265,5921,8482,24177,28884,29524,7639,7303,10040,20416,60119,69244,78930,48735,28344,
478832,1139732,4741776,4553584,2903851,930797,547551,10892,24202,74272,114088,74698,31880,19708,12033,13340,38655,47819,38006,22243,18138,8810,15684,48575,43256,58397,39424,29822,
504219,720506,3480778,4141345,2683983,1194119,696375,37761,27838,78142,99643,80105,48132,33143,8551,7242,20446,26394,25713,17582,15827,6197,7692,25513,24025,25915,16690,17586,
641280,694007,2639309,2257986,1282450,734476,475005,47514,29833,71621,73755,50447,35186,32908,5806,4665,8568,8216,8859,6564,4623,7627,5041,12317,9374,10087,7424,6723,
1925535,1376124,3400662,2249008,1393721,593118,505619,133892,77661,128589,110822,59953,32944,45158,8309,3943,7726,6185,4827,3226,4564,10817,6144,10195,8111,5381,4121,5750,
263243,657089,2885243,4049777,3023423,745014,237133,3236,7983,31442,58854,50085,12403,4808,5756,7643,24546,39400,28769,7426,4429,9978,17947,66987,78326,89119,39677,21844,
350274,831843,4394185,5288388,3046974,1012243,355827,13265,18699,85107,123157,73040,24864,9888,10743,9927,38665,58048,37942,16990,11276,10610,12521,53425,61038,56762,27392,18526,
352968,705638,4095202,4467060,2333459,1307621,357135,32312,28889,107158,133179,66125,40309,15036,7766,7670,23404,30652,19658,13108,6225,8627,8055,30836,28203,25130,14196,7354,
523420,869180,3435952,2508710,1074101,632583,180522,59666,46130,136814,118860,50211,27836,14109,6575,6279,11797,9999,6104,3790,2087,11648,9177,18170,11878,9034,6611,2818,
2543404,2213463,6184086,3096343,1269263,531574,197144,240103,140435,273227,169803,68954,29036,22372,15800,7279,12263,7598,3092,3011,1554,20901,8502,17481,9234,10473,3920,4208,
94536,369141,791996,642694,201533,31322,14978,1381,3607,10025,12025,4671,1162,1120,4951,8296,17686,22064,11412,2413,1506,10734,16069,35539,33851,17613,5312,2735,
118215,428849,829377,697825,206820,56263,24548,3387,7915,17355,24173,11720,5311,3082,10057,16361,25975,32727,21758,8434,4961,9586,13380,24459,20778,13568,5072,4104,
132679,280277,532827,503940,161604,61947,25672,7778,10928,18078,24890,13290,9849,5326,11284,12239,14779,12548,6702,3844,1870,4434,5543,5514,5318,3226,2139,1589,
167009,203839,280097,201212,53907,33344,15580,8862,8647,12294,11627,4506,3287,2998,4471,3799,4443,2704,1028,404,527,1984,1159,1933,2098,1782,764,539,
409218,196403,194740,121952,44366,27662,11442,10978,7486,10221,7091,2412,1541,1491,3871,1921,2241,736,165,0,146,3787,1534,1865,214,388,0,164,
69750,347596,715485,887562,316600,69380,22841,526,3766,6547,15951,8749,2598,1213,4001,9948,20030,31409,15320,3852,2233,12147,14025,36817,36567,15155,5204,3363,
97472,382032,811798,972536,310993,94132,27888,3981,7517,16591,33483,17474,5780,2084,11188,15051,28133,38046,17692,6169,2046,9632,13301,25629,22467,9897,2636,2673,
110632,283140,605011,642728,205047,119714,28056,7411,10642,20463,26633,12999,6207,2134,8496,11715,15741,15852,4157,2815,708,7021,5703,9687,5829,2513,1929,436,
150091,255315,350130,263965,75009,63659,13977,9696,9877,15714,14960,5290,2360,1481,6961,4237,5582,2706,1092,753,283,8105,3145,3377,1754,648,286,127,
605205,343596,381748,192926,74803,56511,10534,19475,12875,15978,7631,2023,2510,1244,7323,3937,4133,1742,766,0,0,8507,3805,3167,1196,1155,314,0,
4701,7314,26110,45585,55983,13396,9502,2093,4848,13008,30823,43182,9305,11261,12500,20126,40835,65990,64377,23394,10353,22779,22975,48078,58240,140131,107675,32479,
3157,5370,22578,39115,35505,10602,10626,6964,13738,20871,50790,42968,16608,11892,32529,27452,49434,70362,73418,50397,35682,19591,19700,34772,36552,67465,42985,38608,
2889,3062,11616,30626,25624,10147,6747,14407,12763,29841,55685,59755,31742,26673,29086,16891,35124,35345,48513,22079,18591,19082,11967,24167,25869,33739,10668,8145,
2472,2997,10224,14425,10592,2815,3430,11712,7681,17879,26267,39392,24937,29743,14978,7968,14018,14835,18369,5508,3316,12140,6734,14530,11922,15541,4240,3477,
11457,7715,25488,13858,10650,4456,3677,28871,9068,18080,16360,22403,8475,15504,25432,7294,9450,9911,11977,1583,3270,19979,7891,14237,8421,13600,2953,3709,
2552,5359,21176,37894,59003,18986,12924,1610,3793,10334,36057,46910,10841,9212,13591,18468,32390,63315,68905,16026,9129,26503,30422,65712,101345,174841,81806,25479,
2482,4340,18765,39309,37041,12865,5122,11441,10349,29533,57152,48363,13110,6909,46766,28885,67874,85954,108820,36733,19243,31864,25834,52009,59182,87076,26299,19097,
1936,2574,15047,29159,26974,9190,3928,31824,22615,55116,67373,86214,24767,14451,40775,19398,42792,41565,51202,13935,7183,30209,21454,33685,25688,36661,7663,3124,
2371,1488,11935,15051,9980,3468,1041,31512,14774,33520,33296,49896,15096,12080,29999,8046,19203,12268,13085,2179,1690,29289,11875,19506,11698,13610,2182,1045,
18737,8709,39713,17307,8214,4379,685,69255,16626,41057,25636,17051,8282,3899,55282,9133,16882,6599,10182,975,1284,43227,6552,13358,7092,9200,1422,1063,
99062,197626,360630,350885,119338,19463,12740,40283,42657,59292,56670,19244,3680,2804,370077,156352,175239,107921,26330,6563,4766,512452,173611,225261,114863,44981,16259,17595,
87004,143261,271144,264856,90905,22722,17926,217780,85581,100656,104362,32381,9138,7833,326786,104669,126869,110441,32589,8632,11594,194904,56761,75453,55114,29403,10268,19342,
72899,62836,135766,165267,53576,23377,14044,256075,70078,90729,90458,27183,11249,13625,128545,30549,35909,29373,11966,4412,6957,75684,19498,27588,19396,9141,4512,7646,
69909,35683,66199,59324,16668,11104,3397,164840,39630,51822,42755,15517,5868,7608,49459,8769,11400,5255,3621,1212,2258,38000,5854,8550,5536,2350,1364,1438,
133155,39841,54168,38886,11954,5141,3127,178924,31261,39828,27472,10085,5368,12192,31809,5157,4696,3008,2793,326,1641,30231,3924,6232,2712,1309,671,1411,
82294,150336,322412,413131,154485,32399,12183,30031,33239,56667,68256,20445,6289,1854,230881,109483,130401,101755,28361,5520,4143,391525,125608,182485,123799,54515,14360,18953,
72637,128728,281693,315563,101177,31691,11888,167334,63444,102210,123364,38359,12700,6881,274250,78728,112899,98217,29699,8806,11863,190470,50106,78957,55613,35612,9048,14707,
69929,72446,175999,172486,47521,24040,8206,225719,68503,105443,105495,30258,13699,6018,121016,27816,43956,33115,12182,5742,3985,103104,17432,31837,19443,9196,3211,4309,
80070,45267,88389,60293,11872,8994,1897,187386,41867,69616,56224,15580,6656,4866,59735,10313,12812,7575,2956,1131,1392,54970,9614,10948,7347,2531,707,1348,
192327,60141,76198,36185,9209,4704,1625,255376,47418,59715,36941,13345,6744,7997,58335,7287,10214,2630,1103,866,651,49993,7440,8229,4713,2107,750,600,
11306,28224,54741,52673,12826,1680,1821,198,370,1511,407,132,108,0,3868,1741,1773,968,433,0,0,4002,2171,1848,661,638,359,132,
12259,31488,64036,49072,15596,3623,1225,2854,916,1600,1557,131,123,66,3231,1143,819,1069,312,0,0,2447,843,1686,811,0,159,0,
12329,14360,38944,44536,13209,6109,2270,1895,306,820,832,226,202,0,1207,397,197,161,371,179,0,871,0,518,0,439,132,67,
12681,9540,19361,18633,6284,2244,1187,1228,407,964,406,102,0,0,766,106,178,350,0,300,0,450,0,73,74,0,0,0,
24404,7310,9752,9341,2858,1676,1716,794,279,0,0,160,0,0,39,0,88,0,0,217,0,609,74,0,0,47,0,0,
8556,24713,49831,62787,16224,2405,551,988,285,707,718,506,0,0,1450,677,1466,658,729,219,0,3121,1067,1455,1022,556,247,118,
12907,24473,59971,70886,16268,4852,1096,1480,993,1124,977,160,516,429,2703,729,781,615,193,0,62,1769,387,1606,1278,317,69,73,
10146,18189,40340,44505,10569,6059,1707,1705,79,1077,374,263,46,213,970,0,117,797,80,324,123,785,39,230,383,132,0,0,
18334,10375,23514,20667,6073,1910,755,1564,503,863,557,0,73,0,668,0,0,0,0,0,0,663,129,210,178,0,0,0,
31376,9584,18231,10939,3058,1066,727,1465,372,219,74,0,105,0,111,0,102,0,0,0,0,666,184,73,138,0,0,0,
119,1783,3604,5701,4316,752,429,139,0,892,439,498,369,0,251,835,1141,2064,466,167,103,1484,2531,3321,1817,2118,904,233,
523,1784,5818,4993,1988,1399,559,263,405,991,784,800,248,0,1506,627,1770,1596,850,989,118,233,989,1291,939,887,1020,291,
998,105,1901,5237,2007,1013,828,864,338,171,951,339,702,139,884,182,243,650,630,59,216,261,462,299,328,329,130,132,
1058,731,754,1076,1226,1052,492,431,107,561,471,92,0,92,533,117,632,342,0,0,0,229,131,188,434,253,0,232,
1465,271,1068,1571,674,210,29,516,40,427,132,177,0,0,395,330,0,53,0,226,0,285,0,151,132,0,0,0,
747,1669,1491,6048,3774,1445,398,0,298,196,1101,672,694,110,298,813,1226,1891,1098,549,167,1267,1569,3662,2614,2717,1231,217,
118,720,3628,4473,3425,870,627,226,41,1134,943,840,508,0,768,1155,1314,1592,1208,544,669,1154,989,1290,1253,889,252,0,
444,392,3455,3971,1505,1314,105,882,209,995,833,1021,92,92,592,497,725,694,291,163,150,191,422,766,685,217,151,154,
412,993,1403,2068,534,431,357,565,251,533,91,345,0,0,277,0,475,0,202,73,0,885,348,478,121,203,127,111,
1761,1780,2644,1695,653,415,244,982,341,266,324,259,0,142,311,0,0,352,0,0,0,504,0,382,87,0,0,0,
7212,22907,62007,76734,38247,8111,3865,672,1773,4657,9589,5030,1071,773,1696,3579,8136,10749,7259,2107,1275,4253,6671,19908,18330,17093,6421,2813,
9703,24106,64036,76323,29101,10075,4966,2370,3892,7271,11421,8823,2860,1641,5188,4741,11227,12006,8410,4630,2591,6858,7127,12609,7362,7667,4764,2043,
9324,11346,43490,58034,23718,9091,5987,2688,2515,6643,9358,9466,3841,2407,4309,2978,5434,3769,4696,2321,1377,2687,3599,5737,3622,4345,2942,791,
9694,8380,24567,27356,10905,5490,3509,2879,3000,4845,4256,3765,2301,2407,2339,1326,1817,1113,655,854,463,2173,1204,1925,743,1276,420,87,
18644,10506,20268,20417,6778,3673,2371,5150,1341,4318,2937,2183,893,1527,2767,729,2393,813,547,538,733,2908,1326,1116,780,653,217,504,
6199,19715,58569,95015,39596,10549,5638,1976,1528,4297,11810,4776,1710,1199,2316,2976,6132,9666,5519,2209,1436,6460,6422,15517,14378,13235,4864,4075,
9553,21157,60534,87615,30856,11013,5286,2189,3298,6839,13150,5924,3316,358,6401,4572,12541,12314,6106,2721,1415,6402,5004,10821,7204,6849,1349,1095,
8004,13328,45670,70811,20449,10404,6135,4180,3642,9015,10493,4535,2716,1197,3921,3042,5182,4739,2822,1218,1263,3615,2528,6156,4059,2566,1128,499,
8645,10968,29505,32175,9957,5172,2298,5182,3211,5284,4914,2661,1132,678,3684,1086,2527,1303,586,277,209,3795,1219,2691,689,792,283,325,
29673,21665,34111,23728,6590,3095,2350,9728,1935,6316,4210,2376,408,275,5358,1195,1148,693,66,373,122,4771,1586,2717,346,359,294,235
*****
