ELDDSAB2K: 2000 Elderly by disability, gender, race/ethnicity and poverty, wgtd 1% PUMS, Frey/U-MICH
7
RaceLat,Gender,Pov,AgeElder,MobLmt,WrkLmt,SelfCare
7,2,4,3,2,2,2
NLWhite,Black,Asian,Latino,AmIndian,NLOther,NLMulti 
Male,Female
Poverty,NearPoor,Middle,Comf
65-74,75-84,85+
Yes,No
Yes,No
Yes,No
10715,10929,7915,27352,1732,30248,6728,218045,11060,10317,7019,21034,1706,18379,6944,126951,6885,6989,4260,10426,632,5243,3077,35443,
13468,14470,8710,37595,3557,47717,8824,293883,16391,13351,10735,35484,2254,30512,10758,196754,11337,8924,5756,11406,529,8285,5061,40719,
72382,100926,44355,212546,13148,326160,38210,2888879,88435,98732,51742,196936,11419,203898,42848,1636144,47367,43903,23930,67190,4622,54097,17655,309227,
22132,45283,11805,71854,3653,142736,10935,1956352,35174,36347,18395,63040,3737,86955,13762,861846,20581,20385,11340,21840,1716,23943,7091,148557,
23098,24953,15972,58623,1738,53515,12119,389836,38623,45681,26689,78361,4069,49922,19829,366839,33982,35126,18592,36392,1797,17849,14641,93804,
24609,28653,17441,62362,3428,63033,12898,496959,48787,53112,26642,90080,4569,73677,18783,474333,47660,53607,24312,47451,1675,27308,13634,120909,
101985,140017,60500,248465,12647,329409,47110,3564854,167249,193052,86933,301610,11291,283275,61566,2259702,155254,137950,61674,127106,7211,82190,34407,417545,
34866,47972,15313,67244,2845,108502,12835,1757925,68606,73122,27893,81998,4062,88046,17027,874055,66090,53207,22340,35599,1811,28195,11281,144779,
4583,5751,3997,12789,1205,9063,3412,63985,3805,2954,3516,6384,1323,5353,2292,30444,2652,1182,1193,2662,78,1735,1164,8343,
3283,4586,2660,10811,374,7851,2654,56000,3248,3265,2867,6065,0,4769,3173,26620,1935,1086,1500,1392,0,1365,425,6763,
8767,15521,7367,32220,1475,28991,7599,216781,8151,7355,6289,16712,605,14986,4740,88459,6544,4380,3914,4317,626,3284,936,16833,
2623,5320,1917,7455,246,8980,2869,88528,1801,2753,1080,3901,136,4557,444,26376,737,880,131,589,92,662,105,3951,
9895,12192,10797,28400,2129,21051,8928,136281,14964,11547,9090,23616,1742,11884,7619,75899,8987,5863,4212,6407,852,4099,3476,17299,
5893,8830,8088,16968,1087,14048,4884,80813,8431,7022,5696,11827,1180,10232,5562,47211,7884,5160,4020,3691,751,2820,4019,11046,
17479,24084,12432,42947,2213,40547,9251,285386,24937,19091,13214,29099,1648,17519,8798,121659,16866,9458,7894,7964,747,4537,6736,20781,
3579,6740,3035,10638,1301,10347,2305,89626,3912,3745,1575,7162,442,4091,1336,28849,2845,3525,1948,1205,44,677,979,3123,
440,1041,704,3375,203,1473,685,15537,444,1179,229,1447,0,383,502,7212,342,98,0,307,0,253,358,1118,
707,813,431,1575,148,1153,703,13224,283,915,68,3109,0,693,488,8155,483,209,68,183,0,693,145,1795,
2482,7379,2043,7369,237,5675,1026,69762,2338,3913,704,4676,66,3431,1292,29905,1412,1564,537,1288,79,723,869,5052,
644,4257,528,3397,328,4153,119,54331,442,2114,237,2382,332,1689,290,20070,725,336,106,231,0,132,131,3376,
1227,1701,1198,3636,92,2958,764,23192,1613,1440,975,2396,79,1594,1157,10299,0,872,251,269,0,487,277,1312,
924,1256,726,2836,0,2152,351,19414,684,1655,1047,2409,0,1552,512,9686,725,994,31,324,0,849,27,1772,
4690,10984,2347,11116,220,7503,2297,93308,4141,9073,1883,8333,501,3529,2172,40052,2181,2580,1215,1492,40,608,423,5827,
1211,4560,855,4122,0,4145,758,63941,2124,5291,1083,4287,92,1935,856,23800,1242,1575,132,1441,151,395,41,3477,
2177,4248,2052,7876,381,5892,1499,43938,1927,2982,1317,4787,242,2424,1267,19186,1094,816,323,991,79,608,412,3003,
2170,3567,1826,5891,178,5446,1311,43287,943,2722,1595,4159,271,3347,1428,15403,520,834,850,571,75,736,321,3697,
5192,15176,3851,25436,1521,20137,4109,165546,6916,6488,2822,13073,423,7467,3203,58898,2964,2218,729,2963,79,2495,1998,9620,
479,3869,565,3852,286,4579,503,54553,926,1857,542,2363,0,1614,337,13767,286,675,320,166,78,337,110,2031,
4795,6750,3083,14071,707,8349,3361,68079,4472,5106,2847,7392,596,5571,2785,34621,3461,2280,2241,2815,61,2277,1890,5970,
3994,7295,2143,11529,286,6903,2285,58280,4443,4424,2165,7327,347,3112,1818,28309,3704,1638,1441,2090,52,961,745,6076,
9486,20111,4805,30641,323,22818,5746,203091,9884,14441,4310,16081,360,8706,5169,75867,7924,4715,3545,4743,587,1443,2250,11153,
1613,4087,701,4877,181,3629,804,52090,2640,4036,673,3426,0,2437,485,19039,2350,1499,443,926,143,827,237,3062,
201,383,142,214,156,1112,62,4454,307,246,426,505,0,15,0,1251,80,27,0,95,0,209,61,156,
241,137,107,715,67,374,62,2867,0,210,162,315,0,270,0,2269,45,60,0,306,95,184,41,276,
647,996,314,920,146,1892,422,12639,735,1022,267,1264,122,1057,0,4246,208,103,109,66,98,133,0,928,
45,405,0,337,0,1129,174,4746,217,0,0,383,0,0,92,737,0,0,0,0,0,0,0,289,
858,952,295,1775,0,768,100,6430,843,455,361,713,27,399,78,3100,783,538,554,246,0,156,105,743,
650,100,390,451,204,1514,65,3703,561,454,340,308,63,650,0,2523,256,257,242,384,0,42,0,162,
1000,1608,689,2012,62,2528,411,14820,616,617,910,846,141,485,378,3667,462,522,238,238,0,0,0,661,
15,137,0,17,0,838,0,4975,338,126,27,167,0,275,0,1157,106,37,108,50,0,0,0,106,
0,0,0,99,0,0,0,571,74,0,0,54,0,0,0,227,0,0,0,0,0,0,0,0,
0,0,0,40,0,0,73,395,0,0,0,0,80,0,0,88,0,0,0,0,0,0,0,0,
332,0,0,252,0,303,166,2052,0,0,90,196,54,0,0,891,107,0,0,0,0,93,0,455,
0,96,0,58,0,39,0,613,0,76,0,0,0,0,0,413,165,0,0,0,0,0,0,0,
162,0,250,322,0,325,110,802,53,0,73,0,168,30,0,486,15,73,0,0,0,0,31,0,
0,54,0,74,0,166,0,470,0,0,0,0,81,79,0,310,0,119,0,0,0,0,0,78,
275,0,0,306,0,179,0,3225,0,0,49,92,0,274,124,1397,105,229,117,147,0,0,0,179,
0,0,88,0,0,102,0,492,69,135,0,0,0,0,0,338,0,0,0,0,0,0,0,67,
129,228,179,678,166,1289,292,6147,121,231,240,607,0,253,0,2842,93,36,79,77,0,0,145,905,
535,477,501,954,0,1144,195,3523,307,605,280,392,0,166,156,3809,202,126,123,343,0,0,0,815,
1498,2190,620,3723,644,3773,946,24062,710,604,427,1078,0,1917,354,12000,671,220,134,390,39,413,42,2438,
122,830,404,605,0,2275,431,13030,507,340,0,609,269,461,53,5079,139,0,0,0,0,289,245,828,
353,1154,708,1926,0,1765,0,8665,881,676,1273,1592,0,1204,458,6185,599,777,568,377,123,56,478,1574,
1113,1546,684,1678,340,1388,188,7393,649,564,255,894,103,0,382,4462,288,428,845,318,0,74,573,1950,
1802,2487,1272,4003,234,3388,1040,33281,1604,1793,710,2602,626,1153,1255,13204,873,1202,543,1100,0,518,461,2206,
680,793,259,1445,105,1145,503,10979,325,602,92,782,0,422,132,5437,614,348,0,338,119,26,517,421
*****