ELDHH2K: 2000 Elderly households by age group, gender, household type and race/ethnicity, age 65+, wgtd 1% PUMS, Frey/U-Mich for SSDAN - not for commercial purposes.
4
RaceLat,Gender,AgeElder,HHType
7,2,3,5
NLWhite,Black,Asian,Latino,AmIndian,NLOther,NLMulti
Male,Female
65-74,75-84,85+
MrrdCpl,MaleFam,FemlFam,MaleNonf,FemlNonf
4882476,170113,0,1045752,0,2666940,117121,0,818579,0,536503,40907,0,285174,0,267360,0,582286,0,2491631,136649,0,464553,0,2942380,25156,0,154539,0,1190170,
306571,46240,0,166325,0,128826,27885,0,85408,0,25065,10662,0,26205,0,36593,0,250492,0,308808,12134,0,133715,0,235530,1743,0,36229,0,76131,
119034,6926,0,16489,0,47158,3621,0,10225,0,9162,1821,0,2141,0,5292,0,23319,0,42117,1470,0,13030,0,30048,427,0,3018,0,8453,
252898,24329,0,62858,0,100208,9727,0,30283,0,15655,2587,0,7393,0,16013,0,86567,0,119205,5448,0,40135,0,83772,1175,0,11130,0,25482,
19982,2063,0,7485,0,7380,1309,0,4127,0,1591,317,0,920,0,3116,0,11459,0,12391,890,0,4865,0,8170,40,0,1278,0,2972,
2160,120,0,1466,0,1384,118,0,662,0,290,0,0,530,0,284,0,1032,0,2148,176,0,475,0,1744,0,0,301,0,182,
41669,2792,0,14599,0,18331,2421,0,8042,0,3835,784,0,2366,0,3686,0,13917,0,26647,1096,0,7250,0,22213,785,0,2532,0,9666
*****
