ELDREL2K: 2000 Non-institutionalized persons 65+, wgtd 1% PUMS, Frey/U-Mich for SSDAN - not for commercial purposes.
6
RaceLat,Gender,Pov,AgeElder,Region,LivArrng
7,2,4,3,4,3
NLWhite,Black, Asian, Latino,AmIndian,NLOther,NLMulti
Male,Female
Poverty,NearPoor,Middle,Comf
65-74,75-84,85+
Nrtheast,Midwest,South,West
Alone,W/Relat,W/NonRel
24749,35478,4640,26465,36897,4612,44042,79916,6307,17403,28696,4459,18751,22444,2365,18927,23825,2486,32860,46661,3785,10028,18755,2523,6958,6650,839,8810,6597,1041,14282,13269,1183,5387,6482,1457,
26115,49030,4446,30665,62091,4910,52065,119772,5793,24476,42215,6646,28224,37310,3269,33527,47136,1772,36349,69548,2888,22090,31617,2509,8576,9110,201,10515,12895,501,13596,19477,1297,6317,7872,1660,
113541,626904,13865,132199,868740,11236,154517,1123619,17751,89870,531920,12444,101920,412561,6242,111924,509995,6435,117897,622798,6854,77975,347829,7724,35214,90875,1775,46302,110693,1689,41049,128490,2094,27265,79746,2799,
50081,448751,4150,42574,454436,2420,66401,709402,5005,47484,428139,5907,33744,198771,1701,34327,202425,530,52320,338637,3154,36967,214292,2388,9266,42557,223,11844,44136,23,16109,67569,448,13052,49650,576,
79336,36875,4970,86597,40373,6256,150908,83706,9928,47240,27406,6259,102048,29219,4203,127834,28078,4166,189249,48104,5659,65108,22192,4153,44346,6802,2028,58978,6355,854,82172,13281,2420,26554,6167,2226,
82581,57864,4103,103697,64577,3548,154239,118919,6418,65466,43655,4316,138507,39401,1872,159526,47295,2483,193927,76804,2847,95206,29732,2383,70160,12199,1168,77817,12047,485,86964,20808,1416,42656,8602,2234,
280569,659224,7686,357949,854307,8361,437477,1102749,14385,230007,539659,12614,338059,428265,3491,431705,489344,4949,452443,615224,5414,263184,326167,6433,125840,115724,2143,163713,108532,942,159221,147713,2986,103912,88972,3639,
73715,376246,2033,74664,382086,2131,111957,589167,2661,68993,361639,2210,69421,207945,243,68858,191538,714,115928,303421,1117,75589,198924,1111,25671,59355,0,30439,47652,184,42090,77331,250,29006,50929,395,
9498,7415,2606,7593,8145,1775,26230,30452,4206,3225,2862,778,3303,3043,1377,4455,4452,917,16095,16713,1647,1572,2116,381,626,851,59,1740,931,147,6395,6740,377,501,602,40,
6557,6775,814,6254,7439,748,15814,32464,2419,3910,4230,795,4600,4213,525,3349,2848,250,10622,18744,800,1870,1512,674,1295,851,0,551,568,0,3335,5791,573,475,935,92,
11373,42501,1979,13381,49177,2291,27035,135789,3142,7132,23851,1070,6429,20503,907,6945,23329,632,13296,59694,1601,3579,10092,290,1627,5871,346,2853,5407,0,3156,17065,426,847,2921,315,
3972,23324,41,2317,22240,505,5284,46237,460,1727,11567,264,965,6603,300,1280,7245,170,1689,15853,230,685,5935,93,82,864,0,313,421,0,568,3460,0,106,1333,0,
20699,13832,1878,23451,18495,556,72821,62055,3000,5886,6846,154,18229,6608,895,15760,7829,377,64581,32777,2009,3732,3170,394,4459,1539,278,6827,2091,127,22754,10235,418,1671,638,158,
11996,11686,1453,11157,13963,449,28363,50318,804,5283,4994,145,9877,5220,102,10410,6809,124,25936,29794,366,5608,2718,197,3308,3025,83,3750,2814,370,9817,12932,593,1750,949,0,
21884,63313,760,20720,64944,609,42930,182909,1809,8126,26177,158,15708,33261,893,14034,30985,142,29476,92753,523,5816,12252,122,2235,10235,147,5653,9821,241,7517,33217,430,1509,3833,145,
4885,24847,205,5114,22018,185,9416,46529,74,2208,12090,0,2708,10463,0,1190,8279,0,4223,18872,0,856,4455,66,832,2477,0,108,2048,44,1483,6123,203,79,949,0,
1471,5342,29,470,2080,124,480,2201,41,1946,8139,1135,883,2147,102,139,321,0,446,763,223,1522,4084,766,58,674,0,154,45,0,0,409,0,259,573,304,
0,3210,168,0,1333,0,158,1677,47,1244,9850,1067,425,1616,317,124,265,0,108,1028,110,1397,7861,460,0,311,0,0,0,0,0,290,0,421,2382,172,
420,14933,191,324,7207,0,750,14658,592,4510,50782,1606,162,4964,0,468,3210,0,165,4545,60,2401,30117,233,0,881,0,147,1101,0,159,421,0,660,8110,45,
382,10663,41,105,5319,0,551,9277,166,2148,38949,156,200,3344,30,200,1437,0,0,3016,68,1054,18075,132,0,599,0,0,221,0,0,659,0,107,3451,0,
2141,4766,582,686,1781,0,1877,2456,618,6481,10484,2896,1802,2660,74,1866,203,139,1601,855,79,5402,3928,944,468,289,0,155,0,0,82,397,0,1072,778,227,
567,3927,58,879,979,0,945,1954,177,6574,11216,383,154,865,0,0,251,0,161,989,0,6177,8488,460,146,293,0,0,0,0,0,133,0,2264,1886,0,
1659,18816,125,802,9755,0,2417,17934,27,9913,69861,1156,926,7312,0,556,5701,0,204,6154,0,7134,40857,840,256,1831,0,129,692,0,204,1170,0,2272,7641,171,
403,10652,0,301,4819,0,964,9966,151,4457,47879,0,580,5121,0,0,1928,0,219,4257,0,2511,24521,331,97,1857,0,0,79,0,68,1266,0,1148,3939,0,
5408,5799,964,903,2429,497,7001,21414,2216,5226,14657,1549,1460,1555,798,109,878,37,7229,10886,742,2111,7295,1032,594,187,131,147,0,150,1258,1862,244,630,1975,148,
2069,6067,452,1236,2069,580,3024,23780,1154,4223,17290,1732,1137,2336,0,353,1027,0,1765,12063,323,1728,8624,512,275,703,0,37,295,0,60,3526,49,735,1924,0,
2598,24984,693,2608,12666,377,8076,83325,2068,7613,92803,3157,809,9072,231,1959,6305,134,2929,34960,392,4298,36827,1374,242,2615,205,89,1086,0,604,9218,130,1705,6967,205,
627,10106,176,335,5640,0,1887,22658,0,1775,25364,118,89,2893,0,309,1343,0,516,7056,0,737,8226,237,285,251,0,0,221,0,292,1439,0,178,1337,0,
12363,9153,1388,1879,3368,188,20448,23270,3037,12543,18698,2860,9151,3702,799,1609,486,0,15774,10734,1835,9403,7843,2054,2757,840,132,333,535,180,5932,4021,118,3077,2242,828,
3579,9326,323,977,3967,139,7447,32787,762,9629,22400,1379,2971,4734,235,1038,1265,0,5815,14744,232,9317,11002,592,973,1047,0,156,77,0,2415,4895,180,3170,3465,329,
6427,35459,352,3384,14049,257,11836,101043,1333,13900,107228,1753,3227,14128,117,696,6169,0,9743,40921,205,9403,49854,355,563,5222,0,461,1313,0,2000,13264,197,2161,11020,159,
1495,10433,0,485,5422,0,2721,21008,108,2706,23258,346,796,3380,0,266,1915,0,1266,13034,0,1498,10581,0,244,807,0,75,183,0,238,3134,49,0,4757,0,
29,296,0,878,360,0,452,423,323,963,2801,199,29,0,138,168,238,0,301,31,0,593,1199,53,59,0,0,0,0,0,156,42,0,110,208,53,
0,67,0,476,230,0,467,955,58,66,1948,303,139,452,55,214,110,90,446,340,0,207,1173,0,0,253,0,67,95,0,184,41,0,109,258,0,
118,1094,0,257,2020,96,955,6121,165,1108,5731,311,232,638,0,45,851,173,189,2596,74,989,2781,145,58,0,0,0,81,0,98,465,47,79,698,119,
83,332,0,424,595,0,260,3032,0,353,1757,0,0,0,0,0,130,0,104,364,0,389,442,0,0,0,0,0,151,0,0,0,0,0,138,0,
764,376,0,640,664,0,1521,1136,0,2030,3524,523,316,40,0,443,283,0,1538,562,75,1058,1554,107,213,0,0,518,142,111,612,173,63,446,579,268,
0,191,0,178,381,0,1229,825,0,718,3555,0,476,191,0,115,411,0,770,595,0,1435,815,91,0,0,0,0,66,0,474,307,0,146,350,0,
95,902,44,853,2300,0,1826,7243,55,973,8528,311,0,769,0,243,1011,110,473,1994,0,784,2276,0,0,201,0,249,166,90,188,721,0,53,453,0,
0,587,0,0,1079,37,490,1550,0,373,1866,0,44,102,0,36,224,0,104,751,0,0,829,0,0,108,0,0,56,0,37,69,0,0,137,0,
125,0,0,0,0,0,272,0,109,164,0,0,0,209,0,0,92,0,0,0,0,54,0,0,0,0,0,0,0,0,0,0,0,0,0,0,
240,268,0,0,0,0,0,0,0,0,0,0,88,80,0,0,0,0,0,0,0,0,0,0,0,0,0,0,0,0,0,0,0,0,0,0,
108,1235,0,185,441,0,249,159,60,29,639,0,188,392,0,0,67,0,94,90,0,136,264,0,107,0,0,165,259,0,0,0,0,93,31,0,
0,154,0,0,0,0,0,363,39,0,250,0,0,276,0,0,0,0,0,55,0,0,158,0,0,0,0,0,0,0,0,0,0,165,0,0,
477,235,0,0,403,0,86,268,0,370,132,0,294,0,0,0,139,0,125,0,0,221,0,31,0,0,0,0,0,15,31,0,0,73,0,0,
239,201,0,0,0,0,166,0,0,92,0,66,105,165,0,95,0,0,0,0,0,105,0,0,0,0,0,0,0,0,78,0,0,0,0,119,
161,1390,0,63,717,0,166,536,0,0,952,0,286,523,0,0,179,0,187,112,0,326,323,0,0,318,0,0,184,0,0,143,0,0,132,0,
0,277,0,0,0,0,0,0,0,101,304,0,0,407,0,0,0,0,0,135,0,0,0,0,0,0,0,0,0,0,0,67,0,0,0,0,
1214,1433,241,146,804,0,1082,1465,61,480,2152,30,396,334,88,414,829,0,352,630,103,351,797,0,36,558,0,170,0,22,0,168,0,236,145,0,
249,1033,143,516,854,0,576,1074,0,984,1705,195,259,480,254,524,569,55,383,639,0,996,1477,79,285,285,0,0,0,0,345,213,0,106,375,0,
511,4643,18,702,5264,0,2497,9127,728,2557,11017,392,406,3193,0,859,3319,0,324,3667,0,983,4146,193,134,810,0,120,409,0,162,1085,42,66,1519,0,
672,2561,0,221,2115,37,215,4350,0,854,6566,106,132,693,0,276,1068,0,319,1453,0,696,2681,0,96,36,0,155,142,0,86,538,0,266,182,0,
1223,1178,348,1730,756,184,3109,1420,559,1625,2030,409,2153,555,147,1823,1066,0,2435,831,189,1580,1082,408,781,176,102,772,136,0,1409,182,0,743,251,0,
957,1595,269,1644,1524,247,1296,2227,110,1828,2633,0,1215,691,0,457,446,0,1120,607,0,2142,631,0,385,352,0,580,0,0,971,620,0,882,686,0,
2047,5040,218,1601,6935,92,2757,10784,317,3846,13659,211,1509,3544,0,845,1988,0,2077,5332,25,2777,4850,0,500,431,0,532,505,0,848,2674,0,458,955,0,
274,1577,0,359,2324,0,560,4428,31,491,5694,171,319,871,0,0,893,0,796,1538,0,530,2793,52,0,440,0,225,0,0,0,774,0,156,788,0
*****
