ELDVMR2K: 2000 Non-institutionalized persons 65+ in US, wgtd 1% PUMS, Frey/U-Mich for SSDAN - not for commercial purposes
6
RaceLat,Gender,Pov,LivArrng,Marital,Disabl
7,2,4,3,5,2
NLwhite,Black, Asian, Latino,AmIndian,NLOther,NLMulti
Male,Female
Poverty,NearPoor,Middle,Comf
Alone,W/Relat,W/NonRel
CurrMrrd,Widowed,Divorced,Seprated,NevMarrd
Yes,No
4364,3178,61939,48109,30045,23351,6029,3902,22877,24868,130507,150149,12541,9205,6206,6863,1176,535,3528,4960,596,1136,4042,5172,5940,8722,831,643,4448,4167,
6033,5533,84064,63761,41421,35926,6877,3061,24084,21755,224943,228590,11346,13170,7367,11447,1013,1049,4987,4161,356,352,5434,4498,7307,9058,930,1001,3420,3536,
20698,26225,279648,318061,94149,140224,10524,15336,50771,94037,1902527,3163509,119973,92990,42204,49841,7580,5721,27532,42293,2606,2192,11887,15339,14196,26112,913,2239,7473,7951,
9329,17389,87649,136327,26048,64858,3172,8267,16999,44131,772870,2216091,63479,64589,13827,31096,1592,4218,8256,22747,252,955,2077,5003,2913,8553,246,844,1139,4543,
15518,14548,471040,327484,84882,66513,10437,6818,34248,28882,82869,131721,62799,38840,12636,8769,1789,387,5077,3671,1515,947,15216,11301,5464,6563,339,474,6299,5004,
5898,9690,604121,447234,77180,69866,5309,4155,24484,22809,157812,202851,84609,50482,10801,12425,1290,848,6412,4373,488,442,11462,8351,3777,4150,75,108,1704,2716,
17719,22196,1214199,1456962,159210,256518,7406,12712,72919,124238,1346349,2748597,638976,452238,85383,96312,7051,5706,40655,54613,625,1138,16298,20278,6343,13365,368,692,3641,10295,
5160,6466,235206,367618,27151,68622,881,2735,24138,48354,525935,1665634,296058,230606,31153,44932,2536,2633,16712,30034,0,44,1566,2460,531,3061,0,277,1168,3942,
2305,1481,21097,13893,11105,8882,5957,4739,6879,4895,31563,24543,10076,4682,2693,2036,1511,1416,2670,3132,411,462,2474,1648,2091,1598,732,524,1743,2627,
953,729,16430,8990,7766,7551,3463,3861,4553,4336,34332,28683,6925,3980,2883,2497,824,980,3238,2028,325,297,1305,816,1251,832,679,145,785,1255,
1756,2568,21764,19750,14451,15394,5162,6515,4965,5328,147009,163981,28873,16419,9199,8794,4331,4439,6700,6455,702,760,1538,1837,1696,2134,714,1273,1381,964,
910,814,2444,4297,2432,4845,586,822,683,1155,48003,76521,5020,5230,2590,2651,1455,539,859,2214,0,173,0,395,556,422,225,0,0,292,
3177,1962,115894,67691,24765,14447,9254,4274,11934,7472,20626,21259,55385,32853,9759,6557,5823,3312,5633,4908,0,831,3502,1258,771,818,344,78,1295,1347,
394,707,63361,33776,10128,5308,3138,1187,5822,3434,25718,21602,47501,21322,9704,4672,2849,1455,5469,4930,164,123,1809,792,653,230,161,0,286,468,
1311,1191,65030,51549,16084,17058,2962,4098,7824,8501,102453,125043,161553,87754,22800,17535,10433,7123,18279,10727,0,245,1914,1161,609,449,308,181,495,617,
94,86,9748,9497,3021,6042,1024,914,1043,1633,30107,49682,35305,20982,6190,7887,1519,1391,2644,3443,0,0,110,0,203,74,0,0,317,73,
1002,409,1202,2080,568,617,1098,411,441,0,10357,14441,702,591,135,147,59,90,56,200,1005,527,105,286,198,203,0,0,241,159,
440,133,599,839,356,342,274,132,197,565,13216,14514,821,797,87,167,76,0,145,0,276,405,302,0,367,263,0,119,212,397,
561,310,1362,2892,567,1500,203,248,669,1854,46983,73296,7318,6577,809,1200,1114,863,1151,1618,543,455,0,92,196,519,0,106,184,632,
91,659,353,1651,365,184,0,305,351,788,22477,61813,2889,3838,706,771,371,552,765,828,0,54,112,241,0,77,0,0,0,109,
932,356,11369,6340,964,1477,219,831,569,576,7715,10000,4795,4628,171,524,171,210,0,383,734,447,1046,1919,328,145,120,0,226,594,
105,401,9010,5333,1354,841,0,248,0,575,8219,12060,5274,3876,0,553,200,0,292,507,243,0,237,303,53,52,0,58,66,66,
194,405,7242,12243,1118,2606,145,79,851,1589,38312,58734,40767,35997,2605,2795,1863,1339,2701,2611,119,176,237,752,105,320,66,105,182,257,
0,378,2702,3708,497,1383,105,0,514,1461,15930,49476,23534,20281,779,2497,483,771,615,1918,0,0,105,0,0,151,0,0,108,118,
1139,712,6311,4568,4317,4748,2783,1084,4125,2289,27046,28370,4098,2582,1633,982,1131,820,1093,1182,949,1068,569,861,1064,1343,330,416,839,1069,
759,477,3526,2227,3394,1997,1171,1311,1173,607,34138,33392,3765,2057,972,1457,1079,300,1619,925,792,756,173,626,502,662,0,203,409,679,
727,949,6635,6490,4610,6540,2454,1091,1762,2272,117338,146732,17723,11776,5815,6021,2518,4198,3540,5167,649,785,333,980,1623,1986,317,0,771,1522,
439,328,1204,1393,394,1275,90,198,413,1296,24869,48700,2885,3740,1389,1905,820,669,484,1073,0,73,0,103,39,263,0,0,0,53,
1671,544,36822,22632,9241,8078,3616,1982,6621,4062,17572,17997,21844,14322,3240,2954,1698,1529,2134,1602,850,1207,3002,3104,1459,833,264,400,673,1627,
156,0,19037,13042,6404,4497,542,317,2206,1286,25661,27992,22964,14798,5443,2721,2164,1257,3959,2750,181,225,942,763,117,491,0,346,148,958,
386,298,21605,21997,5626,6742,1698,419,1736,3294,81920,117938,78198,55663,17048,16032,5513,5969,11215,10174,263,316,578,425,508,1017,123,192,490,816,
0,410,3047,4157,772,2062,0,201,402,739,15964,34681,18389,12284,4003,4807,1496,1578,1947,2763,49,0,0,61,0,153,0,108,132,0,
291,30,593,542,652,561,307,119,220,423,2647,1362,438,384,93,0,298,78,29,269,47,0,53,96,235,41,0,42,92,160,
15,42,428,689,434,327,47,0,201,192,3375,1332,440,405,209,0,60,0,0,101,0,0,0,55,285,0,0,0,166,0,
66,0,498,1206,770,542,260,135,451,200,10099,9745,1226,351,586,403,74,29,563,0,165,42,215,47,145,319,74,0,0,123,
0,0,296,184,254,431,0,172,83,193,2685,3379,231,112,0,132,0,53,78,271,0,0,0,0,0,0,0,0,0,0,
135,106,4774,2484,1330,506,480,30,224,30,1093,1646,2435,1504,1353,103,238,93,496,72,0,0,486,207,0,93,0,0,248,113,
40,0,3543,1271,290,140,159,0,30,68,2331,1401,2167,653,704,101,188,0,76,66,0,0,0,91,0,0,0,0,0,0,
59,170,2548,1389,591,400,156,215,45,164,6964,6382,5933,3202,1591,1054,135,239,567,497,0,0,247,139,0,224,0,0,0,0,
0,0,80,601,150,106,0,0,147,0,1193,3657,1343,603,229,296,0,0,0,37,0,0,0,0,0,0,0,0,0,37,
0,0,54,304,99,0,0,0,0,158,74,227,0,0,0,0,0,0,0,0,0,0,0,0,0,109,0,0,0,0,
0,0,88,0,148,0,0,0,0,92,193,155,0,0,0,0,0,0,0,0,0,0,0,0,0,0,0,0,0,0,
0,0,632,94,0,83,74,277,194,0,1601,1565,71,118,102,0,120,0,0,0,60,0,0,0,0,0,0,0,0,0,
0,0,165,0,0,0,0,0,0,0,230,831,0,0,0,195,0,0,0,0,39,0,0,0,0,0,0,0,0,0,
0,120,765,316,31,0,0,0,131,314,182,217,597,0,132,49,0,0,0,0,31,0,0,0,15,0,0,0,0,0,
0,0,118,213,200,78,0,0,271,0,209,157,0,0,0,0,0,0,0,0,0,0,119,0,0,66,0,0,0,0,
0,0,132,575,92,258,0,132,0,0,1089,2200,1106,680,201,112,40,0,0,81,0,0,0,0,0,0,0,0,0,0,
0,0,101,0,0,0,0,0,0,0,190,553,225,87,0,0,0,0,135,0,0,0,0,0,0,0,0,0,0,0,
0,315,1367,572,683,398,188,0,248,1106,3050,4156,565,849,267,105,107,0,62,154,0,0,0,22,118,243,0,0,82,80,
121,229,1590,973,944,402,174,79,407,304,3701,2933,690,190,372,119,88,152,333,126,0,0,138,182,72,0,0,79,255,0,
479,370,1865,1212,2254,1008,161,362,1017,593,18662,23585,1713,1858,597,700,83,152,398,451,0,61,42,0,346,580,0,0,220,124,
118,322,630,923,426,1138,0,97,304,30,8058,12254,1024,437,381,137,0,94,0,0,0,0,0,0,0,143,0,0,0,0,
55,201,9587,5552,1901,916,73,249,384,465,2116,1976,2082,1708,647,434,527,53,54,66,0,224,712,878,92,0,0,0,184,256,
0,0,6196,4233,1294,661,276,105,205,507,3851,1995,3499,1198,436,332,259,105,103,234,0,0,0,0,271,0,0,0,247,108,
370,235,7225,6611,2148,1511,458,87,613,539,14157,18129,11037,7582,1253,1194,395,394,1277,1279,0,0,176,451,117,119,0,0,0,0,
96,0,948,1515,285,385,0,0,200,281,5235,7711,3328,3221,1285,565,171,126,92,386,0,52,0,0,0,0,0,0,0,202
*****
