FOCEDIN2K: 2000 Age 16+ civilian workers by family type, occupation, education, and earning, wgtd 1% PUMS, Frey/U-Mich
6
RaceLat,Gender,Famtype,Earning,Educ,Occup
7,2,5,6,4,5
NLwhite,Black,Asian,Latino,AmIndian,NLOther,NLMulti
Male,Female
MrrdCpl,MaleFam,FemlFam,MaleNonf,FemlNonf
<25K,25-35K,35-50K,50-70K,70-100K,100K+
LTHS,HSGrad,SomeColl,CollGrad
TopWC,OtrWC,Service,TopBC,OtrBC
135976,775983,1020581,1125540,1010386,302983,969767,731396,1595734,1293241,614836,1271044,622679,951901,675258,1193228,708843,155647,197357,140119,
32940,74833,53506,312084,262005,157354,393494,195220,833541,734829,346785,570409,227612,558052,363381,580797,374355,64721,84825,52933,
40419,67854,29562,247743,201072,242273,445639,157139,895161,728187,589688,735299,244962,720356,432763,1257050,550679,95050,112934,71267,
31110,31279,11813,118184,85906,202871,241280,65261,510888,371982,609048,486388,170257,501546,273295,1721469,518972,88178,95866,65619,
16443,15343,4221,33953,23632,107728,92847,16926,160661,92572,380489,239695,65884,169275,80849,1622267,397934,55752,44978,37299,
17100,10696,3724,19355,13288,87164,59363,8860,55166,32348,275127,175662,16244,57420,23049,1959420,494834,18415,29086,23691,
12572,76010,114895,155308,117901,28989,109961,103637,193933,162218,56115,127175,78762,94942,75803,61908,49709,15052,16434,9666,
2732,9879,7259,39013,28100,13388,39681,20390,96298,75502,26611,45690,16715,47756,34107,29304,20957,5735,8407,4627,
4743,6300,3061,23927,18817,16791,29675,11724,69375,53701,37611,48518,14143,50272,27785,54902,26854,4913,6401,4100,
2143,3342,1833,9166,5489,9659,11846,5450,31118,20931,28756,25552,7864,28924,14521,60919,20104,3674,4935,3466,
1746,1892,250,2831,1917,3975,2749,2206,8059,5669,14168,11914,3731,7406,4406,50456,12384,2978,2096,1318,
986,1149,872,2179,1327,4826,2340,852,4646,2435,8384,8127,805,2807,1373,43162,10718,1870,1482,487,
14039,143974,214304,176569,172105,25652,135818,132817,198770,204092,46531,153253,96338,93795,91239,46822,47109,13807,10292,9100,
2013,6336,5000,25098,21972,10212,31012,16197,62259,55490,16142,37260,13615,31151,22849,24144,18114,4309,4007,3328,
2200,3644,1546,12245,8037,7926,18042,5454,35451,31460,14306,23032,7934,22371,17417,25046,14267,2888,3973,2206,
1149,1176,447,4127,2807,5376,5837,1526,12688,9695,8386,7470,3121,10068,4534,18285,7818,1566,2626,1955,
149,574,271,1152,1195,1311,1381,462,3365,1807,2636,3160,688,3519,873,11444,4421,396,495,404,
499,689,704,321,669,1197,850,318,1359,1053,2337,1369,660,1574,107,8039,3893,0,270,148,
27845,80278,135705,232139,191941,87052,272778,255559,402732,338068,254841,522806,360553,312223,255568,461316,314084,94469,66796,49985,
7071,17187,13934,60719,52049,38744,106448,56015,198140,175185,116680,208176,83142,150513,106917,283659,155369,35216,28376,19062,
7343,13472,7528,37930,34602,40918,88801,31634,166669,139457,138969,194466,60036,144812,96347,445679,184474,30204,27921,24031,
3910,4903,2944,17109,9609,30921,34953,10461,75682,51045,113014,87297,31469,75236,45107,431470,137079,19502,15650,15984,
2092,1588,722,5033,2402,11808,13050,3965,20631,12094,62816,32650,11490,24363,10507,288961,76483,7827,6750,5028,
2457,2519,813,3745,2394,8878,8865,1672,9901,3104,34805,23556,3498,6590,3896,245299,74222,2156,3877,2605,
2662,13778,18097,32954,27909,11681,31734,33175,54895,40608,28939,71954,41207,34989,31346,47791,31011,13954,7670,5410,
1047,1700,1626,8425,6996,3445,11921,6529,25171,22985,10742,21319,8810,15698,8633,27817,17357,3287,2553,1892,
763,996,656,4551,3495,4364,6126,2746,17160,12890,12233,17449,5572,14740,7606,35956,13545,1429,2774,2158,
160,282,0,900,1141,2921,3972,1475,5905,5224,7902,7988,1826,5755,3552,24532,10597,1527,716,1206,
224,292,52,578,385,1209,1751,0,1372,497,3956,3810,965,1454,898,18953,4268,920,384,98,
192,0,0,73,0,824,680,108,407,268,2520,1382,281,900,0,11979,3633,372,301,0,
146978,1442204,1429817,133766,468861,613530,4370485,2019218,237743,856996,1425265,4738596,1541410,169206,324227,2408666,1557553,321465,53932,52600,
17452,82791,29651,9221,46336,205578,844707,126539,34269,157494,568488,1173482,148607,25776,60289,1191660,488275,43795,7784,10239,
14059,31631,10474,3633,15889,143772,382735,47015,15732,59635,579962,645271,63517,20592,32850,1528108,380704,32782,7982,12620,
5472,10104,3973,1723,4241,62307,90773,13983,8231,19175,256827,186123,21856,10867,13859,992154,206290,14323,4280,10462,
2009,3952,1988,264,904,16864,32552,6085,2761,3898,79684,68135,6356,3303,3000,419567,97013,5679,1947,4111,
2289,4843,2824,482,1175,12280,17633,3954,1072,1956,35408,39322,2686,1142,1424,258941,70164,2524,1582,1364,
8114,107886,117615,9642,36987,19368,173785,126379,11581,50724,34160,163340,77394,5892,17468,25548,24092,11129,1447,1495,
1345,4947,1773,523,2000,6867,24244,6735,823,6822,9727,32890,5341,1459,1753,14958,8981,1301,401,123,
467,2049,410,167,804,3795,9906,1699,645,2550,7910,11166,2144,724,1186,13747,6140,1095,31,312,
898,704,383,0,159,992,1692,132,105,126,2399,3111,302,190,993,7961,1341,201,158,0,
0,97,75,52,0,79,194,74,102,0,1043,587,343,0,0,3792,799,0,0,125,
49,205,268,75,0,58,139,267,89,132,478,546,158,0,92,2160,570,0,0,0,
35972,378593,430507,41529,138663,98469,789985,513682,50494,227829,218409,895760,403541,36591,102016,212685,181711,50003,7960,8656,
6158,24356,10644,3421,12505,49089,191105,40406,11256,45378,113939,283433,48628,8343,21992,156758,83293,14021,1305,3374,
3900,9356,4689,1620,5388,32888,88013,13199,7546,20370,124546,152775,18467,6459,11869,207887,67258,7329,1898,3358,
1759,2670,809,472,1590,10483,19347,3395,4100,5625,55939,41120,5409,3352,4312,137270,30444,3239,1519,1690,
502,2114,972,547,132,5357,6812,1763,582,1378,18016,13930,1462,813,1303,57510,13883,883,284,92,
274,1069,1111,387,512,1197,3661,1629,426,750,5608,7392,1005,534,359,31441,9570,173,401,124,
6732,51685,59937,6671,22412,22731,163240,103114,14667,48861,47812,204956,95208,9111,22212,65925,55542,20964,1022,1183,
1905,5734,2466,333,3075,11199,37175,11408,2166,11121,26764,58268,10838,1812,3436,46677,27999,3790,0,358,
888,1753,713,181,616,4363,15993,5118,922,2908,22380,26234,4550,1164,1291,47383,19555,2482,554,318,
66,352,15,122,204,2809,3739,294,267,687,8723,8262,1795,726,579,27478,9337,1011,394,476,
0,229,170,0,0,326,1555,32,344,195,2161,1471,543,53,45,11145,3931,0,0,393,
75,262,0,0,0,522,410,0,40,266,2115,547,184,189,0,6372,1521,0,0,0,
28790,195878,247782,24847,112462,109112,758154,402816,46051,169303,308646,1073653,466798,42300,82989,585946,426997,114821,16259,14424,
5986,19775,13048,2714,13163,42225,194329,40858,10999,44136,139619,324491,55633,11138,25439,371070,213735,27261,4266,5940,
4021,9326,3630,1554,4388,39376,105502,15348,6692,17533,170898,218322,27074,8678,12782,530791,201024,20116,5666,6823,
1502,1924,2256,570,2050,15835,27159,4817,2530,4558,96318,70781,11387,4398,6730,395855,101728,9820,2914,3711,
791,1392,1558,427,585,5510,10014,2277,735,1122,33606,23771,2164,2137,2728,192624,46611,3697,1450,1424,
421,2042,2451,300,954,4395,4179,1547,194,340,15172,14011,2337,436,1000,106272,28173,1076,327,1054,
14609,108822,202558,134479,196056,25520,138784,169115,121001,230873,54203,165117,105818,75005,116245,59685,50313,16900,7488,14836,
4766,14193,18780,30078,43956,13698,48768,42403,57495,104704,36394,78139,41994,36625,61056,43273,34273,9151,4139,6970,
2560,6064,7235,20345,30325,15642,34857,22709,44510,81776,47175,73172,31714,46159,58545,77624,42147,10359,6609,9755,
2587,2129,2915,8028,13830,6502,14113,7952,21954,39948,28719,35229,18625,27604,34347,81009,28944,7316,5743,6776,
939,1412,1836,3066,4536,2430,4207,2410,4996,10504,16136,10613,7218,9005,9917,54828,14487,4098,2284,2677,
532,925,1245,2487,3189,912,1670,1519,2997,3978,5498,5362,1036,2959,2734,42183,8134,2149,445,851,
3454,24370,50745,33893,47565,5755,42306,46591,38476,67410,8335,36879,26289,14883,27148,8389,8460,4526,1661,4323,
1507,3058,5875,5252,6222,3453,8441,9041,9747,17927,6123,14567,8452,7457,10111,5892,5339,2045,1163,604,
1078,2157,2091,4571,4373,2991,6923,4491,6668,12989,6168,12920,4697,5249,10067,10746,6992,1210,945,676,
910,1051,661,1415,2000,1242,2191,1577,3537,3889,2958,4709,3030,4077,4820,7980,2344,1203,776,854,
132,665,353,473,323,378,446,667,1649,2676,1566,1508,550,293,901,3465,1161,380,48,156,
617,172,403,175,293,147,219,466,596,639,272,681,117,530,745,2562,780,0,0,199,
9571,96912,168780,73668,120514,11115,84929,117306,69968,136777,18754,86810,53164,30147,57078,12595,13040,4284,3019,4274,
765,4695,4634,7006,8193,2849,11480,9784,12410,23821,5517,17866,6360,8141,11867,3610,5088,1360,617,1739,
1407,1699,2506,4762,6545,1574,5793,5575,5172,9759,3684,9355,3024,5005,7508,4302,3471,524,1114,1658,
748,699,937,1415,1160,697,1341,1567,2799,3921,1572,2510,1406,1412,1913,2317,930,963,60,150,
357,0,189,255,733,649,397,335,390,1082,410,628,139,512,526,1122,947,0,59,60,
116,410,349,175,371,334,400,405,439,1298,286,306,692,73,13,814,167,180,0,0,
5302,22909,64470,50498,70969,11297,47010,66003,48703,83306,25271,81189,57235,27401,46978,33386,25841,10850,3431,8595,
859,5704,6729,10251,14858,5313,15309,12883,14910,24467,15733,32914,14278,15673,21432,21715,17140,4488,2425,2005,
830,1818,2804,4261,8380,2653,12880,9044,10092,18679,15924,23039,10561,13718,15572,38044,16002,4062,1890,1853,
623,428,1498,1646,3006,1596,3744,2600,4379,8640,7273,7982,4592,5005,9399,31217,11926,2645,1898,2188,
132,331,727,351,949,951,625,253,1169,2669,3985,2726,1274,2633,2065,19568,4450,1234,363,659,
255,346,79,618,1473,633,291,568,1023,1073,1636,1370,371,469,965,7830,2092,211,0,119,
1046,3482,8475,10175,11346,2551,8029,11426,7592,13331,2645,12089,6971,4122,7882,2106,2916,1061,294,760,
220,94,340,719,2076,951,2238,2045,2834,4400,1042,3687,1439,2123,2508,2248,1542,470,260,216,
58,200,312,510,1216,691,813,691,1381,3568,567,1055,546,1889,703,2128,1303,241,224,422,
0,0,120,256,474,172,960,94,340,777,208,608,427,351,0,502,318,117,119,0,
0,0,0,0,17,81,261,172,75,154,152,448,132,0,137,1032,270,0,0,116,
0,0,0,0,165,0,0,89,0,0,237,171,0,0,117,165,207,0,0,0,
13935,176052,237120,14202,86551,43543,322733,260937,15558,120401,113117,474148,174316,9126,56725,112851,95369,19173,700,3599,
3793,13657,13316,1500,8894,16479,69907,27691,2175,24837,55056,164484,28436,3645,12395,82800,65583,7229,569,1619,
1985,4260,4731,538,3548,10191,33206,8445,1158,11294,54834,79976,13216,3075,9254,116350,46458,3936,851,2273,
716,1204,1994,119,473,4164,7445,4048,721,3329,23002,15819,2930,1810,3939,85382,19454,2396,526,552,
541,497,1099,158,249,1327,2885,1547,923,1116,6486,5555,1167,503,1016,32128,5595,228,253,322,
79,809,1214,87,864,543,1350,1606,85,842,2556,1781,390,15,55,13819,3877,542,157,0,
1920,29552,35633,1762,13009,4405,38588,36683,1714,17066,9117,44068,18677,1231,5364,7214,6270,1543,0,554,
416,1109,1970,218,796,1463,6104,3671,298,1532,2847,9914,1357,98,966,5181,2890,0,0,0,
438,317,636,0,359,887,1520,659,376,748,2641,3868,1804,102,1211,4343,2660,94,92,251,
354,111,0,0,0,539,804,393,180,384,445,463,0,66,184,997,0,0,66,0,
197,93,0,0,0,55,0,174,0,171,133,192,108,0,0,669,217,0,0,0,
73,0,348,0,219,226,49,192,266,73,79,0,0,59,0,200,0,0,0,0,
22574,308307,415971,22956,120293,51443,406304,386098,22021,160669,93744,498813,226585,14144,78090,61256,70757,17682,1784,3658,
4763,15510,17700,1811,12702,12541,71121,35079,3038,25090,50124,150125,32004,3988,16249,42048,39889,4367,372,1303,
5572,8921,6340,686,3976,10805,29885,12665,1363,11135,38326,79186,14931,2367,10291,63100,33043,2510,513,625,
2096,3038,2825,392,1383,2970,7320,3562,933,3467,17480,16921,4187,1047,3839,39969,11462,1791,539,794,
380,1141,1875,0,304,799,1497,1891,510,957,3190,3397,1461,288,851,15816,2770,1196,226,0,
222,558,1861,0,474,262,2011,2512,96,692,2276,2732,251,0,618,4991,761,243,250,0,
932,6746,16978,697,4160,1720,14283,13994,803,5919,4875,16971,8560,479,3490,2939,3762,1645,0,163,
268,564,657,0,248,1132,2542,1475,258,481,1756,5854,1637,0,280,2196,2424,408,145,0,
88,400,110,82,0,348,1457,236,184,332,1094,2356,240,148,278,2524,1452,0,0,74,
0,111,0,0,30,289,576,202,0,0,208,234,76,0,253,1576,486,220,0,135,
135,195,0,0,0,26,0,0,0,0,285,0,0,0,0,683,201,196,0,0,
0,0,81,0,0,0,188,0,0,0,0,325,0,0,0,0,0,0,0,0,
4383,38388,122601,6228,31175,15345,95891,94785,5978,38481,33873,158022,66074,3462,17354,56118,49338,12187,364,2906,
1448,3986,5963,278,3316,5559,25176,11780,687,4825,22381,63525,13292,1312,5535,39048,27594,3989,180,642,
769,2921,2483,234,1700,3638,13501,3676,565,4503,20280,38371,4019,1468,2827,59491,26824,2314,810,1047,
627,635,1071,216,734,1166,1543,806,536,2811,11173,9562,2004,868,3183,45119,11597,1224,491,960,
196,540,374,0,698,684,955,211,0,345,3550,2410,600,164,491,19672,4461,1400,81,120,
171,195,852,0,283,125,1167,1685,0,433,872,1377,574,0,32,7901,699,59,0,0,
10339,57992,89983,37285,68169,17475,56412,53508,28649,54125,31454,105952,51460,28343,46314,113514,80355,21750,10800,21207,
3026,5837,11207,9714,15440,5733,12753,13035,13832,15801,14632,28892,12600,14942,15228,49072,35005,6651,5875,9821,
2262,5004,3592,7365,8651,5845,10320,3907,12184,11091,19731,34560,8615,17141,14432,98886,46119,3965,8016,7887,
1929,1858,1008,3808,2180,3141,3796,2135,5628,4505,18870,18599,3619,13400,6514,156037,36388,4124,5464,3367,
503,1000,852,659,443,1343,1744,742,2803,1415,8555,6766,2248,3895,2033,146381,21487,2188,2991,3129,
1317,1140,644,1074,494,1228,599,812,932,500,5944,2214,397,750,782,140854,15648,915,1192,2172,
1226,6035,10681,5469,9968,2479,8763,8959,4470,9262,4232,12397,6728,3365,6013,10241,8361,3164,966,2744,
265,617,1280,1380,1885,389,1581,1900,2027,4387,1634,3813,1351,2574,1874,3594,4122,1064,496,635,
578,764,529,809,910,931,695,1032,1645,1670,2240,3570,1255,1242,1238,9026,3392,631,485,400,
366,61,106,540,303,224,453,117,558,422,843,1531,761,1167,583,9234,1990,196,471,216,
454,0,0,164,103,54,0,0,0,260,862,252,66,132,203,7753,1123,39,66,242,
490,59,53,92,0,213,225,101,0,0,303,0,211,0,184,3274,445,0,0,118,
1114,5710,8026,4795,8062,1520,8630,8557,3859,8687,4916,14471,6706,4284,5051,5590,4945,1549,674,2209,
0,400,451,475,1411,576,967,1353,477,1377,853,3395,950,1097,729,2777,2531,340,220,590,
91,490,292,232,841,66,512,384,555,311,1684,2380,859,1096,994,4147,1837,580,134,144,
197,226,140,90,0,342,198,107,158,134,294,325,218,554,566,2325,941,0,250,66,
81,93,0,0,0,0,0,107,0,130,207,263,0,76,171,1931,225,0,105,91,
0,0,0,0,0,0,147,0,0,0,175,0,0,0,0,480,132,66,53,0,
2121,3509,9146,5284,5578,2529,8850,10236,5052,5320,13539,27316,13257,3588,7270,64143,23909,6773,2693,5550,
197,705,905,1008,1710,661,1436,1590,1430,2043,3547,3556,1939,1916,2065,19256,8866,1208,740,1012,
331,454,0,610,676,772,495,814,1149,1032,3939,5521,2213,2909,1156,39127,10306,1034,1626,1075,
201,66,95,201,200,398,617,552,203,198,3151,2160,1607,789,158,39949,6739,761,634,111,
0,0,86,0,165,216,266,0,213,76,1977,1252,173,172,145,28954,3503,0,343,578,
0,147,15,0,0,107,108,0,0,0,1198,247,106,309,103,16198,2980,491,79,98,
146,399,906,1063,467,280,1018,1010,285,905,1025,2520,1527,830,1682,3762,1527,865,92,210,
0,0,0,115,0,45,226,288,91,273,358,715,245,146,0,1363,860,196,203,0,
79,0,0,87,0,340,300,144,107,0,946,160,0,91,0,1527,1133,0,0,0,
53,0,0,0,0,0,0,0,0,0,119,689,88,92,0,2222,429,0,93,220,
0,0,0,0,0,0,0,0,0,0,79,132,88,0,0,1291,335,0,0,0,
0,0,0,0,87,0,0,0,140,0,83,108,0,0,0,522,170,0,0,0,
12763,82776,102723,17545,104471,20064,116172,80399,8946,54615,47782,199623,74884,7470,33660,172764,148801,38702,3526,17477,
2521,6329,5948,1362,9740,6554,15941,9331,1194,9987,19990,48924,11838,590,7684,69259,45960,7058,379,4696,
1498,3619,1592,1064,4291,4682,8741,2938,704,4791,20756,31752,4472,591,2380,105855,41410,3459,441,2157,
264,1112,633,239,647,3231,3680,1017,0,960,12926,8475,1689,925,550,103063,17160,812,443,1619,
934,407,487,0,606,592,1408,431,80,200,4988,2309,468,197,451,60671,8437,821,419,363,
373,221,103,0,223,53,647,240,0,0,1998,1128,97,0,93,30693,5837,53,237,483,
928,5627,7247,1105,8407,745,7577,6770,488,3774,2008,11619,3419,514,2024,5581,5089,2430,78,1212,
297,646,284,240,663,664,1029,972,0,650,490,2706,203,0,294,2342,944,326,0,428,
701,172,0,0,222,0,168,0,0,0,827,708,146,0,93,2725,1698,30,0,0,
105,249,0,0,80,0,296,0,0,0,317,487,0,105,0,2262,253,0,0,0,
0,0,0,0,0,0,0,0,0,0,0,0,0,0,0,676,0,0,0,0,
0,0,0,0,79,0,0,0,0,0,242,323,0,0,0,642,0,0,0,0,
1882,17019,23217,3699,15587,3231,21630,17662,1886,9678,9420,39786,18315,1106,5007,17095,17033,7519,816,3663,
524,481,1667,120,1562,953,2968,2110,230,1534,4169,12381,2526,528,1723,9546,8180,2082,0,756,
374,561,639,161,835,1347,1087,721,193,661,3913,6661,693,567,556,15654,8331,343,96,531,
393,0,599,0,205,286,1156,435,29,0,1965,2173,922,71,474,13747,3354,261,79,93,
108,0,0,0,0,0,0,76,0,123,1548,590,170,53,0,6167,1651,171,0,0,
0,324,97,66,0,68,104,0,0,0,444,184,0,0,79,4965,460,0,0,52,
309,1434,2118,209,1335,236,1820,3662,208,887,1402,8075,4055,61,285,5754,5255,1185,516,53,
0,74,240,0,132,312,256,192,0,173,783,1655,531,0,132,2166,2182,572,0,151,
0,0,0,0,310,94,204,161,0,227,726,1405,177,0,220,5583,1213,309,212,209,
0,0,198,0,0,0,0,183,0,0,232,210,324,0,0,3337,327,137,0,0,
0,0,0,0,0,0,0,0,0,0,132,0,0,0,0,734,444,27,66,0,
0,0,0,0,0,0,0,0,0,0,0,0,0,0,0,422,110,0,0,0,
328,3857,6157,1011,5783,3492,12031,11706,1469,2616,11803,33012,13644,666,2078,40659,25394,8113,855,2308,
121,414,788,154,622,833,2455,740,245,362,2638,6535,1125,401,240,18538,8598,1198,79,547,
136,465,770,0,425,790,1020,519,0,0,3709,3221,1082,145,359,29646,8599,780,0,325,
167,146,176,0,0,255,466,107,0,0,1965,949,159,179,0,22241,6313,521,0,0,
0,0,120,0,151,79,88,0,0,0,1679,433,106,0,39,11815,2028,505,0,105,
0,0,0,0,47,0,297,0,0,0,106,594,0,0,0,7107,835,373,0,101,
50593,248324,566235,834818,643293,39577,173364,189740,248582,231554,64160,187435,108677,111898,103958,56564,44317,20356,25430,21439,
17270,40091,64386,170590,147442,19895,47454,35182,79278,77838,34110,67984,31615,50757,42625,35805,22911,6741,7710,5972,
10252,25034,22089,92624,82860,17983,38713,19110,64402,57486,42698,67130,23174,57067,41100,60951,26589,6620,8434,5435,
6442,8754,5238,27871,22751,12530,13099,4981,25264,21346,31184,32134,19645,28408,20885,67119,21637,6333,3524,2371,
3357,4450,3116,11463,7163,5185,5411,1833,7373,7403,16092,13493,7091,8177,6891,50171,11468,1693,1571,1759,
2989,2833,2600,8995,6523,1960,3469,1495,3233,2550,8868,6646,1768,3270,1764,50133,11514,837,898,1414,
10825,54887,178228,282054,166332,6908,38956,57605,62620,55655,9123,33104,24438,26184,23288,8039,6602,4881,5724,5546,
2768,5247,9901,30031,19583,3159,6842,6603,14885,13158,4919,10241,5756,7030,7634,4091,2887,1145,942,965,
2508,3074,4111,10582,9972,1644,5096,2913,7911,6768,4670,9933,3251,6767,3895,6002,2768,1293,1512,427,
482,697,731,2922,2916,1001,1868,1129,3078,1495,3206,2672,1981,4184,1614,4214,1799,429,254,353,
484,473,749,1125,1087,27,584,411,697,877,1483,1958,468,1092,639,3144,540,0,190,196,
437,431,364,1172,1323,219,228,110,549,581,499,868,106,278,320,1894,1210,93,80,118,
6842,63494,103591,117240,115269,8185,42441,43626,45887,52272,9133,42721,26573,19999,18042,5409,7046,2322,2583,3190,
1302,3440,4886,13137,9638,1891,7200,4023,7464,8456,4866,10069,2705,2441,4103,2771,1798,851,430,110,
1824,1901,1008,5261,3489,898,3231,1682,3027,4612,1873,4005,1516,2054,2762,2671,2761,491,190,266,
226,564,145,1239,386,387,629,505,806,790,1203,1101,668,1080,603,1169,1064,346,474,79,
0,154,330,491,515,0,420,445,224,233,572,525,276,309,164,920,123,0,0,0,
53,407,126,672,373,83,203,132,0,204,622,124,0,85,0,372,245,235,0,0,
7890,26261,95913,156579,85643,8579,30157,41700,47669,38713,18780,47490,35795,22679,19346,25453,19478,8169,5348,3998,
1648,5567,6216,17784,10425,2942,8943,6271,13159,11091,10927,19282,9769,7189,5609,11672,8369,2246,982,2174,
742,1647,2142,5165,4814,2663,5760,3154,7338,6786,11521,12331,4731,8205,6649,21524,9746,2492,1638,1192,
875,766,393,1011,1286,1282,2470,1506,2707,1737,5849,5871,3143,4328,2550,17230,5607,1312,688,557,
632,785,224,663,494,363,446,369,879,577,2653,2259,1374,976,677,10581,3349,590,402,306,
374,93,206,513,413,621,219,0,340,0,1530,1661,447,835,105,8770,1796,201,119,0,
894,3198,9727,16025,8775,451,4276,5060,6197,4913,2386,6143,5169,2975,3168,3208,1940,1518,462,403,
271,476,656,2132,934,1126,1275,1685,2407,1118,677,1854,469,823,784,866,959,338,0,237,
92,39,264,317,176,370,549,352,428,353,829,1528,290,1493,1001,1986,840,294,110,106,
126,0,0,0,150,231,237,0,137,304,430,829,325,0,216,1258,737,119,66,156,
121,172,0,191,0,0,0,0,145,187,258,312,105,105,0,643,305,0,0,75,
0,0,53,30,0,0,0,0,217,0,0,0,0,0,0,746,0,0,0,0,
40406,409705,647566,170469,469351,59827,479390,295731,34760,137499,124374,522046,180814,15928,60541,117103,96011,37160,4332,13588,
5706,22300,15360,3441,21334,19016,76679,15679,3663,12265,46167,117188,17671,1802,5387,63092,29212,3683,381,1255,
4724,6999,5128,1843,5714,11379,30694,5107,1646,3356,34253,55410,7804,1476,2331,80857,25409,2694,440,591,
2283,1745,1933,779,1983,5026,6694,1339,544,695,15530,15896,2338,727,723,44966,10725,1754,177,464,
1330,1366,948,409,1186,1541,3504,1387,355,237,4664,5228,699,256,243,17041,2849,251,425,0,
388,1015,2603,251,1368,639,1384,512,102,0,2391,2243,342,94,273,10016,1261,0,145,84,
3345,51689,85425,18073,59228,5378,41747,32984,3231,17573,8596,40477,18078,2308,5674,3341,5043,3500,528,2329,
1106,2754,1545,169,1530,1777,5968,1523,528,1239,2056,7034,1550,158,633,1675,1465,697,0,106,
729,791,673,0,451,890,2059,760,145,118,2002,2639,66,0,105,1857,592,0,0,0,
211,0,106,0,157,166,349,92,0,0,791,561,73,79,0,1559,427,0,0,0,
66,171,0,0,171,0,0,0,0,0,62,0,0,0,0,869,224,0,0,0,
0,0,176,297,380,0,192,37,0,105,79,328,160,0,0,185,0,79,141,0,
19658,188101,274035,38985,154608,21109,176032,113503,11105,54795,39877,193763,80638,5207,24108,23365,25223,12725,687,4865,
3354,7854,10282,1190,8846,5506,28923,8405,951,5091,17173,48410,8784,1011,2753,16377,9835,1913,0,1011,
1823,3015,2804,459,1411,4168,13213,2825,320,2623,11267,22925,3738,493,1474,17508,8974,556,30,178,
970,1608,403,88,567,1814,1915,561,490,342,6522,5575,1004,454,788,9184,4381,641,249,165,
193,497,1149,197,492,1012,1336,156,304,183,1590,1062,228,146,75,4179,853,85,0,120,
237,634,713,288,967,443,935,164,0,276,573,645,86,0,138,1400,690,120,0,0,
1323,14037,20733,4942,14075,2411,13850,10099,647,4521,4272,18340,10873,890,2245,5629,5847,1547,229,503,
661,1163,579,494,319,634,3098,553,136,656,1953,5503,1236,89,193,1855,1384,404,0,0,
0,79,202,0,0,413,1265,829,79,169,752,2879,191,76,0,3355,1513,351,0,0,
0,100,0,181,0,0,620,146,99,0,382,435,0,0,46,1087,90,131,0,0,
0,0,0,0,0,0,162,0,0,0,158,0,0,0,0,757,272,147,0,0,
0,119,0,0,0,0,0,0,0,0,159,0,0,0,0,0,0,0,0,0,
4802,20857,52668,7159,31057,5171,40561,29948,3852,10735,16572,65212,25836,1731,7405,21875,17964,4641,485,1383,
816,2375,2293,267,1974,2171,11496,2614,405,1861,7471,21043,4339,589,1295,16002,10216,736,0,511,
300,1615,247,144,853,2524,5891,706,487,667,8041,15916,2530,461,649,22463,9687,1972,110,448,
0,833,118,0,0,721,1344,442,0,341,3720,3159,940,249,646,17400,3675,564,0,0,
123,90,117,0,93,362,249,53,0,230,1288,1104,523,503,0,6671,1823,65,0,0,
0,126,219,0,203,0,137,0,0,145,531,605,256,0,0,3777,662,0,0,0,
2238,10603,19101,26681,22435,2950,10168,15939,25306,16447,6509,11044,10674,14465,7931,5778,4791,808,1446,1135,
565,1225,1399,5788,4345,570,3077,2027,9401,6902,3341,4625,3378,5411,4328,3126,1751,80,647,281,
662,589,647,3187,2028,1311,2406,1033,6373,5598,3703,4397,2039,6921,3416,5397,2411,1056,121,186,
141,438,198,2007,779,1856,1090,382,3564,2108,3076,1882,1467,4055,2130,5967,1998,313,314,435,
315,200,30,266,92,618,404,14,925,790,1114,989,361,1306,1359,3819,1012,129,387,176,
0,71,0,643,324,107,136,27,500,500,1314,66,179,219,75,1464,220,238,0,0,
259,1724,5768,6972,4791,722,2139,3468,5292,2961,691,2941,1541,2474,2783,128,301,355,835,16,
328,52,207,887,976,197,415,366,1365,655,334,110,339,833,582,178,243,364,37,42,
52,194,218,432,339,285,179,211,1238,184,685,377,517,636,392,930,90,0,59,0,
0,0,191,431,0,40,486,0,189,95,0,184,36,456,110,199,30,0,0,0,
0,46,0,94,0,107,0,0,31,90,322,194,0,92,56,265,114,0,0,0,
0,110,133,285,0,0,29,0,24,0,0,87,0,0,0,0,0,145,0,0,
336,2913,10357,12088,5881,765,2690,5904,6510,5822,790,3329,3245,4094,2585,566,448,468,436,188,
58,61,216,282,424,105,285,1165,1020,903,172,237,234,701,287,715,0,0,45,0,
0,0,239,299,267,21,271,244,663,509,306,268,97,75,96,271,53,344,0,161,
0,42,0,0,0,0,0,0,63,66,125,221,0,147,66,0,0,121,0,0,
0,0,0,44,0,0,0,0,44,117,132,0,0,0,21,272,0,0,0,0,
41,0,0,0,193,74,0,0,42,0,0,0,0,0,0,0,0,0,0,0,
335,1858,3800,5346,4064,926,3731,4391,5096,3125,2686,5371,3329,5511,3500,2146,1557,1305,430,637,
0,43,167,526,386,0,1938,819,1521,1409,1462,1740,497,972,684,1233,741,120,406,39,
76,67,88,763,452,335,495,184,2164,554,1062,1730,545,1740,520,1133,1259,249,177,163,
227,60,0,128,136,42,560,203,306,433,642,373,277,435,214,1866,691,66,338,305,
0,0,40,121,60,0,26,0,503,0,150,352,0,0,0,1143,337,75,0,136,
0,54,0,37,0,0,0,0,0,0,147,0,0,199,0,667,580,0,41,0,
0,640,829,1218,607,210,658,1450,999,581,110,602,202,628,627,0,266,0,78,109,
0,136,0,126,126,0,105,0,218,340,241,0,0,0,0,0,247,0,0,183,
0,0,0,0,0,156,231,0,18,0,322,105,0,84,0,146,0,0,213,46,
0,0,79,0,0,0,0,0,0,0,272,0,0,0,203,264,98,0,0,0,
0,0,0,0,0,0,0,0,0,0,0,0,0,0,0,158,0,0,0,0,
0,0,0,0,0,0,0,0,158,0,0,0,0,0,0,0,0,0,0,0,
3451,20316,28587,4331,12011,6018,41115,28897,2056,8582,10761,42192,20839,1497,5815,7186,8106,1445,226,1004,
0,1090,975,286,1415,1611,4842,1544,265,1192,4955,10496,1735,448,735,6583,1728,46,29,182,
160,783,209,42,0,1092,2167,322,409,481,4543,3750,870,109,659,6121,1086,460,0,106,
157,82,214,0,0,29,383,497,0,36,1163,651,0,0,110,2900,904,41,0,0,
0,85,40,0,0,0,109,0,0,0,157,205,0,40,0,451,117,0,0,0,
0,0,0,46,0,101,496,0,0,92,118,0,51,0,0,954,0,0,0,0,
752,3422,5089,80,1181,569,4614,4002,352,854,758,3747,1231,53,355,384,384,197,0,105,
0,443,336,0,0,63,113,354,0,0,85,511,0,0,0,116,181,0,72,0,
165,0,84,286,0,185,45,76,0,0,282,349,0,0,0,0,0,0,0,0,
0,0,0,0,0,0,0,0,0,0,0,0,0,0,0,0,0,0,0,0,
0,0,0,0,0,0,0,0,0,0,103,45,0,0,0,0,53,0,0,0,
0,0,147,0,0,0,0,0,0,0,0,0,0,0,0,0,0,0,0,0,
1570,12489,18182,2133,6560,2463,17153,20393,1876,4981,6619,23163,13099,1806,3211,3026,2874,671,55,248,
359,778,439,138,292,380,2715,353,116,560,2790,4140,1262,42,389,3067,772,63,74,0,
317,43,39,55,111,29,345,405,0,420,2034,2299,158,443,343,1892,886,244,0,67,
40,0,101,0,0,266,0,0,40,0,532,137,228,0,112,1722,105,0,0,0,
0,0,0,0,0,0,84,251,147,0,456,123,105,397,0,191,0,134,0,0,
0,0,0,0,0,40,0,0,0,182,117,0,105,0,0,118,0,0,0,0,
236,1466,1854,219,464,193,2501,2000,340,500,888,3251,1520,130,780,418,212,278,0,0,
173,0,0,0,0,66,473,153,0,92,268,1040,163,0,0,266,79,0,0,0,
0,0,185,0,0,0,151,0,0,0,226,361,0,96,105,145,139,0,0,0,
0,0,0,0,0,125,0,0,0,0,0,0,0,0,0,154,0,0,0,0,
0,0,0,0,0,0,0,0,0,0,0,0,0,0,0,0,0,0,0,0,
0,0,0,0,66,0,0,0,0,0,129,0,0,0,0,84,0,0,0,0,
246,2516,3979,308,1457,747,5513,5277,201,2592,2962,9985,4256,797,541,3042,2737,1274,392,116,
105,163,188,73,166,192,1143,421,0,55,1258,3024,333,91,100,1238,1094,384,0,0,
0,0,200,0,187,223,603,0,124,75,1300,597,86,0,0,2309,1099,0,112,0,
0,0,0,0,40,120,52,0,0,0,973,576,0,60,26,837,119,126,0,0,
0,0,0,0,147,95,0,157,0,0,0,381,0,0,0,159,0,170,0,0,
0,0,0,0,0,0,0,0,0,0,0,0,0,0,0,693,241,0,0,0,
839,2111,2557,1942,3575,728,2255,1343,2343,2751,1043,3029,1254,1069,2280,1347,986,423,915,571,
202,176,362,830,495,139,1179,679,386,857,715,911,751,804,1053,966,883,84,166,195,
185,734,427,272,318,498,825,27,411,377,574,1460,428,506,465,1554,685,202,199,113,
208,0,0,235,0,387,186,0,158,54,624,977,266,56,93,2067,319,0,178,206,
62,127,234,0,0,95,0,0,373,183,0,264,0,84,313,1531,513,0,0,0,
0,0,0,110,0,0,54,0,0,0,593,147,0,176,0,2390,181,265,164,0,
96,140,525,739,177,309,599,1191,377,220,102,390,0,464,147,147,171,178,0,108,
0,0,121,0,0,0,86,120,0,131,212,0,0,37,0,127,0,0,0,130,
0,91,73,31,102,0,0,0,336,421,0,0,0,0,106,164,0,0,46,0,
0,0,0,0,0,0,58,0,103,0,81,0,0,0,0,272,132,0,0,0,
0,0,0,104,0,0,0,0,0,0,0,0,0,0,0,61,0,0,0,0,
0,0,0,0,0,0,0,0,0,0,0,0,0,0,0,104,71,0,0,0,
145,415,753,723,213,196,484,225,630,621,54,1114,310,229,562,191,271,0,0,0,
0,122,0,0,0,0,94,0,216,0,88,221,0,151,110,0,0,0,0,0,
0,0,0,0,0,0,0,0,0,132,0,39,0,0,0,240,0,0,143,0,
0,92,0,0,0,138,0,0,52,0,0,130,0,0,0,0,0,0,0,0,
0,0,0,0,0,0,0,0,0,0,0,0,0,0,0,0,0,0,0,0,
0,0,0,0,0,0,0,0,0,0,0,0,0,0,0,0,0,0,0,0,
0,41,829,1235,176,250,748,917,590,282,675,1177,1187,935,574,1279,737,662,415,350,
106,0,185,197,119,0,422,81,177,437,79,300,293,421,0,571,130,271,0,0,
0,0,0,0,0,0,176,232,182,56,211,219,0,108,0,500,240,190,134,123,
0,0,0,0,0,0,0,178,0,0,237,157,94,258,0,641,65,0,105,0,
0,0,0,0,0,0,0,0,0,0,0,0,0,0,0,992,110,0,0,112,
0,0,0,0,0,0,158,0,0,0,0,0,0,0,0,813,102,0,0,0,
0,96,0,234,166,0,0,0,107,94,355,0,68,0,92,0,65,130,0,0,
0,0,0,0,0,0,0,0,94,0,0,0,0,0,0,53,203,0,0,0,
0,0,0,0,0,0,0,0,0,37,118,0,0,0,84,170,0,0,0,0,
0,0,0,0,0,0,0,0,0,0,93,0,0,0,0,0,104,0,0,0,
0,0,0,0,0,0,0,0,0,0,0,0,0,0,0,409,172,0,0,0,
0,0,0,0,0,0,0,0,0,0,0,0,0,0,0,0,0,0,0,0,
474,3481,3895,39,1962,728,5560,3712,0,1312,1251,6772,3288,697,268,4143,2531,1019,211,474,
15,196,230,0,54,455,290,530,0,288,935,1471,213,202,0,1650,601,93,0,0,
0,394,97,0,94,322,580,0,0,40,495,561,401,0,0,2465,417,59,0,0,
0,0,0,0,0,96,31,95,0,0,533,357,140,0,0,1212,95,0,0,0,
0,0,0,0,0,59,67,0,0,0,308,0,105,0,0,1089,0,0,92,0,
0,0,0,0,0,0,270,0,0,0,91,0,0,0,0,405,151,0,0,0,
0,380,359,74,111,83,787,395,0,284,0,274,283,0,0,0,106,138,0,0,
0,74,0,0,0,0,74,0,0,0,0,102,0,0,166,92,0,0,0,0,
0,0,0,0,0,88,0,0,0,0,0,146,0,0,0,158,0,0,0,0,
0,0,0,0,0,0,0,0,0,0,0,0,0,0,0,0,0,0,0,0,
0,0,0,0,0,0,0,0,0,0,0,0,0,0,0,0,0,0,0,0,
0,0,0,0,0,0,0,0,0,0,0,0,0,0,0,0,0,0,0,0,
272,901,1890,219,441,323,1455,536,121,449,415,2462,1907,0,0,640,834,311,0,0,
132,241,294,0,0,0,239,80,0,204,0,398,132,0,37,310,450,0,0,0,
0,0,55,0,0,79,225,0,0,86,191,329,350,0,0,696,61,137,0,0,
0,0,132,0,0,0,0,0,0,0,72,40,0,0,0,302,0,30,0,0,
0,0,0,0,0,0,0,0,0,0,0,0,0,0,0,125,92,0,0,0,
0,0,0,0,0,0,0,0,0,0,0,53,0,0,0,0,0,0,0,0,
0,40,213,0,0,0,101,0,0,235,93,499,212,0,66,352,413,0,0,117,
0,52,0,0,0,0,0,0,0,0,188,277,0,0,0,158,0,0,0,0,
0,0,0,0,0,0,0,0,0,0,66,0,0,0,0,0,132,0,0,0,
0,0,0,0,0,0,0,0,0,0,0,0,0,0,0,0,0,0,0,0,
0,0,0,0,0,0,0,0,0,0,0,0,0,0,0,0,0,0,0,0,
0,0,0,0,0,0,0,0,0,0,0,0,0,0,0,0,108,0,0,0,
0,0,834,0,158,212,897,361,0,204,705,1396,857,0,66,1356,1788,378,218,158,
0,0,0,0,0,0,0,118,0,0,158,365,81,0,0,451,168,66,0,0,
93,0,0,0,0,0,321,0,0,0,364,422,0,0,0,1099,308,0,0,0,
0,0,0,0,0,0,106,0,0,151,0,30,0,0,0,353,110,0,0,0,
0,0,0,0,0,0,0,0,0,0,0,0,0,0,0,183,0,0,0,0,
0,102,0,0,0,0,0,0,0,0,0,0,0,0,0,185,0,0,0,0,
3889,23806,30455,19466,25951,5676,22333,21051,26611,25325,13953,32793,19302,17696,18439,18367,14161,3740,4521,4029,
1517,2612,2361,5525,6443,1842,5637,3750,11182,11121,6083,9917,5906,10079,7057,8971,5449,2115,1097,1858,
630,2245,1036,5176,4057,2552,6329,3006,11062,7060,8526,11247,4155,10526,8079,17621,9024,2843,2377,1230,
711,585,281,1705,1589,2300,2782,950,5083,3345,9314,6031,3276,6178,3405,25441,7623,1461,1760,1371,
405,221,234,578,640,1741,853,552,1536,1487,3107,2123,1221,3721,869,17452,3939,232,528,426,
344,620,0,656,301,655,313,269,435,337,2631,2085,165,291,343,17285,2750,292,553,108,
726,5203,6821,5099,4889,921,6386,5317,5370,5455,3366,7806,2405,3950,4045,2429,2784,1383,897,564,
341,505,404,1270,394,535,1291,492,1609,1576,1133,1327,1075,1055,1357,1579,343,160,166,542,
284,427,170,586,567,1019,721,569,1562,1510,1689,1280,440,1184,1148,2089,1000,702,126,0,
0,181,0,395,0,209,582,111,854,213,577,441,640,820,253,1237,843,160,397,53,
303,158,0,114,0,59,0,0,0,111,171,280,0,119,90,1049,376,240,264,176,
206,0,0,0,118,206,43,93,319,0,415,135,119,0,52,885,303,0,187,97,
944,8460,12050,6544,6880,621,6528,6281,6156,7872,975,7902,3612,3730,4931,1120,2008,415,428,148,
136,289,478,438,1356,386,889,560,1227,1102,502,1142,1022,986,660,228,1622,248,196,0,
49,0,0,392,79,176,327,546,489,540,455,365,463,1260,1105,875,265,210,0,120,
97,121,0,0,505,108,46,66,90,457,563,267,184,223,0,253,427,15,0,0,
0,0,0,233,107,0,0,0,0,343,144,0,103,106,0,106,0,174,0,153,
0,282,0,0,0,0,0,0,91,0,0,0,0,0,0,198,0,0,0,0,
532,2001,6038,6918,6618,2055,7485,8441,9505,10225,6119,18096,11303,7912,8196,12074,7106,2720,2305,2877,
105,271,698,1690,2158,1069,2695,2933,2798,2417,2584,4683,2683,2171,1874,5875,3548,1234,1264,753,
341,274,267,1050,659,1376,1218,1296,1949,2861,2665,4690,833,2493,1861,8120,4830,575,645,706,
0,119,0,496,131,364,311,462,653,582,1833,1891,732,858,406,8838,2506,488,202,458,
117,0,152,20,153,576,484,0,398,300,1227,444,238,640,92,6177,1142,171,105,53,
197,161,0,0,0,574,0,160,406,0,694,633,29,0,156,2534,706,0,0,131,
270,359,1047,1178,1332,328,692,1296,1927,462,865,3280,1084,1460,1065,739,451,0,0,138,
0,79,167,133,95,53,120,317,37,172,147,740,330,324,171,925,451,0,0,0,
0,0,0,52,0,175,105,0,601,135,0,579,169,372,0,714,279,0,0,0,
0,0,0,81,0,0,0,270,0,30,245,414,0,0,0,771,520,0,0,55,
0,0,0,0,0,0,92,0,0,0,0,0,0,27,0,502,0,0,0,0,
0,0,0,0,0,0,0,0,0,0,0,0,0,0,0,388,73,0,172,0,
4395,40683,41093,3458,14186,10210,60653,43243,2791,13671,26050,86115,32459,4615,8717,30226,24628,8688,829,812,
714,2005,1730,251,1503,1933,11267,3202,510,1680,7333,21209,4972,913,1088,16394,7762,1714,380,315,
767,1649,487,174,245,1473,3420,1982,489,777,8269,9689,1900,673,949,16790,7638,809,210,598,
301,297,550,206,0,1115,1852,557,66,339,4143,3380,88,437,372,11111,2480,732,0,0,
196,287,0,84,0,450,216,0,0,0,1692,1051,0,179,26,5243,1068,44,0,0,
0,0,93,42,0,174,328,0,0,0,196,366,0,0,30,3355,637,15,0,0,
974,6517,4535,149,1038,937,6240,5584,88,740,1523,6804,3582,170,598,1110,752,728,0,0,
0,167,110,156,31,181,573,391,108,0,671,1599,273,0,79,417,368,0,0,0,
0,0,0,0,0,0,407,61,0,0,318,1514,0,0,0,701,406,105,0,0,
92,0,120,0,0,211,176,53,168,0,41,159,0,0,0,168,92,0,0,0,
0,0,0,0,0,0,0,0,0,0,0,0,0,0,0,47,0,0,0,0,
0,0,0,0,0,0,0,0,0,0,102,105,0,0,0,0,0,0,0,0,
2642,23146,22118,1709,6366,4143,26313,21780,1738,7463,9384,37410,17533,807,4228,9263,5576,2351,0,357,
477,1427,976,360,477,588,3518,2513,305,965,3100,10700,2110,30,589,2933,1691,248,0,275,
243,197,384,66,477,846,1516,888,361,329,2794,5463,714,38,463,5004,2211,254,0,0,
223,105,90,0,0,361,0,190,372,208,1931,1835,490,0,108,3802,694,622,0,0,
147,69,0,0,111,74,158,0,92,105,680,271,343,0,0,1245,170,473,0,29,
0,272,203,0,0,0,305,0,0,0,499,121,185,0,0,587,79,0,0,131,
88,1377,2363,30,478,254,3208,3552,483,240,1244,5004,4087,580,865,1554,1719,605,0,0,
105,110,132,161,0,108,817,335,184,89,279,1606,806,0,0,873,758,66,0,0,
0,0,94,0,0,0,334,122,0,0,106,1022,0,0,0,714,243,106,79,0,
0,0,0,0,0,106,0,0,0,0,138,145,0,0,0,298,0,147,0,0,
0,0,92,0,0,99,0,0,0,0,0,162,0,0,0,155,0,0,0,0,
0,131,0,0,0,0,0,0,0,0,0,0,0,0,0,145,145,0,0,0,
944,4007,7574,1168,2571,1585,10836,8864,543,1993,5512,22316,11231,2280,3864,11840,8239,3415,251,349,
93,334,372,0,92,544,2434,1398,277,369,2349,6448,2332,296,464,5972,3029,956,172,108,
0,73,86,80,126,518,1931,465,79,109,2240,3748,662,316,153,7970,2684,126,0,176,
0,67,0,0,0,434,79,0,255,140,1297,1509,615,0,376,6433,895,132,0,0,
0,0,0,0,0,224,89,0,0,0,454,615,0,0,0,2012,434,97,111,0,
0,0,0,0,0,83,147,0,0,0,470,92,0,76,0,1718,266,98,0,0
*****
