FPOVGEO2K: 2000 Families by family type, race/ethnicity, poverty, and metro, age 15+, wgtd 5% PUMS, Frey/U-Mich for SSDAN - not for commercial purposes
5
RaceLat,Age,Geo,Pov,FamType
7,6,3,4,3
NLwhite,Black,Asian,Latino,AmIndian,NLOther,NLMulti
<25,25-34,35-44,45-54,55-65,65+
City,Suburb,NonMetro
Poverty,NearPoor,Middle,Comf
MrrCpl,MaleFam,FemlFam
27993,13212,65730,32413,11366,26763,205123,39689,47764,32012,6650,4615,
31411,14914,73317,40783,12346,30767,246860,46575,47921,40584,9227,4285,
31741,10909,59504,35705,7968,19441,162234,21610,19095,12656,1847,1184,
75432,18527,121852,99121,15969,67174,1224091,107923,193199,790052,31696,23990,
95764,20921,148444,138587,20544,82849,1704026,130938,230485,1057460,36455,25174,
88895,17217,102878,117250,15584,52552,880290,63080,83984,174899,6359,3104,
91687,22677,119988,103133,18447,77035,1785896,157461,404040,1402741,54634,66114,
126702,30163,152423,162061,24740,105620,2852152,210881,520104,2191346,73082,89665,
105484,23934,96867,125913,17518,65042,1347603,102326,185355,390630,14733,10638,
62802,13539,46888,60210,10635,36127,1179747,108550,296829,1853481,69066,107995,
88438,16336,53061,86271,12781,44356,1845303,136817,371440,2892413,95614,146088,
79288,13700,35381,75835,9226,26632,1063032,69304,127667,749856,18727,18425,
62514,6082,21096,52686,4597,17108,804560,42043,139485,1237401,31727,61062,
92200,6643,24488,80264,6257,21123,1259722,53181,175521,1912120,44813,83834,
85151,6156,19547,73575,5024,14330,802308,25359,66756,552507,8558,12769,
79552,5828,28467,125420,6400,34604,1534457,63507,276642,1062327,39203,112434,
104771,5868,31366,170948,8437,41334,2213270,82024,331715,1360557,50981,142684,
82679,5297,23241,146520,5960,28649,1190303,36587,141011,437022,11633,30888,
11524,11807,138309,8040,5856,33269,32978,17287,43392,3261,2522,2373,
4979,4746,48597,4814,2268,14162,18867,8383,19160,1761,1391,1458,
2841,2546,29197,1935,1046,5976,7439,2724,4496,178,166,149,
35864,20862,261728,34511,12704,101129,238022,52998,188967,60801,9711,12395,
15275,8093,91487,17784,6157,41963,156308,29685,99241,57058,5429,7901,
11293,4295,55693,11321,2330,18683,48129,6476,19797,4741,523,742,
46829,22750,226199,40784,13477,101450,354191,62275,288352,125572,12759,28007,
20592,8876,80313,22441,5485,42352,244466,33871,146492,124162,8034,20902,
15160,5064,50611,14058,3188,23407,81864,9910,37515,12061,1227,2250,
32061,13587,98607,24468,8442,46965,246500,41191,201999,168649,12912,44248,
14786,5254,34092,12557,3372,18341,152676,20157,95367,140821,7960,28478,
12074,4296,24432,10314,2236,12132,64396,8435,29120,20694,1092,3102,
23737,8338,54662,19310,4765,26012,153644,21099,111008,106091,7414,28737,
12476,2573,17170,9737,1434,9969,82246,8888,42594,83558,4809,13892,
10584,2097,15628,7146,893,6521,37000,3021,14972,12643,624,1668,
27635,7674,53945,29296,6031,37632,172809,28758,131621,64421,9001,31549,
13489,2917,17433,14780,2338,13620,76867,9847,47506,35872,3667,11527,
12807,3166,18892,13728,2081,11937,35986,5467,28158,7608,882,3160,
2185,3325,4093,1290,896,1399,6429,4573,3902,1402,1216,652,
804,1563,2642,844,504,756,4683,3117,2081,1345,1129,553,
235,294,362,115,9,59,669,310,264,86,103,52,
19791,2903,8046,14508,2129,3308,93515,14125,13900,71035,6913,4758,
10473,1611,4134,8648,1109,2446,75192,9379,9270,74958,5024,3036,
1567,317,818,1185,205,452,7200,768,719,2199,105,80,
33099,2702,11544,24296,1661,5397,157342,10984,20199,98251,4342,5829,
17746,1511,7346,14975,1146,2862,141310,7732,16731,119807,4041,5651,
2215,251,1105,2044,146,554,12329,1113,1740,4901,192,192,
22092,2350,8381,18577,1841,4067,123164,7782,20029,90302,3282,7903,
11870,861,4031,10798,659,2662,106484,5593,16023,108413,3160,7041,
1528,223,697,713,56,363,9338,608,1628,7169,176,223,
8458,1132,2566,7830,540,1559,59980,3393,11700,61797,2169,5561,
4747,431,1029,3939,445,898,42665,2231,6984,67479,1781,3920,
415,116,293,490,39,104,4507,295,693,4619,101,231,
12792,609,2255,12835,551,1637,48585,4094,12401,32470,1816,6178,
5837,429,1037,6115,258,1327,30495,2000,6115,24992,1318,3119,
489,36,79,431,80,169,6277,441,1165,3171,187,510,
39808,17646,52418,31130,13185,14414,81654,37679,22362,6108,2803,1133,
16658,8430,20923,14902,6885,6868,48569,22498,12322,4116,2124,1011,
7500,3088,7487,5759,1945,1710,13792,4770,1624,570,272,134,
149031,29883,121481,129305,24232,41678,426852,81117,73533,75342,10450,5026,
73530,13873,47576,73028,12841,19530,291017,49840,42341,63964,7238,3630,
22360,4648,12618,22076,3734,4777,57115,9070,5863,4018,594,218,
139107,21514,119221,124068,16779,49879,458492,61352,103554,103170,10007,9923,
66322,10986,46094,71503,9669,24997,344939,39479,64987,104008,6978,7543,
20044,2724,13160,20244,2542,5954,64146,7020,8864,8590,646,510,
57579,10159,53411,55150,7827,28234,287140,34772,82175,104652,7617,13499,
27966,5276,17912,31130,4552,12490,202649,21751,46688,96256,6108,9299,
10032,1521,5180,8973,936,3092,43465,3822,5744,12207,605,496,
28623,4140,20022,23031,3431,11869,141526,14772,41704,56253,3672,7585,
13036,2191,7894,14394,1420,4768,99428,8108,23633,55595,2702,4983,
6311,954,2792,5327,598,1141,21944,1293,3211,7285,224,402,
26805,3979,18613,32037,3109,13307,119651,12962,44514,32219,2888,8091,
13284,1401,6033,18724,1526,5354,84458,7034,23400,28006,1919,5544,
6048,724,3112,6847,514,2135,20376,1536,4906,4077,277,633,
884,941,2753,924,409,1033,3230,869,1209,347,277,90,
1026,403,2691,791,278,585,2847,904,984,144,117,110,
1263,1036,3149,979,443,739,1770,820,884,232,120,35,
3001,1093,6441,2935,1097,2015,15328,3576,4331,3541,370,223,
2858,1047,5407,3331,402,1886,14960,1856,2908,3360,215,304,
4750,1590,6671,3608,777,2258,13082,1974,3047,1513,148,114,
3701,1266,5552,3489,659,2632,19349,2814,6895,5285,900,886,
3616,1384,5687,3829,740,2350,21360,2845,6547,7214,539,683,
5965,2139,6944,4418,762,3006,19224,2834,5819,3395,365,392,
1887,403,2682,1401,255,1754,12985,1806,5324,8076,381,793,
2139,671,2188,1767,437,1331,15736,2158,4892,10852,623,823,
4206,1021,3659,2670,523,1711,15067,1965,4434,5641,526,526,
985,304,1030,663,253,816,5976,1019,2503,4392,171,475,
1412,304,1239,1186,151,443,8855,802,1735,5108,324,506,
2773,704,2376,2031,326,1046,7926,860,2676,2943,168,306,
760,249,952,995,247,675,4919,561,2587,1745,245,690,
950,243,1065,1161,233,677,6144,727,2334,2361,203,625,
2338,411,2566,2104,290,1718,6734,941,3003,1628,176,426,
464,174,702,55,133,84,637,314,327,67,50,63,
187,64,323,70,3,127,334,163,82,57,25,0,
0,0,21,0,0,31,72,0,7,0,6,0,
725,184,1199,547,24,308,4055,537,911,1380,102,90,
488,8,674,430,87,371,2524,251,601,1300,54,72,
127,0,92,75,37,85,511,74,61,77,0,0,
1261,175,956,682,88,241,5849,768,1600,2206,155,169,
673,130,614,540,164,376,3648,299,1198,1980,52,210,
49,30,117,70,0,49,665,57,127,96,0,20,
715,89,397,471,41,278,3213,322,945,2220,121,271,
244,24,188,97,30,118,2610,253,649,2664,130,132,
13,0,49,87,0,0,741,27,205,337,22,0,
337,37,314,195,13,111,1570,196,470,1045,20,161,
256,24,42,128,0,13,875,58,375,1217,70,75,
67,0,21,45,0,0,396,0,21,116,0,0,
509,92,70,319,27,106,1279,143,355,620,142,219,
117,9,129,145,0,132,823,179,281,647,14,72,
22,0,29,22,0,40,314,4,23,70,0,18,
1845,1987,6196,1338,788,2377,6502,3369,3351,782,660,384,
1074,1303,3689,1190,519,1109,6732,1729,2343,524,697,193,
671,375,2000,451,333,565,1436,645,695,168,24,96,
7396,2100,11333,5470,1323,4911,35725,6949,11360,13953,2003,1141,
4571,1454,6675,4182,892,3180,31719,4915,7186,14398,1263,1136,
1389,639,2872,1916,277,1022,9042,1134,1782,1661,155,116,
10412,2023,9462,7318,1563,4606,49342,7168,15286,22035,1910,2279,
5884,1396,5700,5121,713,4013,45413,5924,13001,25838,1929,1884,
2200,687,2714,2152,403,1631,13751,1449,2875,3623,234,223,
5260,1249,4831,4577,786,2208,31651,4249,10658,23225,1688,2415,
3279,965,2971,2720,526,1900,32146,3509,8239,26177,1226,2678,
1467,431,1179,1159,328,656,11494,1127,2232,4944,105,415,
2996,523,2225,2195,217,1220,16262,2043,5046,13646,612,1686,
1928,372,1276,1736,195,694,15765,1292,3946,14972,513,1200,
1286,210,623,808,46,413,7364,311,1130,4063,83,141,
2980,460,1725,2879,391,1549,15317,1771,5453,6802,683,1813,
1414,213,1036,2569,145,1055,15283,1335,4340,7477,607,1245,
814,168,428,1663,98,492,6785,459,1432,2191,109,240
*****
