HOUSNG2K: 2000 Households by household type, housing, race/ethnicity, and homeownership, age 15+, wgtd 1% PUMS, Frey/U-Mich for SSDAN - not for commercial purposes.
5
RaceLat,Age,Homeownr,Housing,HHType
7,6,2,5,5
NLWhite,Black,Asian,Latino,AmIndian,NLOther,NLMulti
15-24,25-34,35-44,45-54,55-64,65+
Homeownr,Renter
House,Apt2-9,Apt10+,MobHome,Other
MrrdCpl,MaleFam,FemlFam,MaleNonf,FemlNonf
231079,35985,41415,93042,51308,6757,1919,2153,9233,6945,3283,949,1207,6713,6674,123007,16783,22324,40757,18092,272,84,202,933,774,
175628,44027,78185,188937,124719,172662,48794,134984,353714,357553,122658,33299,85356,362978,382037,50316,13145,26276,40685,21125,92,132,92,649,233,
3930223,176839,295574,619364,309864,86496,8463,11464,59438,33882,33218,1929,5351,46376,40943,503768,50308,95942,105628,37082,1311,514,91,2902,529,
872646,103749,272567,344332,187556,540182,84368,276709,612720,453962,352072,42313,135738,580765,429841,128963,24752,64333,59365,23211,73,0,120,671,480,
8468019,402557,882149,969542,577634,108708,12433,28282,74396,48998,44290,3932,9892,55256,52594,568122,69839,133216,161388,65311,3941,810,624,5106,753,
868435,125389,352582,320966,158973,330647,73555,277677,439387,285169,198178,35787,127923,405048,236896,97957,25082,59111,68240,28630,349,105,128,2652,782,
8479945,363666,797776,981242,1022557,124920,12377,31069,69358,70110,52871,3700,11636,47033,65102,462260,43510,77348,152431,122332,7183,370,235,7701,1957,
539268,70299,149849,228631,174065,211132,45546,141526,311024,283337,127785,26147,71788,275536,236402,55289,12101,19337,52522,32171,745,146,259,2217,970,
5887894,158686,431274,647172,1112725,122416,5927,19021,46356,81186,63329,1883,7493,36959,62402,392832,18990,48952,121132,174234,12108,233,372,5889,1976,
269361,21019,55873,112249,126220,123760,14366,47490,151282,199571,86139,11203,30988,161403,209649,28635,3817,10485,31739,31445,581,0,0,1711,355,
6834803,243333,875429,1165346,3564846,236818,14168,43823,74633,250642,193117,3820,14190,68069,250973,554889,19521,72483,189895,454842,12624,266,262,7277,3261,
247852,18769,79304,139418,358653,166551,15283,59224,165678,551818,235371,9674,43278,303745,1121057,32350,3220,13207,33246,65957,709,87,178,2198,2132,
12329,13278,18193,7333,5984,558,1028,2682,1475,1052,609,390,1447,726,883,4567,2626,5093,2629,813,0,0,0,0,86,
21151,10613,62463,14867,16829,29441,21937,147990,41669,62094,22846,17106,95074,57801,64965,2818,1023,7579,2380,1145,0,0,0,0,212,
276624,39224,123219,50929,41299,8602,3540,8254,6238,7910,3191,1411,3594,4660,5421,39905,6547,24487,8116,4961,40,0,0,0,0,
134259,36662,226432,44057,23543,134808,38859,295143,102448,89598,102354,32894,194991,124853,111434,10349,2396,14920,5386,2829,0,63,69,0,164,
637944,69381,292134,94007,74349,25134,5216,15048,8180,6261,5416,708,4391,4598,5505,58577,7669,45318,13235,6492,224,76,215,46,166,
150106,36110,248080,57349,32895,121516,35446,264305,110231,80149,90922,26667,168150,119006,86889,9333,4847,15951,8897,3112,207,0,355,135,88,
623429,56698,254195,106383,136458,23187,4913,12838,9212,11533,4509,576,4040,4226,7828,45803,5043,22699,11809,11083,331,0,0,0,125,
82697,18538,119629,48481,51528,65613,19186,120586,83303,85196,56539,17754,80885,91629,87710,4257,1489,6663,6439,4218,92,0,179,164,60,
409021,36849,166105,73913,129101,18118,3053,10969,6336,9135,3814,738,2175,1824,7185,21327,1574,10664,8614,9431,357,0,0,82,132,
40132,10127,52532,29445,34277,28414,7606,45239,43582,56029,23334,5535,38121,57918,69362,1362,352,2863,3794,3230,0,0,0,0,0,
395519,55170,255840,108386,276103,21617,3784,18404,10578,22457,3838,108,2944,3887,7640,15316,1561,14564,10016,14811,0,0,0,74,165,
28736,11325,51611,32983,61012,20727,6829,42516,42743,76070,23024,5470,32393,66400,157731,2155,540,2164,2871,4348,0,0,0,0,132,
4632,3362,2664,2376,1227,739,329,173,726,745,382,525,0,626,1176,162,92,116,105,252,0,0,0,198,0,
3044,1909,2483,3942,3458,5560,3777,4153,22023,16128,5956,5999,6880,39898,36332,0,47,0,152,0,0,0,0,0,0,
131332,15247,11947,17511,10398,9400,2314,621,3310,2582,6035,843,1095,5066,5975,2257,893,989,629,489,0,0,0,0,0,
35011,5506,8773,12241,5486,71516,9225,14905,48889,24692,117575,9572,14685,86698,54221,1132,48,615,256,110,0,0,0,135,0,
373831,18384,27425,20058,12316,20009,1734,2977,2785,2253,11531,827,2351,4921,3931,5276,78,399,703,329,0,0,0,0,0,
59196,5857,12563,6656,2805,70326,5907,13735,14954,10086,87434,7060,11411,25112,17721,979,261,749,404,0,117,0,0,79,0,
350400,13920,42235,12678,18776,16138,1729,3042,2579,3301,9429,1313,1788,2987,3604,3226,37,429,344,676,0,0,246,0,0,
43113,3259,7845,4238,3259,42431,4631,11238,10449,7500,44041,2990,11571,15554,12501,1279,116,277,419,330,0,0,0,0,0,
185934,6630,20279,7877,16699,8207,789,2095,655,1561,5316,175,583,1337,2545,2553,31,313,416,1020,0,0,0,0,118,
19571,1728,3739,1928,2878,16608,1259,3949,4714,5042,20718,1650,5296,5650,7637,613,0,161,0,272,0,0,0,0,0,
111552,7116,24300,9679,28324,7179,392,1382,595,3279,5486,135,1058,1111,4978,1638,158,300,292,1557,0,0,0,0,0,
15945,1684,3895,3170,5608,12950,950,3856,2398,7280,27125,1933,4537,11367,29172,668,0,39,98,420,0,0,0,145,0,
38153,13152,12036,7471,3016,3057,2210,1694,1339,232,1981,567,993,827,533,13726,5340,3204,2582,509,136,45,0,147,0,
48576,19265,24786,18380,11446,72267,37888,54970,41503,23151,73289,36756,45896,54953,43431,14721,6209,2953,5687,925,90,145,240,0,176,
470317,45012,57023,34220,14985,31554,4429,5815,4029,1268,10160,725,2794,4447,2405,79684,9092,12771,5907,2065,440,0,270,0,432,
242039,47416,78293,36780,11797,269866,65792,109195,73070,36084,247602,59305,105809,94404,48776,36009,10169,9283,11382,822,444,0,0,432,107,
795376,59233,116254,49955,25355,44778,4971,7964,4510,3304,10930,2094,3454,5431,3477,74137,8589,15313,7112,2691,291,0,136,215,0,
216422,32269,91778,29318,11178,179218,43558,106038,55637,22010,162422,38736,107309,61450,27613,24526,4543,6677,5847,1222,536,0,77,385,0,
573964,40622,100382,37315,36947,31335,1768,9149,4793,3095,7600,1358,3354,3761,5434,37227,4736,8973,6155,3880,359,92,0,108,171,
108836,18006,45262,20771,10081,83041,20831,59270,29571,22891,85165,21031,56397,39640,35997,8443,2243,3371,3948,1607,160,0,0,351,0,
303223,16710,59186,23148,41950,16633,1439,5491,2008,3669,5497,682,1546,2676,3184,20235,1335,3670,4608,5729,32,0,218,382,204,
39079,7994,16928,10118,9091,33825,7726,17509,15714,18030,38516,7168,25398,22430,30607,2944,791,864,1689,1264,255,0,0,137,48,
269381,20692,75930,33700,83261,16776,1473,3794,2543,6034,8810,422,1164,3608,9073,15112,2623,3674,5197,7062,195,0,26,79,31,
26621,3838,14673,10797,19769,22692,3365,16338,16149,26424,29437,3829,21011,26675,74233,2373,401,1222,1786,2327,0,0,0,0,245,
2016,761,1669,823,540,148,0,0,0,0,0,0,0,0,40,2599,351,594,915,536,0,0,0,0,0,
4220,1456,2978,2327,1439,3112,1259,4841,2155,4049,1376,1217,1679,3039,3710,753,451,955,710,62,0,0,0,0,0,
29975,2585,7681,4035,2054,876,0,54,400,0,0,0,0,79,0,9166,1616,3495,1674,736,29,0,0,0,0,
17694,3527,11740,4795,1498,8625,2682,6361,5340,3837,4713,1093,3798,4397,2811,2810,1114,1947,1137,385,0,0,0,0,0,
56379,5683,16644,10547,4098,967,89,358,547,220,0,0,226,0,132,12356,1176,4467,2018,957,168,0,76,27,0,
19077,3774,11604,5657,1889,6535,1474,7076,4664,3834,5088,1222,3824,4489,2872,3033,1324,2021,838,738,0,66,0,0,0,
51293,3957,12236,6143,6315,845,66,67,267,267,530,0,79,208,155,11083,1048,2294,2389,1501,40,110,0,40,116,
9329,3284,7669,3716,3040,4224,1414,3917,3882,3013,2153,1066,1748,3844,2602,1978,393,645,1193,718,0,0,0,489,53,
32157,1861,7869,5019,7454,690,145,47,95,693,110,0,95,145,0,5926,137,1486,1923,1942,184,0,0,42,30,
6080,746,3302,1568,2333,2197,1052,965,1845,2355,826,430,1122,1399,2841,676,110,342,1295,269,0,0,0,0,0,
25976,2132,11556,5329,11725,650,95,430,89,321,214,0,0,98,260,3770,394,763,1245,1907,27,0,0,0,0,
1470,797,2419,2470,2549,458,222,1005,1320,2748,346,49,1039,1608,3459,88,0,390,373,486,0,0,0,0,78,
431,0,0,432,0,172,88,0,0,94,0,0,0,0,0,131,0,0,180,211,0,0,0,0,0,
129,0,382,105,279,895,194,212,1163,534,624,366,686,884,404,0,0,14,0,0,0,0,0,0,0,
4547,252,420,453,477,430,58,228,120,0,296,111,0,108,0,176,0,372,67,0,0,0,0,0,0,
1293,639,1448,635,158,2764,284,1153,1968,1740,2986,329,934,3487,979,453,0,0,0,135,0,0,0,0,0,
9922,892,1545,1122,1241,1582,0,154,102,0,0,145,132,105,308,224,61,0,0,0,0,66,0,0,0,
2785,436,1369,200,367,2439,880,1392,1497,499,2313,505,317,1546,838,108,0,0,0,0,81,0,0,0,0,
7703,399,1117,989,400,756,0,0,264,315,252,0,0,0,126,55,0,0,184,213,0,0,0,0,0,
1148,90,850,407,593,1470,287,482,1363,889,429,312,190,787,692,83,0,129,0,0,0,0,0,93,0,
4617,150,482,715,503,862,0,111,70,175,0,0,0,0,135,121,92,0,0,271,0,0,0,0,0,
0,52,0,92,306,669,213,294,195,725,729,0,381,259,160,0,0,0,195,0,0,0,0,0,0,
3078,0,894,1073,1287,336,118,0,0,118,73,0,0,0,0,30,0,79,54,362,0,0,0,0,0,
158,0,459,108,359,418,120,214,418,557,201,0,162,1005,1391,0,0,0,0,0,0,0,0,0,0,
2714,2394,2582,1963,995,320,218,394,288,146,0,228,0,105,253,1071,0,479,781,63,0,0,92,0,0,
4537,1705,2762,5876,2870,6927,2376,9839,12708,11311,4493,4056,5596,10679,13779,895,0,170,784,177,0,0,0,0,0,
50615,6005,8044,9134,5104,3709,334,912,1578,1463,1293,421,726,1007,571,5027,767,1715,1331,453,121,0,0,0,0,
22787,4313,12137,9052,4125,26190,5181,17259,20137,15784,24899,5725,13780,27713,13439,2107,451,1053,956,168,0,0,0,0,0,
116445,8507,17817,14299,7120,5691,400,1179,2861,385,2040,0,462,759,1223,7547,1267,1892,2019,1204,102,0,90,446,0,
24910,4264,10896,8591,2563,21921,4886,15889,13318,7943,20182,2701,10987,17223,7134,2446,654,1110,1635,764,0,92,111,83,0,
97168,7223,17873,12769,10289,3243,627,1649,1319,962,1158,117,423,1233,2094,7067,1808,1141,2286,2763,0,0,0,106,53,
15588,3770,6793,5447,4310,13675,3128,7028,9709,7659,7852,2815,7144,10779,7304,592,243,1063,1523,788,55,0,0,0,110,
56819,3720,8409,8956,11007,3556,311,1273,546,1734,1383,88,131,567,1132,4648,139,781,1681,2484,133,0,130,259,107,
6544,1326,2622,1462,2931,4716,596,2758,3584,6026,4215,641,1208,5172,6520,524,29,409,1255,851,0,0,0,0,0,
48386,4153,14406,9182,25553,2259,97,1065,1136,1826,909,106,305,399,1175,4134,207,988,2239,3777,311,0,0,0,233,
4706,463,2517,2548,5053,3853,218,1959,4076,5896,4424,723,2064,4746,14412,420,30,395,574,565,0,0,0,107,36
*****
