IMMUSA2K: 2000 U.S. Population by race/ethnicity, gender, poverty, immigration status, and state, wgtd 1% PUMS, Frey/U-Mich for SSDAN - not for commercial purposes.
5
StateUSA,RaceLat,Gender,Imm,Pov
8,7,2,4,4
CA,FL,IL,NJ,NY,TX,VT,RestofUS
NLWhite,Black,Asian,Latino,AmIndian,NLOther,NLMulti
Male,Female
Native,FB<1980,FB80-89,FB90-00
Poverty,NearPoor,Middle,Comf
440188,351658,3109344,3066337,12329,14361,104235,131635,10582,11237,50620,51023,32090,16335,70736,58593,581719,434159,3281031,2841098,22410,27269,139474,129006,12785,12875,56231,43664,34834,17707,73321,56069,
187051,98641,451261,192754,1238,1344,7727,5841,2859,2611,9671,3403,5535,3691,10020,2346,234878,114059,504957,181313,2292,1172,7414,5419,2280,1054,9782,2097,7181,4613,12017,2331,
76801,41188,294999,231363,18542,16038,135352,138995,43943,37834,208579,124556,77000,47195,206861,93444,78043,43185,271193,216911,26244,23682,148585,160424,58258,47411,224011,132176,88187,48779,249157,110910,
561034,420452,1518626,389615,88068,94638,391686,72988,178020,167310,456487,40491,270474,198001,423065,32244,611129,433478,1533095,366995,105835,100988,388964,78704,189404,144878,365770,35575,283957,179928,338970,29154,
20705,13446,63551,22617,1278,1225,3883,699,1373,2243,4889,581,3676,1581,4420,356,27359,14409,64764,19313,1423,500,4444,289,2437,1779,2885,527,3505,989,3167,65,
2913,1504,10933,7380,0,0,1067,792,147,264,804,1081,645,423,2107,685,4443,1697,11463,6643,158,211,937,830,146,474,1055,1424,1822,620,2243,949,
44196,29664,180863,114470,2124,1901,14972,13081,6936,2625,17620,9841,13635,5755,18420,8172,52040,32669,180496,109129,4952,2356,14476,9155,6482,3668,17261,8750,12697,4447,17691,8202,
317438,291199,2621685,1491502,8632,6763,62900,40967,4488,2559,19937,12737,14568,5499,36960,19595,419839,377257,2747149,1414895,14987,13776,85712,47218,6053,2326,20006,11374,14526,6648,41302,20268,
203072,121003,437820,86431,5584,4806,22346,7942,8377,5800,34824,5470,13976,8902,34332,4161,285352,156400,468947,87552,7818,5494,29038,7991,12378,7871,34607,4786,17374,10339,38365,5571,
4930,6415,19054,9472,1544,2564,11979,9178,3374,2404,14346,6402,5438,4094,16961,7903,4709,3898,19587,8744,2188,2371,15925,14421,3671,2906,19754,7741,7742,4944,23454,9995,
77925,65455,316453,83394,20544,21448,123318,52103,29230,24384,119226,20144,71621,48199,163662,20898,91690,65382,312942,83200,33579,28265,142319,60430,30912,22623,114046,18753,73921,45453,128877,17449,
3986,2169,14029,3184,0,91,375,0,172,307,931,85,1166,430,331,123,6036,3067,11595,3052,111,0,357,73,147,271,466,405,1042,367,502,74,
1473,651,3912,1090,209,0,624,270,0,760,943,528,282,393,921,368,1557,1509,4566,846,0,454,1105,453,148,515,1361,577,736,368,1449,356,
12779,7899,45075,16215,1387,1131,5444,2515,2133,1581,9081,1360,6317,2691,11959,1263,17525,10706,49559,11660,1697,1378,5891,2465,2086,2735,6599,1609,3865,2738,10129,2002,
189105,167787,1942615,1469942,4682,3247,47168,37511,1468,2362,20723,15695,8986,5378,45427,22250,272911,227781,2089821,1383099,5826,6770,57629,36932,3538,1452,18241,11203,12173,6981,46328,19125,
198838,79752,378393,131535,124,46,3039,2283,215,494,3135,432,2426,1082,4004,1268,261778,107292,446080,137916,680,0,3555,2721,633,139,3583,681,1637,1715,5533,864,
2610,2249,30778,23027,1114,727,14284,17729,3153,1019,22676,13843,7557,8180,35230,20532,4329,2460,26592,21803,1904,1376,18382,22023,3830,938,23452,14722,8265,6228,35825,21760,
62317,46904,231494,54035,8297,9204,62764,16590,14463,14941,63039,6940,34429,27979,110520,8543,69388,44514,219916,55481,7390,9288,50062,12963,13645,10436,43970,5788,31974,27825,81156,6430,
1769,1221,5582,2587,139,0,707,78,232,0,434,77,93,0,833,402,1948,1405,5965,1905,62,0,231,0,155,0,0,0,62,154,1391,0,
1606,541,2093,867,402,0,215,62,185,0,109,93,339,0,433,0,1947,464,1744,541,0,0,108,93,154,0,0,124,510,0,354,92,
9266,4911,32879,14894,232,447,2439,1516,386,614,2776,944,2261,604,6957,1900,9513,6536,33368,11751,1189,531,2377,1670,819,680,1621,1200,2458,857,5305,1359,
84080,74426,1037112,1224846,5289,4658,47167,52501,993,1458,18136,15602,7637,3246,27609,25610,123546,110406,1162990,1197844,7663,7257,57651,52745,1956,1445,17708,15492,9663,4283,26314,23280,
76121,40175,210252,102187,633,124,6516,3570,1033,976,11705,5357,4036,2358,16626,3993,101315,55711,241340,98375,1498,1062,7268,3922,3044,1333,12034,5964,5712,3467,14524,3579,
3058,1942,26003,28455,937,731,10099,22367,3223,2298,25733,26376,11166,4392,37111,34717,1988,1829,26810,30704,855,510,13657,24160,3195,1910,26826,29523,8302,4655,39444,32895,
45608,30851,142685,52362,5711,4073,26923,14635,7950,8651,42978,9354,23569,17896,72770,7259,61327,33684,146447,52142,5659,6150,28020,17655,9657,9804,44072,7476,26575,17033,57535,6559,
927,512,3007,1645,150,0,193,96,413,0,385,0,14,441,510,603,847,442,3542,1025,0,0,165,0,0,0,468,234,206,180,593,69,
125,302,2657,1734,0,138,138,151,137,0,1145,553,385,151,1351,220,522,551,1554,1266,206,0,220,427,110,83,1157,165,413,206,1142,468,
4737,2502,21289,12911,715,469,3175,1688,649,316,6275,2571,3374,771,8547,1569,4687,3619,23594,12296,831,688,2931,1714,1155,839,4429,926,1473,1914,5967,1049,
339128,260650,2439070,1990130,15497,11529,109098,103583,5631,7562,36246,29449,32370,18494,74398,45172,453556,336641,2629388,1927071,26235,22174,128440,104685,9749,6505,34037,25245,38775,23688,79427,39812,
241757,100906,451053,166302,9017,6495,49412,33458,13004,8602,60169,23480,20812,8943,55342,11445,332305,127573,531531,185193,18339,12220,66731,36456,21402,10829,79516,24838,29715,15275,65374,14952,
18515,10831,57118,35922,7378,5598,31296,33040,15253,12051,68530,32043,41293,19701,79352,30343,14826,11155,58084,32831,9995,5845,34001,34236,17939,9338,65219,33788,43419,19847,86608,33581,
199763,85448,330272,102056,13842,8785,57886,18239,26341,26313,91522,12501,60441,42692,134782,15345,259727,94343,342935,100595,26834,16035,70892,25908,45060,24409,79770,12437,71746,40101,101620,12887,
7647,2098,16280,4193,263,132,1112,440,323,175,1026,469,2080,1481,2609,1026,10342,3124,11217,3482,264,58,526,30,351,103,807,690,1510,1070,2566,763,
3917,1408,10461,2992,395,382,1862,719,513,1027,3473,923,1288,308,5146,1494,2494,1085,9900,2759,456,528,2371,527,748,292,4239,792,1420,879,4528,1613,
21960,10127,54571,21520,2375,1580,7126,5560,4627,2434,12295,4362,12183,4003,22544,5058,23732,10681,59028,21452,4444,1994,8182,5398,5719,2914,12390,4528,11412,4724,19329,3854,
335543,294025,2614927,1867696,2960,2762,16296,21184,1054,1247,7987,9530,7126,2012,18871,19518,453479,356149,2716296,1736419,4419,4004,27336,24807,1144,1216,10673,8604,6990,2677,20098,19027,
206722,125165,535266,138525,1382,466,5230,2119,1894,1893,7894,1998,4136,3052,8156,1731,289980,151411,585157,139930,917,512,2872,2422,1747,1185,4378,1472,4736,2814,7779,1655,
10598,6291,45348,21688,3246,1173,18492,18203,5248,4913,30880,17631,11588,10165,45715,23251,10906,4809,39998,17653,3324,2539,23122,22382,6227,4792,32375,18635,13183,10752,52526,24027,
490667,351336,1070024,208859,55506,45334,143045,24274,76825,63350,155440,14883,157646,106708,231650,16512,572018,363276,1092174,199623,63291,48596,132109,23632,81519,54811,121816,12955,167572,94398,170143,12812,
9576,7483,24866,8970,225,46,287,60,481,436,752,526,420,256,436,166,11849,7736,23298,9709,751,331,690,616,376,543,1022,75,992,405,990,0,
450,391,3896,2167,0,120,0,76,0,0,435,60,286,361,603,105,1313,645,2298,1503,0,0,226,0,106,0,886,90,798,195,542,586,
11882,10787,56557,21033,227,663,2806,1790,773,300,2922,886,4134,1943,5290,2498,16304,11865,55018,18630,231,602,3007,2092,1269,678,3074,766,2326,1940,4980,1610,
16780,19494,163252,69961,260,156,1668,1905,0,53,860,443,52,234,2138,678,21189,26165,161353,65614,834,521,3233,1014,0,0,522,392,78,626,1458,105,
0,209,208,495,0,0,0,0,0,0,0,0,235,0,0,0,209,104,1096,286,0,0,0,0,0,0,0,0,0,0,104,0,
156,0,221,339,0,0,417,0,0,0,0,0,0,0,1751,0,319,0,827,0,0,260,156,52,0,0,261,601,0,156,1255,521,
0,52,1984,495,0,0,52,0,0,0,182,0,0,0,0,0,104,157,730,286,0,0,0,52,0,0,131,0,0,0,391,0,
0,183,1064,234,0,0,0,0,0,0,0,0,0,0,0,0,208,547,313,53,0,0,0,0,0,0,0,0,0,0,0,0,
0,157,0,0,0,0,0,0,0,0,0,0,0,0,0,0,0,130,0,0,0,0,0,0,0,0,0,0,0,0,0,0,
0,1094,1626,339,0,0,52,0,0,0,0,0,0,0,78,0,208,677,1311,691,0,0,0,0,0,0,0,0,261,0,209,0,
4321918,3794275,34239605,18654155,31374,32201,296698,258059,12665,12033,91291,87052,74908,30840,222926,132253,5833839,4840767,35201459,17479463,63844,65469,436849,308719,17653,12538,100548,77247,83452,35712,230849,123495,
2086347,1093000,4624622,1270964,4021,4038,37875,21036,9468,5482,52942,14836,34719,17480,83196,16651,2926606,1414934,5101001,1222264,6665,3639,38012,17199,10009,7792,51916,12075,34496,19124,86501,13334,
71882,52892,361961,207806,13158,9846,109862,108083,32968,21537,194976,105390,106661,49454,276205,113231,79565,48431,350891,201398,26474,14953,157026,138261,39882,26432,212720,106688,106732,53298,309398,132460,
523271,378955,1481637,338329,37590,35404,153146,38933,82031,80076,285256,34221,305984,203690,563176,42441,603388,382914,1436445,330914,40042,31233,130360,44861,78380,54382,187476,25970,251647,153128,367051,39920,
211052,111664,417006,97814,876,522,1251,403,1076,253,4119,508,2560,1553,5259,1113,245641,126574,416656,93494,677,348,1952,1294,740,534,2631,359,2251,1802,3478,649,
11666,6968,44992,16056,220,239,2427,692,749,770,4915,1150,5244,1660,7644,1262,14161,7194,46163,17978,81,278,2402,1177,804,1069,4225,1392,3427,1154,8130,1730,
177580,119254,641485,222218,3640,1773,21158,11573,5346,2935,28666,9306,29986,11947,48167,12396,211407,131890,647324,205595,5646,2822,22973,9323,5064,3369,22127,7324,28660,10335,41215,10643
*****
