MARED2K: 2000 Marital status by education, gender, and race/ethnicity, age 15+, wgtd 1% PUMS, Frey/U-Mich for SSDAN - not for commercial purposes.
5
RaceLat,Gender,Age,Educ,Marital
7,2,6,4,5
NLWhite,Black, Asian, Latino,AmIndian,NLOther, NLMulti
Male,Female
15-24,25-34,35-44,45-54,55-64,65+
LTHS,HSGrad,SomeColl,CollGrad
CurMrrd,Widowed,Divorced,Seprated,NevMrrd
244654,4098,22028,19868,5294610,422984,2958,39727,18845,2197123,501618,7066,29543,16809,2886302,95985,293,3643,1230,544056,
636282,5821,137195,42863,450486,1853277,6592,350522,82522,1197714,2219324,4007,291305,61803,1378298,2112733,3404,133579,22580,1612003,
979897,12618,303349,57347,350314,3209865,23369,776284,110422,783338,3306520,17329,631349,88654,714895,3558490,8626,343918,55959,747522,
859396,21220,244980,33667,160743,2565201,33386,627332,65845,313115,3139688,38103,700617,73888,339111,3839245,32534,513477,61258,408656,
1048113,55204,210136,22580,99740,2148326,82596,348260,31733,120900,1878370,53653,299676,26762,90870,2161063,36290,283813,27758,145828,
2480588,628496,227686,36114,169541,2682329,485209,206967,25031,147636,1859122,271861,148432,16468,78243,2123632,245049,156040,16287,117374,
284342,4388,33800,30370,4559690,580547,5572,67676,34303,1483368,791484,9205,57775,31727,2998616,192754,1383,5378,2385,699952,
547199,10873,138891,54421,221491,1908448,17617,377145,111222,593786,2691522,15011,468682,113271,937871,2597436,6380,204146,46920,1409248,
785039,29211,229214,61802,152616,3258698,60747,733164,140126,378647,3922563,58395,905270,139583,504820,3487248,26241,467004,67736,643495,
762939,68867,205190,35895,79034,3116364,147037,713243,85614,194342,3270889,141494,919339,86708,240664,2977325,88880,679383,60934,398834,
966583,251786,225746,27131,60829,2582764,400335,481630,37311,100693,1782576,257882,496150,28537,84302,1358097,139456,345244,19929,147080,
1848943,2833257,306813,39198,161676,3060558,2776807,408711,28914,212067,1536723,1310426,303596,14481,117752,1045188,718377,184269,9512,187255,
120661,6113,3711,6414,1385192,80436,2624,4332,6878,548176,70944,1342,3015,5473,423560,7898,70,832,316,52489,
177475,4171,25733,21484,279852,337994,4752,51444,33075,427981,320036,1678,47692,22130,319098,128558,507,13066,6664,146982,
254120,7396,66165,41215,238854,436147,7703,110646,58554,284116,433126,7981,106506,44588,183302,236236,1628,40342,13815,73620,
215209,13735,80530,38374,117314,308305,12886,101136,46925,101946,316400,8349,106519,35088,80340,199586,3149,49453,11744,33126,
211999,27067,67594,36253,56857,184649,14513,52497,19786,27322,140515,9384,39345,11691,16706,83585,2861,20127,3539,8554,
331981,150158,66736,36033,50290,126376,33729,23924,9703,15335,81573,17412,19582,4812,6614,60805,9722,12129,2650,4471,
60214,3361,4402,8536,1240804,74905,1714,6267,9317,535873,93663,2457,5991,8925,587352,12585,0,449,860,87678,
122292,6774,28083,34987,269623,248245,5305,62736,52995,409598,347273,4052,92631,54858,472675,179177,2183,25314,10044,249790,
174990,15914,76612,59711,212947,352190,19078,143131,82328,285424,462034,18748,205992,88891,290867,255407,6603,84178,22688,130588,
163319,40660,84303,54035,102443,278305,48030,146068,59114,119385,298889,44190,182404,57056,108503,191401,16486,95729,18957,64142,
150575,111615,80882,45732,58623,164886,69547,73047,26632,40691,114608,44331,77360,20482,26604,78511,21330,43152,7082,14890,
221831,588848,83228,41348,69468,112715,198745,52147,14768,26651,63266,90088,30339,5871,13931,53709,59676,24189,2979,9307,
14477,414,469,1346,298782,12690,511,727,608,126002,23320,674,732,1346,240839,8388,0,145,0,80654,
47589,399,4063,1572,43713,60709,293,5544,3548,57937,91663,52,5177,1929,101817,270485,433,9007,2204,238909,
100410,280,6578,2668,18565,93092,574,9252,1945,22792,147799,440,13141,4094,31345,362925,829,13581,3815,55606,
93755,1073,5736,2301,7282,83490,513,7030,2165,7550,121422,323,11526,2668,11586,261389,2250,15271,4509,19004,
56923,1646,3396,1271,3446,47133,1503,4449,1003,2563,57903,1303,3985,1020,3238,145139,2631,6760,1825,5005,
90364,16268,3706,2867,4502,53579,7599,2200,1084,2793,40118,4916,1641,136,1739,84293,7829,3590,1934,4611,
19013,1147,1108,900,259035,25556,303,2075,687,94067,37739,692,1552,1827,237099,23565,121,462,507,79871,
70999,1409,4322,2592,22976,89198,471,8249,1787,29907,151078,436,12062,4804,70231,338258,1103,11350,3494,179857,
130833,2802,10853,3883,13590,136676,1671,12769,3788,13277,189622,3426,20988,5375,22186,344023,2456,21621,6291,46287,
133322,10914,13162,4841,8546,115097,4712,16682,3064,7085,125012,5301,19345,3720,10407,226035,8834,23562,5824,21037,
86219,24370,9304,4330,5131,61047,11104,5495,1885,4633,49461,8711,8197,1138,4806,91712,11877,8742,3268,9753,
86067,120706,9814,4081,6853,55050,45082,5693,1590,3595,30234,19987,3212,1051,2150,37483,20137,3013,540,5463,
314713,2516,8728,16489,1789395,143184,1290,7606,8402,572097,78915,1555,2784,4506,405616,8775,122,202,66,43413,
948662,5654,50662,46151,540991,455974,2815,41866,25506,294261,336950,1356,34366,16715,240952,148141,554,13165,3871,128032,
848481,8640,86885,56453,216287,376330,3803,68067,23117,102805,365174,2363,65460,14585,87191,205633,548,27751,7314,51487,
522887,10234,69478,33634,79931,206285,4475,42075,10734,26423,216727,3634,48782,11193,24158,140513,1161,22962,5107,17945,
301164,16739,43575,19530,31136,100497,4096,19172,5203,9003,86797,2599,14610,3799,5065,58036,1254,8361,825,3929,
312813,63418,36551,17498,24022,73316,12574,9253,3871,5910,53702,6738,5906,2199,3533,41608,5242,5280,1252,2636,
350133,2818,10272,25314,1239622,188395,1405,8594,12773,398461,128662,903,8127,8371,439433,20983,26,1510,1002,54668,
774509,8263,45918,61647,263060,426763,3526,54744,32054,174878,404340,2109,66930,31642,201920,204533,860,18951,6607,122556,
689175,22440,94803,85087,134192,379862,8583,76406,35225,75683,388501,7841,93893,33198,69324,215981,2372,40591,8611,44876,
441515,42703,88686,62478,70583,226775,17564,62852,22165,27879,202242,11631,72849,18251,25566,106787,4843,33384,5895,17458,
272844,74994,66844,33814,40726,106050,21485,32783,10228,11219,78217,13390,26686,5100,8046,34462,6275,11419,2472,5302,
235947,302781,67365,25374,46850,67370,56704,18485,4365,7432,32826,27784,12344,1770,5745,21692,15079,7995,642,4293,
9478,222,422,389,115238,10583,0,788,415,37768,6529,0,802,80,26354,719,0,119,0,1327,
23823,112,3811,1657,22477,27591,153,5955,1490,24684,27621,224,5706,542,20616,8729,116,841,29,8414,
31572,320,7076,2167,14046,39153,465,11668,2289,14566,31265,435,8720,1810,10279,12586,102,2703,199,5645,
17924,820,4824,1286,6511,24100,709,8292,1691,5687,29572,461,9479,1542,4475,14629,176,4938,473,2988,
16230,1449,3559,1337,2603,14590,990,3105,592,1299,13501,418,3411,573,1560,7805,75,1767,0,470,
19125,6237,4116,1300,2731,6112,1294,1319,402,713,6210,674,1478,440,539,4939,920,428,29,358,
12885,131,1094,833,97267,11733,338,539,810,36136,10622,129,915,653,31146,1478,0,0,60,3059,
18781,636,4406,2035,14999,26382,365,6248,1761,18703,32599,939,9546,2112,19989,11832,185,2117,228,7193,
26035,1356,6743,2339,8968,35814,1590,12039,2223,11816,40019,1401,17205,4159,10972,14084,270,6209,584,2888,
17431,2332,5586,2152,4412,25695,2511,8114,2098,3346,26761,2479,12297,2175,2347,10999,328,5675,1111,1403,
16646,5962,5037,1821,2770,14888,3960,3928,330,1481,10949,3037,5992,483,941,4024,1340,2677,208,562,
13328,22684,4794,1270,1682,6585,8454,2410,559,617,4529,4478,1426,178,540,1745,2174,852,0,185,
803,218,106,234,14437,1302,0,0,0,9050,1460,137,0,0,7000,421,0,0,0,1411,
3969,68,312,125,2668,4809,0,443,211,3495,5198,0,772,120,3931,5037,0,566,538,4214,
4195,0,446,190,1499,5620,204,1512,236,2298,5682,0,1048,474,1108,6479,0,875,525,1270,
2754,119,423,0,798,1449,0,619,143,403,4865,53,1648,0,600,3791,0,1859,0,874,
2169,0,724,129,315,1962,0,173,0,0,1706,0,544,73,0,2845,0,340,0,254,
1889,849,148,166,250,1334,30,208,74,0,1073,482,102,231,0,679,165,278,0,194,
1330,0,0,0,13176,2187,0,0,736,5880,1798,0,0,0,6550,896,0,0,0,2008,
2995,0,283,1140,2243,4376,0,30,693,1476,6547,145,1144,385,3433,8186,0,286,399,4201,
3969,0,419,301,482,4866,0,952,271,1277,4992,287,1079,687,1216,5419,97,1890,488,1938,
2026,338,533,299,433,4769,0,403,501,268,3083,570,1386,515,629,3072,0,997,77,1109,
2303,562,355,0,511,1587,317,534,244,207,1259,30,818,0,173,1299,148,585,0,351,
1758,2360,615,0,946,1894,882,259,40,217,880,1110,170,132,166,841,682,190,0,0,
8599,530,365,649,191842,10982,0,1226,566,79730,11100,375,431,908,104571,3693,0,312,279,15326,
20371,218,3425,2004,22745,40692,155,8360,2548,42953,51204,103,10523,3739,49833,41134,106,3936,1533,47356,
35244,1017,8093,2799,16832,55703,131,15160,3163,20986,67744,229,15739,3687,19713,60748,480,6755,1788,17800,
25298,345,6652,2142,5009,38171,379,13773,2763,6218,47622,1436,15750,2665,7310,49647,547,10736,1937,8115,
20924,1819,4365,1629,2258,24037,1078,5039,1300,1700,23986,1288,5453,446,2295,23073,783,6035,600,1641,
27703,9005,3024,1003,2636,17839,4192,3994,173,1897,19369,1611,2495,286,1186,14744,2382,2063,354,1074,
14376,305,432,1594,174504,19077,45,1375,1472,60120,19136,200,1765,1421,99301,3601,0,231,431,18585,
24642,480,3381,2756,16333,45644,705,9649,3359,25158,65688,137,15563,5846,43635,49137,428,5635,1933,37673,
35857,1396,8723,5017,7583,56940,1184,14616,4827,13168,74872,1884,22172,5002,16353,51364,1533,10071,1417,11903,
23678,3341,7960,3390,3891,41297,3127,14313,3747,3539,49568,2977,25612,4952,6993,34496,1901,11515,1605,5415,
20440,8707,5355,1226,2062,23360,6076,7589,1204,1778,21085,4409,9749,1715,2123,14441,2234,5457,369,1869,
24041,41398,6068,1403,3001,17680,18870,4727,719,2296,10759,12950,3513,678,1077,5773,6782,1892,478,1618
*****
