MREMPF2K: 2000 Females by marital status, employment, poverty, and race/ethnicity, age 16+, wgtd 1% PUMS, Frey/U-Mich for SSDAN - not for commercial purposes.
5
RaceLat,WkAge,Pov,Marital,Emp
7,6,2,5,4
NLWhite,Black,Asian,Latina,AmIndian,NLOther,NLMulti
16-24,25-34,35-44,45-54,55-64,65+
Poverty,NonPov
CurMrrd,Widowed,Divorced,Seprated,NevMrrd
NILF,Unempd,EmpFull,EmpPart
94074,12063,18621,36074,4294,447,673,353,19464,6058,12167,13096,13654,5654,7801,8356,584958,109911,195431,549561,
446358,68171,666990,295059,4483,273,1647,617,16206,6844,68020,16847,8650,6477,31027,9182,2069922,320848,1675145,2329075,
205801,17288,44573,68425,9751,557,1439,2212,106684,23414,69220,60859,39703,12575,26819,26526,170080,33676,76626,116518,
2014158,142720,3898383,1305352,11604,1363,16406,3965,89336,27549,715205,86649,26031,12283,151791,25486,235972,69408,2138316,289937,
215158,13384,51874,72895,22934,2686,3710,6015,172474,35001,77686,95686,45604,8290,25034,25464,101823,14841,30249,44748,
2800229,186865,5650223,2412915,27993,4464,82122,20770,172630,52856,1532321,179609,36305,11815,214342,37358,158694,39091,1131602,128503,
169404,8196,27437,41050,49803,3721,6665,10940,182764,16431,41430,62394,33453,3041,6227,10782,56861,6477,9937,18795,
2421981,142641,5468479,1818930,75472,8627,244064,45044,211068,53366,1743445,191438,30514,6286,152500,23488,101591,16267,604693,70598,
208046,2902,10117,26578,135867,3937,9178,18473,169869,7034,15579,35597,24660,605,1443,4469,37601,1517,4258,6255,
3172036,66857,2181415,992495,390862,11939,349129,120631,313394,23127,812274,159779,25242,1515,41434,11851,105395,6215,170879,38581,
238765,752,1102,6499,900089,1589,2946,22056,175440,1168,1263,6956,19401,0,90,753,77508,779,699,4195,
6046258,14576,223076,433134,5609419,16592,170406,342307,730727,8018,105014,127021,43455,176,6352,4799,426768,1673,30516,34250,
20919,6362,7128,10465,1646,567,274,382,2518,1040,1346,1205,4477,2169,2246,1500,335671,122407,80278,135364,
41845,15732,62624,25115,666,352,739,217,2532,1006,5092,1205,2931,1630,7595,1861,541737,148771,357597,317703,
50754,10417,20972,18041,3767,801,952,819,17687,9376,14652,11625,19213,8389,18878,10126,179619,72681,98320,79265,
165582,39328,478941,84701,3713,241,5995,1314,18929,7200,112708,11284,13078,6551,66198,5316,149479,54254,662765,77869,
58284,11128,20395,20519,11666,2123,3512,2532,52655,13340,28744,21900,39384,11565,23242,13681,146751,34963,45040,44495,
219813,36428,733328,115223,10236,1998,23755,2987,57431,13595,290541,23884,27358,7671,117191,9858,118979,29687,432369,47069,
44754,4390,9422,9777,27983,2744,4631,6317,62706,8313,12851,15369,37272,3082,7669,7631,70941,9896,11793,15062,
210293,25842,530829,85597,30202,4859,63163,8355,71171,11926,293763,28669,29709,4382,85968,11640,66095,9970,181379,22177,
43325,892,3405,4295,61357,1392,4287,6913,47581,2313,5059,8420,28584,1302,1760,3616,33316,1516,3423,5909,
219434,7060,170492,52465,87279,3664,62458,17459,73575,5540,106484,24447,25336,1282,28546,7495,39432,1994,42344,9249,
45554,82,75,2144,265924,921,397,9341,54014,184,624,2295,21656,375,555,499,30857,282,126,1324,
310407,1425,18878,28210,557920,4154,16944,34146,103237,1094,10265,14051,29601,176,3896,5070,62362,585,7101,5957,
6749,1028,754,2215,31,0,0,0,1275,125,41,685,132,0,111,117,83689,9349,8336,37543,
39191,3654,23837,13178,687,0,468,0,531,214,1784,326,1204,0,1255,474,192396,18307,84451,118512,
38203,1469,3626,9512,304,0,384,164,2596,630,1865,2161,1399,367,1185,773,32103,3067,4501,14625,
231343,14070,279375,67208,573,158,1165,42,4061,555,21413,2269,1961,106,5175,1064,35653,8073,172958,27212,
42872,4318,7832,8503,1634,162,76,626,5686,517,2291,2771,2271,447,1661,641,7649,992,1743,2253,
229308,16397,392903,96078,1727,194,5200,736,8531,1545,39047,5336,2022,766,9857,1626,14921,2050,57384,7751,
21703,1693,4666,7133,2912,197,512,411,5367,1382,2179,2425,2227,210,357,967,4099,292,66,1125,
162448,11007,322432,67114,7430,805,14130,3314,10437,1927,42597,5735,3616,662,7703,1573,6713,921,30398,3330,
17151,675,1383,1338,6773,122,683,1198,3588,277,305,1333,2408,0,67,483,2907,224,306,605,
130685,4639,103627,27584,27369,1253,13864,4586,9352,445,13714,2704,4056,319,2987,301,5757,316,10988,2701,
19916,210,58,0,29007,374,0,716,3488,0,0,121,1551,0,0,0,2070,0,0,278,
165205,1108,9514,8925,160677,737,5596,4591,14540,0,1335,1834,4582,0,448,432,11375,0,1814,1242,
107053,15219,14260,20039,1147,222,261,194,3590,1326,2276,1060,9430,3738,2306,2857,294004,58981,52200,110205,
233548,36252,164735,71516,776,336,768,507,4219,2531,9346,3142,8909,3227,11182,4024,546892,103319,340241,307582,
233635,21683,33880,35715,4616,201,1092,1669,26030,6345,12894,9959,27993,6954,12961,8845,118117,26556,37651,40277,
619751,68590,615567,170564,2639,394,3186,676,22231,4549,91291,11327,16657,6142,43048,7646,111300,22040,340124,59309,
157738,19447,30701,29762,7869,1954,2255,2227,39527,8947,18888,16492,33641,5597,14444,9712,55631,9070,16892,17952,
512239,56775,666621,192389,7287,1376,14841,3016,35040,8690,160091,16337,22429,5569,60742,8368,52511,8766,136379,22506,
67288,6104,9245,13054,14934,1368,2183,3249,32107,3778,7975,11820,19318,3252,3635,6091,24753,2059,4475,7653,
335874,32234,399796,109849,20776,2379,24784,6522,45731,8025,133271,14273,22693,2417,41754,8487,27726,5132,55926,11003,
50651,1430,1406,4795,26867,1639,1636,2908,26967,1182,3001,4511,12934,1662,1445,2658,14300,1033,771,3613,
249768,9862,124401,47398,47113,1933,24420,9418,39194,4560,46822,10570,15557,1231,12281,3544,21072,2309,17158,3675,
38459,171,280,931,99250,505,271,1700,24718,115,0,972,8789,110,161,429,16375,0,30,314,
276755,1697,12343,15645,268212,500,9152,10086,64666,763,6477,6537,19771,171,923,1058,37192,280,3817,3726,
5144,1256,970,1217,0,0,0,0,406,105,255,320,783,107,170,60,24780,6462,5891,8723,
10706,1981,8441,4019,0,0,129,0,373,66,840,127,174,145,627,236,39557,8370,22418,20343,
10370,1149,2008,2532,394,0,500,61,3898,952,1923,1190,1774,685,739,350,11510,2074,3453,3823,
21306,4852,35762,10137,612,90,240,0,2514,930,9001,1668,422,104,1512,470,8152,2769,22594,4458,
9572,1084,1537,1835,1289,350,194,19,6834,1228,3270,3378,959,682,669,852,7186,1458,2206,1367,
30887,3109,53958,12763,421,92,1484,512,4160,1450,19113,1750,1215,368,3320,815,5841,761,12874,2039,
5773,256,1139,1355,2010,310,281,84,4706,794,1109,1397,1977,106,214,390,3203,684,318,334,
22377,2984,36392,10560,1119,332,2838,626,3713,1390,16432,1695,1832,190,2605,83,1652,321,4582,164,
4345,0,331,474,4448,13,294,114,4698,26,510,430,690,0,0,49,2529,76,40,79,
22953,659,12470,4983,3648,0,4530,1252,4298,116,5872,1303,1240,141,638,26,967,0,1482,428,
2797,122,0,61,11199,0,115,576,3130,0,46,209,751,0,60,30,958,53,172,0,
19428,218,1125,1426,21140,197,865,1608,3809,0,1105,962,738,0,203,151,1558,0,131,45,
863,255,106,148,0,0,0,0,0,0,0,0,0,0,0,94,2147,134,752,1659,
1623,187,693,1123,0,0,0,0,0,0,0,0,0,105,73,106,8104,1350,3809,5189,
2023,121,0,318,145,0,0,0,105,136,73,0,694,0,296,166,1859,479,525,546,
5438,1065,9531,3490,0,0,0,0,253,124,912,140,79,0,1046,0,1194,461,4927,1157,
777,80,235,380,93,0,0,0,585,180,106,266,0,106,0,316,514,238,0,410,
5350,237,9392,2753,0,0,194,97,255,0,2521,427,0,74,870,221,687,0,2392,612,
752,0,27,0,103,0,126,0,336,0,0,176,182,0,0,0,425,0,0,163,
4507,406,5501,1699,308,88,283,0,655,0,1721,431,266,0,540,404,564,80,1046,161,
358,0,0,0,237,0,0,0,646,0,0,107,0,0,0,0,110,0,0,0,
4190,0,1054,846,672,0,30,118,346,0,1004,189,244,0,0,0,678,0,216,238,
550,0,0,0,1678,0,0,0,227,0,0,0,0,0,0,0,445,0,0,0,
4148,0,117,133,2893,102,209,152,849,0,92,66,172,0,0,0,487,0,0,0,
4616,842,491,1788,28,79,0,45,789,0,230,673,287,30,134,784,31729,6717,9589,18607,
14190,2731,15491,8591,111,0,132,0,0,86,1709,143,403,0,2109,570,77443,18079,53164,70936,
13156,1661,1888,3879,748,0,232,37,5020,712,1561,3241,1684,851,1202,1508,11088,2777,5339,6247,
53128,4416,77991,26105,498,0,94,93,2651,467,18212,1944,758,599,6201,868,12899,3530,68011,10730,
14040,1219,2127,3630,885,145,42,472,8477,1572,1467,2549,3547,1288,934,1822,5930,932,1777,2206,
55929,4950,100125,35711,948,162,2649,694,3967,2126,30361,4431,833,488,6403,833,6445,1599,26405,2858,
7835,307,531,1409,1880,107,156,0,6518,1067,1311,3790,2117,157,490,179,2806,267,318,394,
41312,3599,73605,19585,3785,689,3523,801,7184,1243,32758,5091,2434,508,6808,874,2552,1300,10116,1985,
4684,176,339,610,5459,105,253,378,4810,281,383,1035,1132,184,0,0,1842,0,0,0,
40684,740,22322,9709,8162,402,5259,1408,6966,591,11429,2655,791,160,2019,228,2106,132,2695,733,
4451,0,0,121,19713,108,0,698,3529,60,0,401,797,0,105,0,1219,0,0,190,
46070,434,1340,3987,52123,53,2639,2405,8670,120,1554,1512,1741,0,263,372,4450,95,1093,635
*****
