2000 Personal Earning BY Occupation, Education & Family Type for full-time workers Aged 25-64, Frey/U-MICH
6
RaceLat,Gender,Famtype,Earning,Educ,Occup
5,2,5,6,4,6
NLWhite,Black,Latino,Asian,AmIndian
Male,Female
MrrdCpl,MaleFam,FemlFam,MaleNonF,FemlNonF
<25K,25-35K,35-50K,50-70K,70-100K,100K+
LTHS,HSGrad,SomeColl,CollGrad
TopWC,OtrWC,Service,TopBC,OtrBC,Farm
59909,43348,101023,241377,366834,38306,166736,430678,312686,627231,707524,220110,242051,336280,162718,326240,308872,119022,362618,246060,30296,58100,47530,40365,
20817,40591,13063,224343,161975,15915,237456,361423,185146,647492,766166,63163,259502,361232,144358,405144,224321,50623,628280,203681,44189,61679,57634,17646,
30457,37122,11501,149631,128142,17312,364687,404037,105510,998233,780183,49475,523345,649776,169415,660669,290449,44423,1310547,446754,65084,112703,46152,30323,
24498,14397,3427,42522,55684,3331,328018,262344,53436,512493,281920,27253,547568,366078,133240,459014,167031,15386,1967189,538059,73161,111527,43118,19560,
16361,0,2087,13907,10632,0,133517,71172,12843,177399,79800,11379,380003,187113,37371,166797,60243,10309,1636828,398668,25553,53077,10305,7586,
24186,2757,457,5446,0,0,111105,63772,6512,37507,16756,19665,237903,111339,15050,60034,12811,9949,1801143,416866,18760,11357,815,4897,
2073,10110,14011,37193,48398,9551,6435,47279,63759,66572,110345,33189,29307,30450,20363,47996,31545,1557,31181,14646,5679,4768,4949,923,
1297,0,0,13496,20039,0,9117,14454,15156,85365,86103,6739,27197,13135,9484,41087,34768,680,24919,19495,0,2752,2144,0,
2057,3148,0,8227,658,0,28401,36376,13080,60445,46861,0,40453,36398,27224,44909,24076,0,80739,26871,4611,9407,6520,0,
1902,0,0,4945,0,0,13707,18394,10599,57760,16982,0,28347,20606,12229,26095,22519,0,61941,21450,0,2837,3938,0,
418,0,0,2991,0,0,4173,9131,2806,4782,1360,0,20091,8686,5097,10311,0,0,59913,18635,3904,5719,0,0,
0,0,0,0,0,0,8527,1299,0,2243,0,0,6279,0,2108,0,0,0,63872,2432,3279,0,0,0,
3602,5310,21643,35262,33916,0,15666,39069,61158,104339,100366,23172,27900,32991,33457,32490,53169,7425,11644,31234,17800,1208,7461,2553,
9095,3170,0,10454,13788,2353,13111,39007,11527,42900,65559,579,15591,21606,15159,13497,21613,0,13590,12726,0,5015,11139,0,
656,3160,0,5545,9281,0,8576,18277,1844,51621,30954,2481,16887,28772,5869,43189,26172,3622,36423,7277,3525,4621,0,5184,
0,0,0,3001,3685,0,0,5379,3557,7594,9826,0,7014,11371,0,18768,6145,0,18487,2869,0,2983,0,0,
0,0,0,0,0,0,5030,0,0,3069,0,2489,5670,2353,0,0,0,0,13780,0,0,4146,2212,0,
0,0,0,0,0,0,0,0,0,0,0,0,0,0,0,0,4138,0,6693,3246,0,0,0,0,
11157,18793,38667,67387,67372,8959,50963,111068,126916,194435,230898,33879,83131,142926,101320,97067,98340,30759,220016,147193,23892,20940,23544,20438,
0,4684,2364,45741,30475,3663,60939,101401,54780,191570,127654,7723,118493,149129,53418,72115,85040,3533,265177,170688,24698,30734,12545,8692,
10650,1970,0,17571,35018,0,81953,108646,21224,126993,146887,13298,109281,122199,37675,96456,91657,10958,354673,155435,28301,43927,12766,9991,
0,3874,0,2227,5022,0,46890,37305,4134,97198,53863,0,105843,68171,29990,78625,28648,0,432531,70919,22303,12483,22319,0,
0,0,0,0,0,0,10468,11235,1280,22188,3710,0,42992,22480,10280,24759,8568,0,251204,75990,2938,24287,4952,0,
0,0,0,1837,0,0,5005,2612,2376,0,3890,940,46196,14924,768,3619,1854,0,232547,71337,0,2953,2345,929,
3370,5812,5929,14630,7924,2746,9362,7795,755,30597,50631,10298,2909,28801,10662,16028,11744,504,24396,19436,2286,8358,0,408,
0,0,0,457,9472,0,4921,13109,8316,26231,27790,0,8559,20269,3157,12301,6414,0,12204,30214,3003,349,0,0,
0,0,0,2409,4138,0,5968,17323,0,21111,5471,2130,10256,11840,11790,9519,0,0,20827,10133,426,1955,0,0,
0,2234,0,0,4321,0,11829,4992,7857,12633,8118,0,9675,15329,518,4926,0,0,28462,7789,3005,0,0,0,
0,0,0,0,0,0,0,0,0,6845,0,0,5434,4364,0,2836,0,0,18176,4385,3425,0,0,0,
0,0,0,0,0,0,0,0,0,0,0,0,4144,0,0,0,0,0,28793,2206,0,0,0,0,
62563,163071,211391,48894,149566,3936,459115,1856031,779627,133444,451298,56878,520227,1372156,340534,42333,109198,42712,728893,391804,96983,20482,13424,14926,
21365,36821,14978,6660,27210,0,329032,886116,94478,66967,105235,14159,401231,895473,83344,21359,15939,1773,1020004,289201,17525,12011,11653,0,
6730,10950,6130,5036,7979,0,231741,409662,34101,30410,47470,2229,539906,454183,43296,23751,24931,389,1470884,257632,22520,11006,2282,2389,
2248,3488,3257,0,0,3331,103475,62195,753,12892,3032,0,220517,113432,16122,15022,3269,2622,965678,163542,3891,7828,6255,3854,
926,0,0,0,0,0,12834,5427,5886,2055,0,0,86956,55626,0,4273,0,841,431118,79741,0,0,0,0,
0,2504,0,0,0,0,2159,13002,0,0,0,198,18050,21697,3137,0,0,0,228853,54078,0,0,2194,0,
0,6925,21815,0,11969,2888,5177,65861,35131,3898,24855,0,10080,44859,8303,726,4230,2009,6246,12281,7596,0,0,0,
0,0,0,0,2426,0,10250,29264,2342,1307,3094,0,19594,33142,1029,0,0,0,7047,11287,0,2974,0,0,
0,2175,0,0,0,0,9816,16734,3426,0,3780,0,8101,11299,0,0,0,0,21176,3768,0,0,0,0,
0,0,0,0,0,0,0,2637,0,0,0,0,5828,6083,0,0,0,0,6789,0,0,0,0,0,
0,0,0,0,0,0,0,2378,0,0,0,0,0,0,2173,0,0,0,11427,0,0,0,0,0,
0,0,0,0,0,0,0,1366,0,0,0,0,0,0,0,0,0,0,0,0,0,0,0,0,
13285,52049,95939,14660,47164,7828,79206,410621,215111,48830,161795,12954,94854,404666,140504,10811,37919,2907,83444,80022,11765,551,2842,0,
2812,8144,4194,3558,12818,532,77888,190701,30194,34076,40429,3962,135807,184399,31517,11150,5403,0,134244,37236,1926,2308,0,1323,
0,0,0,2326,3054,0,35438,91776,7805,3220,15247,0,113735,127488,8520,0,10716,0,220690,57323,0,0,2793,0,
0,0,0,0,0,0,21883,12382,8999,0,14070,0,31753,22960,3242,12443,0,0,161456,23379,0,3164,0,0,
0,0,0,0,0,0,5787,4614,308,0,0,0,20672,5793,0,0,0,0,64005,8980,0,0,0,0,
0,0,0,0,0,0,0,3680,2380,0,0,0,14030,5001,0,2405,0,0,17451,6960,0,0,0,0,
7466,11291,27053,2471,0,1937,11483,80352,39825,9466,32167,2925,20241,64356,19435,5362,7418,2056,6901,19369,14183,0,0,2190,
0,3889,0,0,2058,0,8111,44777,643,2286,12352,0,11834,31948,13033,3131,0,0,43146,10223,0,2148,0,0,
0,0,0,0,1734,0,11208,24426,1941,3960,2271,0,8281,27296,1150,0,1036,0,62330,19330,860,0,1022,0,
0,0,0,0,0,0,0,2178,0,0,953,0,3534,2068,0,0,1366,0,15534,6349,2272,0,0,0,
0,0,0,0,0,0,0,1963,0,0,0,0,0,2863,0,0,0,0,882,14553,0,0,0,0,
0,0,0,0,0,0,3073,2524,0,0,0,0,3365,0,0,0,0,0,7271,0,0,0,0,0,
549,35746,57675,9510,55658,2635,29714,291255,180956,12383,88894,11543,105312,260163,116739,12757,37900,17310,219036,144530,19646,815,7309,2088,
8773,12842,7274,2034,7018,0,45958,164934,22945,18758,50321,2761,116827,275487,40078,10181,20813,432,345708,146629,22906,9727,7487,6738,
6627,4273,4894,3780,8052,0,52349,92333,10905,6810,17600,0,161881,153772,11034,3061,10547,0,540365,136050,9442,726,3552,3381,
0,0,0,0,0,0,7679,13909,0,5609,2555,0,70263,34427,3083,11441,8125,7126,401917,71303,4347,826,0,0,
0,0,0,0,0,0,4443,16885,0,0,0,0,35262,16745,0,2021,0,0,168203,39091,2191,3394,0,0,
0,2301,0,0,0,0,317,0,0,2373,0,2545,19719,8419,0,364,0,0,109065,16746,0,0,0,0,
11954,6597,45359,44931,61968,6685,13577,66467,92971,68265,151805,13190,44609,50655,83232,45077,99973,5928,21587,27418,4041,6145,12809,2545,
3460,396,23579,32808,25520,713,23349,34278,34784,44862,118910,0,36139,90214,17322,36643,33105,6765,59993,19437,3078,1138,14542,0,
657,0,0,12655,18867,2185,25757,26406,32166,72489,94159,0,44686,59891,15338,57605,44482,0,75888,28614,13942,7521,0,0,
0,0,0,9227,18627,0,10302,13324,4298,23157,25753,0,32723,34685,21436,25058,38269,0,142899,35473,5233,5705,2281,0,
0,0,0,0,0,0,1170,0,0,14569,33027,2388,1731,6499,4796,3989,10555,0,60501,24418,2900,1959,0,0,
0,1360,0,0,0,0,10190,3453,0,0,0,0,4109,2363,0,4656,2466,0,44969,4586,7300,0,0,0,
0,2157,31266,11262,15368,8315,2161,16525,20299,30086,45951,0,2933,14711,25748,6245,28233,0,4802,4552,3414,0,15961,0,
382,0,2951,3039,7843,0,2338,22604,17095,6824,18340,0,7540,12002,2371,1910,10822,0,8839,0,0,3095,3324,0,
0,0,1456,0,2760,0,3151,579,0,12967,24514,0,0,7287,2810,10913,4828,0,12065,2841,2417,0,4081,0,
0,0,0,0,0,0,2936,0,12825,3585,4702,0,8395,0,4247,2079,6298,0,9587,2826,0,0,0,0,
0,0,0,0,0,0,2612,4334,0,5150,0,0,3241,0,0,0,0,0,4858,0,0,2755,0,0,
0,0,0,0,0,0,4590,0,0,0,2164,0,0,0,0,0,0,0,5233,0,0,0,0,0,
0,5475,20683,11701,42649,0,4862,34713,68095,22894,110597,2568,4680,11931,22070,7041,33214,0,0,556,1908,0,2900,0,
4650,0,2610,3315,7579,0,4997,3466,12167,20671,29903,0,8516,17827,5312,7261,3782,0,8978,0,8743,0,0,0,
0,0,0,376,3534,0,0,15078,3932,9897,9658,2145,0,0,0,6932,11782,0,5921,0,0,3765,0,0,
0,0,0,0,4235,0,3198,0,0,0,23895,0,2637,783,0,5661,10395,0,0,3864,0,0,0,0,
0,0,0,0,0,0,0,0,0,0,0,0,0,0,0,0,0,0,3778,599,0,0,0,0,
0,0,0,0,0,0,0,0,0,0,0,0,0,0,0,0,2646,0,3993,0,0,0,0,0,
0,5028,5718,17846,32039,3948,7601,25810,58995,32656,70837,6383,4073,24239,31072,9197,22468,0,18795,16134,8610,5334,17505,0,
0,3782,16519,0,6405,0,2645,16125,22939,24409,42800,0,7646,25361,6784,11054,10417,0,51742,17998,4788,1761,6295,0,
3162,2947,6513,7733,0,0,556,12763,8025,31179,9387,0,19897,28528,2173,30875,23888,0,43801,41503,4814,0,6957,0,
0,0,0,0,2761,0,2396,7148,2258,5732,3946,0,6889,13922,0,11306,10270,0,42038,12332,6268,2375,0,0,
1815,0,0,0,0,0,0,0,0,0,0,0,7203,0,0,0,2099,0,16998,3117,2346,4428,0,0,
0,0,0,0,0,0,0,0,0,0,0,0,1684,0,0,0,0,0,15157,0,0,0,0,0,
0,0,0,2912,12960,4234,0,899,10907,3435,8712,0,0,4046,0,0,6292,2086,3260,0,3873,0,2188,0,
0,0,0,0,0,0,0,0,0,0,6069,0,0,9267,0,0,0,950,8546,4044,2912,0,0,0,
0,0,0,0,0,0,10383,0,0,0,3589,0,3701,0,0,0,0,0,2084,0,0,0,0,0,
0,0,0,0,0,0,0,355,0,0,1546,0,0,1804,0,0,0,0,0,3346,0,0,0,0,
0,0,0,0,0,0,5721,0,0,0,0,0,2157,0,0,0,0,0,1861,2083,0,0,0,0,
0,0,0,0,0,0,0,0,0,0,0,0,0,0,0,0,0,0,0,0,0,0,0,0,
6160,19211,69656,2351,30414,0,35206,188391,179715,16993,81957,0,70659,195317,63760,2754,31531,0,77665,43353,23769,1757,2168,0,
0,9462,2226,0,2416,0,14122,96216,43022,6287,21211,0,78033,124326,23970,419,1802,0,130814,40970,2518,2865,0,0,
0,0,0,0,0,0,27043,33347,9583,0,15148,0,59044,69200,5929,2274,21172,0,149347,24195,9280,9161,0,0,
0,2074,0,0,0,0,0,14823,0,0,1811,0,30328,4984,0,5648,5118,0,115411,17685,0,0,2014,0,
0,0,0,0,0,0,0,3597,0,0,0,0,2828,2931,10317,0,0,0,31248,0,0,0,0,0,
0,0,0,0,0,0,0,0,0,0,0,0,0,0,0,0,0,0,10200,4731,0,0,0,0,
0,3522,7927,0,1080,0,0,28794,26027,4143,28190,0,6008,12553,0,0,1247,0,5737,2485,0,0,0,0,
0,0,3127,0,2742,0,4172,7351,2157,0,1647,0,16167,10023,6280,0,2371,0,7575,4437,2569,0,0,0,
0,0,0,0,0,0,5245,688,0,0,2954,0,21763,7062,0,0,0,0,7790,5578,0,0,0,0,
0,0,0,0,0,0,0,0,0,0,0,0,3219,419,0,0,0,0,2212,0,0,0,0,0,
0,0,0,0,0,0,0,0,0,0,0,0,2412,0,0,0,0,0,0,0,0,0,0,0,
0,0,0,0,0,0,0,0,0,0,0,0,0,2260,0,0,0,0,0,0,0,0,0,0,
9744,35401,150858,4984,70165,2260,43482,213553,240485,18459,98001,0,55358,224395,138369,4726,41986,0,43383,62564,5216,0,2739,0,
2274,3455,10088,1993,2378,0,30929,60608,47237,3842,15022,0,32092,125391,11124,0,10398,0,52908,11277,8711,3528,0,0,
1594,0,1597,0,0,0,10970,26841,9326,0,3418,0,30822,45521,10389,0,11978,0,100491,19970,0,0,0,0,
0,0,0,4845,0,0,8454,4046,0,0,0,0,13305,19907,0,2645,469,0,39803,0,2394,0,0,0,
0,0,0,0,0,0,3793,0,0,0,0,0,8694,4833,0,0,0,0,987,4225,0,0,0,0,
0,0,0,0,0,0,0,0,0,0,0,0,0,0,12665,0,0,0,5251,0,0,0,0,0,
0,0,8424,0,6338,0,3709,16215,12975,0,3874,3064,14472,5249,9208,1750,2243,0,0,5686,0,0,0,0,
0,0,0,0,0,0,0,5926,0,0,0,0,4854,3145,0,0,0,0,0,0,0,0,0,0,
0,0,6415,0,0,0,0,0,2594,0,0,0,3409,6599,0,0,1772,0,2512,0,0,0,0,0,
0,0,0,0,0,0,0,0,0,0,0,0,0,0,0,0,0,0,0,0,0,0,0,0,
0,0,0,0,0,0,0,0,0,0,0,0,0,0,0,0,0,0,0,0,0,0,0,0,
0,0,0,0,0,0,0,0,0,0,0,0,0,2842,0,0,0,0,0,0,0,0,0,0,
3963,7253,39485,950,16585,0,5637,43598,74111,2728,22437,0,24994,68507,41050,3805,11101,0,19903,9891,4092,0,2509,0,
2289,3067,6668,0,0,0,810,39406,19399,7336,9826,0,25305,29532,8202,2137,0,0,57709,44210,3002,2259,0,0,
0,0,0,0,0,0,17504,9131,0,0,2191,0,35575,21571,11254,0,2680,0,53205,5256,2676,2388,0,0,
0,0,0,0,6760,0,0,0,0,964,0,0,5228,1424,1933,0,0,0,42365,5683,0,0,0,0,
0,0,0,0,0,0,0,0,0,0,0,0,6430,7078,0,0,0,0,19049,0,0,0,0,0,
0,0,0,0,0,0,0,0,0,0,0,0,0,695,0,3301,0,0,24574,2043,0,0,0,0,
31499,61098,193809,280651,408288,272442,23346,76644,75474,158657,212959,50025,17246,44438,46343,49834,47653,16188,17937,23808,12323,11873,12410,3476,
4476,16013,20601,101020,147949,16443,13956,45099,34114,69376,84974,9206,27930,56856,20327,47400,40083,5934,38795,10872,5652,8194,11378,2487,
4283,7134,8611,77857,50842,12715,20147,44591,14899,55326,57884,5506,35995,50829,14011,59200,24323,3019,76295,16621,5307,8184,20606,0,
1649,6425,500,23173,14138,1121,16766,22918,7091,35289,23223,0,30836,22799,14785,28903,20420,0,66169,22503,2831,2661,0,0,
0,1477,0,8868,0,0,4576,5947,2137,9675,4211,0,11992,8621,1102,7400,1379,0,57335,12793,1047,3560,656,0,
2956,510,0,0,1288,0,3998,1983,0,0,1931,0,3471,1121,2235,2938,0,198,38902,8372,0,0,1218,0,
6988,12984,36313,69967,76513,51632,3196,8182,18750,17517,34414,6193,1240,6471,9128,9124,13681,3409,2863,5909,1608,2453,3026,1138,
0,0,4926,12000,8713,2142,1250,3030,9900,8674,16098,2147,1212,7079,3511,2193,7866,0,4440,0,1431,3331,1164,0,
1134,1123,0,5047,4889,1187,5735,0,4920,7654,4793,0,4895,6783,0,6220,2361,0,6921,3097,0,1010,1084,0,
0,0,0,0,3468,0,1142,0,1239,0,3629,0,1885,0,0,1466,1314,0,5126,545,0,0,0,0,
0,0,0,0,0,0,0,0,0,2259,0,0,3842,2368,0,1102,0,0,1066,2389,0,0,0,0,
0,0,0,0,0,0,0,0,0,0,0,1239,0,1167,0,0,0,0,0,1343,0,0,0,0,
2072,1575,17647,33570,41154,16744,2604,21700,14151,28150,35221,3621,6336,8198,2995,3534,7885,0,2067,4856,0,2467,0,0,
0,0,562,1055,6184,1023,3476,7037,1596,8605,14757,388,2735,1804,5321,5111,1509,0,0,0,0,873,0,0,
0,1081,0,3036,3582,0,1162,1919,0,9348,1428,0,1578,9172,0,2315,0,0,3443,2144,0,0,954,0,
1679,1337,0,0,1168,0,1015,0,0,3275,971,0,2415,0,1088,0,0,0,1446,0,0,0,0,0,
0,0,0,0,0,0,0,0,0,0,0,0,0,0,0,0,1584,0,0,1117,0,0,0,0,
0,0,0,0,0,0,0,0,0,0,0,0,0,0,0,0,0,0,0,1934,0,0,0,0,
950,3644,36945,51122,71417,31529,7330,7087,38031,20981,43641,10419,9290,17446,8740,8347,10371,0,4705,3845,1298,407,1997,0,
1298,2022,1066,9243,4668,0,6464,4655,9518,11480,9139,0,7873,4235,7474,2517,4719,0,10737,6756,1037,525,3950,0,
2255,0,0,5101,4146,0,6481,13308,2434,7505,5858,2488,5126,8510,8551,8576,8581,0,15158,5757,0,1150,1935,0,
0,0,0,497,0,0,433,1259,0,2208,5381,1405,6810,0,1208,5762,200,0,19842,2530,0,1420,0,0,
0,0,0,0,0,0,4235,3171,1040,0,1073,0,3829,3390,0,0,0,0,6688,0,0,996,0,0,
0,0,0,0,0,0,991,0,0,0,0,0,1801,2744,0,0,1297,0,0,2558,0,0,0,0,
0,1795,1611,5914,12656,2581,0,1201,8028,2898,1195,0,1368,0,1265,0,4219,0,5040,0,0,0,0,0,
0,0,0,5375,769,0,0,3341,0,950,0,1334,1115,1170,0,1012,0,0,4617,0,0,0,0,0,
1319,0,0,0,0,0,0,1004,0,0,1402,0,0,0,0,0,0,0,0,0,0,0,0,0,
0,0,0,0,0,0,0,0,1714,0,573,0,0,0,0,0,0,0,0,0,0,0,0,0,
0,0,0,0,0,0,0,0,0,0,0,0,0,0,0,0,0,0,1195,0,0,0,0,0,
0,0,0,0,0,0,0,0,0,0,0,0,0,0,0,0,0,0,0,0,0,0,0,0,
21996,68903,233512,49683,207762,51476,40751,187733,105417,16252,73023,11261,41488,158835,51958,8325,19716,0,38786,40768,15276,2693,5880,0,
1938,9948,2499,887,12657,0,19671,66659,10020,9006,10038,0,30023,77360,7357,1132,2140,0,59111,14432,6235,2261,634,0,
3932,3390,475,3202,964,1844,13321,29910,1118,504,10278,0,36580,50920,1058,0,1275,0,56112,26001,3048,1245,2010,0,
0,0,1016,0,1305,0,2910,3442,0,0,0,0,22222,6725,0,0,0,0,44013,5930,1754,0,0,0,
0,0,0,0,0,0,0,0,1794,0,0,0,3181,2286,0,989,0,0,19915,1108,0,0,0,0,
0,0,0,0,712,0,0,1364,0,0,0,0,0,1009,0,0,0,0,6726,1536,0,0,0,0,
0,0,21140,0,21810,4120,2866,17502,9610,1117,9409,0,2212,6672,4560,4193,1077,0,0,1351,4608,0,2186,0,
0,0,0,0,1622,0,1936,10596,0,0,1168,0,1639,3158,0,0,641,0,3902,0,0,0,0,0,
0,0,0,0,0,0,3560,0,0,0,0,0,1094,1114,0,0,0,0,4132,1382,0,0,0,0,
0,0,0,0,0,0,0,0,0,0,0,0,0,972,0,0,0,0,1358,0,0,0,0,0,
0,0,0,0,0,0,0,1523,0,0,0,0,0,0,0,0,0,0,0,0,0,0,0,0,
0,0,0,0,0,0,0,0,0,0,0,0,0,0,0,0,0,0,0,0,0,0,0,0,
8046,32340,116771,11137,93749,20178,15771,92951,67858,7101,45349,0,20127,100463,26419,0,8909,0,9010,4376,7399,0,3206,1373,
0,2281,6272,5379,2904,0,7442,29598,2868,1600,0,0,9973,27917,1684,1632,1314,0,14779,7540,0,0,3339,0,
1459,1128,0,476,0,0,10069,10383,4066,0,1029,0,22118,15041,6011,0,4488,0,9777,1343,0,0,0,0,
0,0,0,383,0,0,1481,2854,1243,0,0,0,4370,3449,0,0,0,0,20825,1048,1335,0,0,0,
0,0,0,0,0,0,0,0,0,0,0,0,0,1121,0,0,0,0,1243,0,0,0,0,0,
0,0,4499,0,0,0,1257,1164,0,0,0,0,1297,0,0,0,0,0,0,0,0,0,0,0,
0,0,9851,1603,4070,0,2779,7394,3295,910,8631,0,0,7038,0,0,0,0,0,1342,0,0,0,0,
0,0,0,0,0,0,1282,4869,4260,0,2030,0,1317,2251,3776,0,0,0,620,0,0,0,0,0,
0,0,0,0,0,0,0,1379,0,1413,0,0,0,0,0,0,0,0,1367,0,0,0,0,0,
0,0,0,0,0,0,0,0,0,0,0,0,0,2743,0,0,0,0,1589,0,0,0,0,0,
0,0,0,0,0,0,0,0,0,0,0,0,0,0,0,0,0,0,0,0,0,0,0,0,
0,0,0,0,0,0,0,0,0,0,0,0,0,0,0,0,0,0,0,0,0,0,0,0,
0,9089,15021,1511,7193,4151,1527,18247,21283,3382,2987,0,15293,19544,4464,0,4128,0,9384,2470,1400,0,2507,0,
0,0,0,0,0,0,2324,8685,3354,972,955,0,2199,21392,1472,3606,0,0,9138,6445,0,0,0,0,
0,0,0,0,0,0,500,7590,1818,0,0,0,7525,6822,0,0,0,0,26029,5469,0,0,0,0,
0,0,0,1306,0,0,0,0,0,0,0,0,1354,1498,0,0,0,0,12353,3623,1143,0,0,0,
0,0,0,0,0,0,0,0,1181,0,0,0,0,0,0,0,0,0,5060,0,0,0,0,0,
0,0,0,0,0,0,0,639,0,0,0,0,2475,0,0,0,0,0,953,0,0,0,0,0,
3666,0,14746,18331,32993,3309,12455,20821,36402,25845,59630,843,12750,31508,21318,12437,18180,3805,29089,32285,7415,2738,16915,0,
0,1887,12074,0,11087,2130,2144,28671,3220,14665,27487,3928,14313,10419,3913,15811,22398,875,45338,25398,2768,7432,19957,0,
0,2209,11091,2373,0,0,12393,23152,1529,12003,10852,0,21876,17983,3916,23996,6727,0,83140,52439,2283,15415,5270,0,
997,0,0,0,0,0,15147,10022,0,5068,8076,0,7293,11866,4606,3738,8076,0,124092,58241,0,397,2183,0,
0,0,0,0,0,0,1202,2697,0,0,0,0,5553,3759,3410,1057,0,0,133367,15877,0,4958,0,0,
0,0,0,0,0,0,1826,553,0,0,0,0,5357,4113,0,902,0,0,165460,14433,3162,0,0,0,
787,0,11334,3740,9426,0,1227,6899,7491,4069,6797,0,2118,2313,10994,1021,1834,0,7335,0,1046,0,0,2222,
0,0,2915,0,0,0,0,0,9938,0,4737,0,3612,2448,0,2657,889,0,3857,2216,3562,0,1231,0,
0,0,0,0,0,0,0,0,0,0,0,0,4359,2813,0,1763,0,0,3755,0,0,0,0,0,
0,0,0,0,0,0,0,0,954,0,0,0,7474,2103,0,0,0,0,17492,4144,0,0,0,0,
0,0,0,0,0,0,0,0,0,0,0,0,0,0,0,0,0,0,1177,1033,0,0,0,0,
0,0,0,0,0,0,0,0,0,0,0,0,0,0,0,0,0,0,14090,0,0,0,0,0,
0,0,9963,0,4366,0,1235,1555,1262,2441,4712,0,0,2412,0,1234,0,0,0,0,0,1182,7027,0,
0,0,0,0,0,0,0,2411,0,0,4258,0,0,0,0,0,0,0,2597,3885,4549,0,0,0,
0,0,0,0,0,0,0,0,0,0,0,0,4333,2671,8805,838,0,0,3093,845,0,0,0,0,
0,0,0,0,0,0,0,0,0,0,0,0,0,0,0,0,0,0,1039,0,0,0,0,0,
0,0,0,0,0,0,965,0,0,0,0,0,0,0,0,0,0,0,933,0,0,965,0,0,
0,0,0,0,0,0,0,0,0,0,0,0,0,0,0,0,0,0,0,0,0,0,0,0,
2253,2778,0,1599,0,0,4362,1168,2598,4372,2426,0,3163,5119,10463,0,0,0,8751,14549,8783,0,0,0,
0,0,0,0,0,0,0,2796,2485,1599,2488,0,5242,12037,8714,0,2102,0,11961,12514,1903,0,0,0,
0,0,0,0,0,0,2257,3264,2101,0,0,0,5681,4343,2725,0,3879,0,41254,10025,0,545,0,0,
0,0,0,0,0,0,0,0,0,0,514,0,727,0,0,2586,0,0,52924,2125,0,0,0,0,
0,0,0,0,0,0,0,0,0,0,0,0,13080,0,0,0,0,0,38767,8283,0,785,0,0,
0,0,0,0,0,0,0,0,1330,0,0,0,0,1372,0,2003,0,0,10843,0,0,0,0,0,
0,0,0,0,0,0,0,0,0,0,5395,0,1691,2095,0,0,0,0,0,1826,0,0,0,0,
0,0,0,0,0,0,3084,0,0,0,0,0,4668,0,0,0,5767,0,0,0,0,0,0,0,
0,0,0,0,0,0,0,0,940,0,0,0,0,0,0,0,0,0,1194,1047,0,0,0,0,
0,0,0,0,0,0,0,0,0,3084,0,0,0,0,0,0,0,0,0,0,0,0,0,0,
0,0,0,0,0,0,0,0,0,0,0,0,0,0,0,0,0,0,0,0,0,0,0,0,
0,0,0,0,0,0,0,0,0,0,0,0,0,0,0,0,0,0,0,0,0,0,0,0,
2490,6175,29368,2373,42039,4135,25419,43812,76992,10126,32090,0,19556,46768,19763,5212,18238,3500,47732,42637,17274,7091,11418,0,
0,6580,9760,0,4707,0,14333,15838,4558,2372,12892,0,18293,25194,7009,5780,3515,0,64349,30324,5171,0,0,0,
0,1887,3762,0,0,0,4345,26414,6252,3156,4756,0,27135,19330,823,0,3146,0,104710,19693,0,0,0,0,
0,0,0,0,0,0,1081,3805,0,0,0,0,831,5891,858,0,0,0,124317,6596,0,0,0,0,
0,0,0,0,0,0,0,0,944,0,0,0,345,4756,0,0,0,0,52180,20284,0,0,0,0,
0,0,0,0,0,0,0,0,0,0,0,0,830,0,0,0,0,0,15955,0,0,0,0,0,
0,1252,3838,0,0,0,0,11058,5251,0,1907,0,0,7690,3287,0,0,0,0,8172,0,0,0,0,
0,0,0,0,0,0,0,2470,0,0,0,0,0,0,1227,0,0,0,6851,0,0,0,0,0,
0,0,0,0,0,0,2103,0,0,0,0,0,0,0,0,0,4164,0,11176,3534,2450,0,0,0,
0,0,0,0,0,0,0,0,0,0,0,0,0,0,0,0,0,0,0,0,0,0,0,0,
0,0,0,0,0,0,0,0,0,0,0,0,0,0,0,0,0,0,0,0,0,0,0,0,
0,0,0,0,0,0,0,0,0,0,0,0,0,0,0,0,0,0,0,0,0,0,0,0,
0,4594,9216,2985,9048,0,3245,21233,9497,2649,4528,0,0,13744,2183,4124,8181,0,1755,18319,1771,0,2766,0,
0,0,0,0,2365,0,0,958,4157,0,0,0,4270,0,0,0,0,0,23458,6504,2060,0,3759,0,
0,0,0,0,0,0,3565,0,0,2095,0,0,6276,13527,856,0,0,0,10122,0,2194,4699,0,0,
0,0,0,0,0,0,0,0,0,0,0,0,0,2891,0,0,3221,0,7769,5123,0,0,0,0,
0,0,0,0,0,0,2283,0,3666,0,0,0,1921,0,0,0,0,0,3071,0,0,0,0,0,
0,0,0,0,0,0,0,0,0,0,0,0,0,0,0,0,0,0,5234,0,0,0,0,0,
0,0,178,0,2174,0,0,931,351,0,0,0,0,4587,2253,0,0,0,2183,1805,0,0,0,0,
0,0,0,0,0,0,0,3260,0,0,1929,0,0,0,0,0,0,0,4161,1102,0,0,0,0,
0,0,0,0,0,0,0,0,0,0,0,0,0,4069,0,0,0,0,3017,0,0,0,0,0,
0,0,0,0,0,0,0,0,0,0,0,0,2842,0,0,0,0,0,3612,0,0,0,0,0,
0,0,0,0,0,0,0,0,0,0,0,0,0,0,0,0,0,0,0,0,0,0,0,0,
0,0,0,0,0,0,0,0,0,0,0,0,0,0,0,0,0,0,0,0,0,0,0,0,
0,0,2439,0,1582,1182,0,4947,0,0,4418,0,3565,0,7653,3351,2270,0,9989,6617,4878,0,2180,0,
0,0,0,0,0,0,0,0,2531,0,0,0,10447,2375,3097,0,0,0,24385,12160,0,0,0,0,
0,0,0,0,0,0,0,0,823,0,0,0,3750,2995,0,0,0,0,24022,5895,0,2051,0,0,
0,0,0,0,0,0,0,0,0,2147,0,0,0,0,0,0,0,0,33566,8474,0,0,0,0,
0,0,0,0,0,0,0,0,0,0,0,0,0,0,0,0,0,0,9778,0,0,0,0,0,
0,0,0,0,0,0,0,0,0,0,0,0,0,1047,0,0,0,0,7667,1087,0,0,0,0,
0,0,6930,18706,25536,2898,1947,882,2871,5048,9869,7533,0,14638,5887,2923,8391,263,528,2019,0,982,1527,0,
0,1342,0,4623,4939,0,2587,3054,4309,487,9262,0,3687,0,0,2470,4868,2616,2391,0,0,0,1306,0,
0,0,461,2103,4741,0,944,1156,3922,503,5465,0,12419,3748,1111,2891,13560,3981,6719,3756,1532,0,322,1110,
414,0,0,0,2552,0,0,0,2667,3275,0,0,1117,3162,1670,12766,426,317,12462,0,0,2151,0,0,
0,0,0,2678,0,0,0,0,0,0,353,0,2111,804,0,1059,1243,0,5427,0,0,0,0,0,
0,0,0,0,427,0,0,0,0,0,0,341,0,0,0,943,0,0,2679,1826,0,0,0,0,
0,2468,3217,2471,5516,471,0,2332,0,2541,1679,0,0,0,1334,0,0,0,0,0,0,0,0,0,
0,0,0,4400,1030,1726,0,0,0,599,3889,0,0,0,0,389,0,0,2259,703,0,0,0,0,
0,0,0,0,0,0,1380,522,0,0,838,0,0,0,0,0,0,0,3812,0,0,0,0,0,
0,0,0,0,0,0,0,0,0,0,0,0,0,0,736,0,0,0,0,0,0,0,0,0,
0,0,0,0,0,0,0,0,0,0,0,0,0,0,0,0,0,0,0,0,0,0,0,0,
0,0,0,0,0,0,0,0,0,0,0,0,0,0,0,0,0,0,0,0,0,0,0,0,
0,413,1016,697,0,285,0,0,0,5129,414,853,0,6140,2429,0,1000,0,0,1056,0,1016,0,0,
0,0,0,0,2511,0,0,1740,0,688,0,0,0,0,0,0,4279,0,0,0,0,0,0,0,
0,0,0,0,0,0,0,3095,371,0,0,0,544,0,0,0,0,0,0,0,0,0,0,0,
0,0,0,0,0,0,405,0,0,0,0,0,0,0,0,0,0,0,0,0,0,0,0,0,
0,0,0,0,0,0,0,0,0,0,0,0,0,0,0,0,0,0,0,0,0,0,925,0,
0,0,0,0,0,0,0,0,0,0,0,0,592,0,0,0,0,0,0,0,0,0,0,0,
0,0,177,1452,3424,0,0,2403,2294,4890,1810,0,376,661,1477,453,2398,0,0,2507,1464,0,5436,0,
0,0,2759,0,1094,0,0,0,0,2131,0,0,489,428,0,0,0,0,4272,0,0,0,0,0,
0,0,0,0,0,0,4738,0,2281,3590,0,0,0,0,0,0,0,0,2550,0,0,0,0,0,
0,0,0,0,0,0,0,3788,0,0,0,0,3467,0,0,0,0,0,0,0,0,0,0,0,
0,0,0,0,0,0,0,0,0,0,0,0,0,0,0,0,0,0,0,0,0,0,0,0,
0,0,0,0,0,0,0,0,0,0,0,0,0,0,0,0,0,0,0,0,0,0,0,0,
0,0,525,0,0,0,0,0,2971,3080,0,0,0,0,0,0,0,0,0,0,0,0,0,0,
0,0,0,0,0,0,0,0,0,0,0,0,0,0,0,0,2971,0,0,0,0,0,0,0,
0,0,0,0,0,0,0,0,0,0,0,0,0,0,0,0,0,0,0,0,0,0,0,0,
0,0,0,0,0,0,0,0,0,0,0,0,0,0,0,0,0,0,0,0,0,0,0,0,
0,0,0,0,0,0,0,0,0,0,0,0,0,0,0,0,0,0,0,0,0,0,0,0,
0,0,0,0,0,0,0,0,0,0,0,0,0,0,0,0,0,0,0,0,0,0,0,0,
1376,15215,461,3411,3997,0,17133,12193,15605,2877,391,0,5235,19747,4536,2204,5753,0,4991,0,0,0,0,0,
1074,4725,0,0,0,0,1628,4572,0,0,0,0,3563,3504,0,4648,0,0,20510,0,0,0,0,0,
430,0,0,0,0,0,4009,3193,0,0,0,0,6208,3820,0,0,3766,0,5305,4412,583,0,0,0,
0,0,0,0,0,0,0,403,0,1528,0,0,709,1986,0,0,0,0,0,0,0,0,0,0,
0,0,0,0,0,0,0,0,0,0,0,0,0,5028,0,0,0,0,0,0,0,0,0,0,
0,0,0,0,0,0,0,0,0,0,0,0,0,0,0,0,0,0,0,0,0,0,0,0,
0,4407,0,0,1198,0,0,0,1843,0,0,0,1837,3844,2485,0,0,0,0,0,0,0,0,0,
0,0,0,0,0,0,1788,0,0,0,0,0,0,0,0,0,0,0,0,0,0,0,0,0,
0,0,0,0,0,0,0,0,0,0,0,0,0,0,0,0,0,0,0,0,0,0,0,0,
0,0,0,0,0,0,0,0,0,0,0,0,467,0,0,0,0,0,0,0,0,0,0,0,
0,0,0,0,0,0,0,0,0,0,0,0,0,0,0,0,0,0,0,0,0,0,0,0,
0,0,0,0,0,0,0,0,0,0,0,0,0,0,0,0,0,0,0,0,0,0,0,0,
0,2540,8152,0,995,0,0,9935,2247,705,588,408,3212,9352,4243,0,2261,0,350,194,0,0,0,0,
0,0,430,0,0,0,0,1648,0,0,2166,0,556,489,0,0,0,0,980,0,0,0,0,0,
0,0,0,0,0,0,2377,371,0,0,0,0,453,414,961,0,0,0,4293,0,0,0,0,0,
0,0,0,0,0,0,0,0,0,0,0,0,0,0,0,0,0,0,0,0,0,0,0,0,
0,0,0,0,0,0,0,0,0,0,0,0,0,0,0,0,0,0,386,0,0,0,0,0,
0,0,0,0,0,0,0,0,0,0,0,0,0,0,0,0,0,0,0,0,0,0,0,0,
0,0,0,0,2112,0,0,0,349,0,0,0,2487,3905,0,0,0,0,0,0,0,0,0,0,
0,0,0,0,0,0,0,1028,2549,0,0,0,0,0,0,0,0,0,0,0,0,0,0,0,
0,0,0,0,0,0,0,448,0,0,0,0,0,0,0,0,0,0,0,0,0,0,0,0,
0,0,0,0,0,0,0,0,0,0,1149,0,0,0,0,0,0,0,0,0,0,0,0,0,
0,0,0,0,0,0,0,0,0,0,0,0,0,0,0,0,0,0,0,0,0,0,0,0,
0,0,0,0,0,0,0,0,0,0,0,0,0,0,0,0,0,0,0,0,0,0,0,0,
0,0,1435,0,0,0,3411,755,2411,0,4036,0,0,4900,594,0,1084,0,413,0,2100,0,2757,0,
0,0,0,0,817,0,0,3515,0,0,0,0,0,5174,0,0,0,0,4499,0,2971,0,0,3788,
0,0,0,0,0,0,0,0,0,0,0,0,0,181,0,0,0,0,2626,0,0,0,0,0,
0,0,0,0,0,0,0,0,0,0,0,0,0,4253,0,0,0,0,383,0,0,0,0,0,
0,0,0,0,0,0,0,0,0,0,0,0,0,0,0,0,0,0,0,0,0,0,0,0,
0,0,0,0,0,0,0,0,0,0,0,0,0,0,0,0,0,0,660,0,0,0,0,0
*****
