OCIM2K-25: 2000 Full-time year round workers by occupation, gender, immigration status, race/ethnicity, and education, age 25-34, wgtd 1% PUMS, Frey/U-Mich for SSDAN - not for commercial purposes.
5
RaceLat,Gender,Occ,Imm,Educ
7,2,5,4,7
NLWhite,Black,Asian,Latino,AmIndian,NLOther,NLMulti
Male,Female
TopWC,OtrWC,Service,TopBC,OtrBC
Native,FB<1980,FB80-89,FB90-00
0-9Yrs,10-12Yrs,HSGrad,SomeColl,CollGrad,Masters,PhD-Prof
6209,26184,187356,543624,1204653,291616,186391,228,358,1427,4867,7408,2908,2844,615,0,1691,4161,10873,3915,3692,0,721,3608,10328,25940,19919,15044,
13397,56912,426535,805002,691732,82063,15126,94,849,2858,5114,6124,778,193,336,1133,2596,4785,5152,567,388,807,1707,4302,8253,11274,4616,1134,
14155,44645,220088,367045,126154,8394,2182,93,65,1756,2371,1086,276,94,421,933,1100,1733,534,230,0,723,1271,3624,3102,1882,340,452,
67308,213660,818728,697222,99351,6611,4868,490,1321,2999,3046,525,280,0,849,1131,4915,2324,599,68,197,1692,4112,11355,7598,2401,769,268,
46407,154678,727074,443916,70807,6268,1046,104,1079,1964,1610,436,0,0,438,825,2769,1868,732,0,172,571,2439,8913,4277,2681,646,59,
3621,16142,151677,487406,1003216,283865,120302,0,95,882,2983,8233,1959,949,92,59,269,3273,7625,2089,1811,94,241,2854,6193,19282,10386,7911,
19277,82983,650396,1137454,585444,96961,12564,235,417,3207,7032,4470,189,88,1054,531,4583,5881,2683,1372,0,239,1093,6639,9730,8358,2616,544,
13421,56479,228417,276925,70056,9035,4220,121,263,2347,726,345,0,179,258,590,1772,1773,529,0,0,293,880,4537,3701,1890,770,279,
2687,9254,39426,39695,13933,1634,470,267,0,60,284,191,0,92,0,0,418,523,74,0,0,0,228,421,47,185,185,0,
11532,34749,165779,84069,16237,1795,714,175,0,187,549,254,0,0,583,394,650,239,536,0,0,305,918,2765,855,679,228,0,
1213,4812,21359,53530,69162,15042,5720,0,0,402,1317,1050,328,262,0,0,594,4030,2619,1069,650,141,453,1137,2856,3233,1952,1214,
2407,18023,73727,114652,45373,5100,1298,93,372,936,2016,945,181,226,421,1161,2047,3455,2602,88,0,679,1423,3569,4210,1357,429,297,
2532,23698,70338,65361,12248,823,761,316,180,299,409,427,0,0,281,799,1764,1387,590,0,0,835,1327,2936,2233,1467,0,215,
6783,23614,66858,54146,5071,531,227,0,257,772,710,74,0,0,493,501,2100,2314,619,0,0,1100,1127,3897,1573,291,0,0,
6569,40998,149490,86583,8385,399,45,275,103,984,545,137,0,0,623,658,1762,1345,535,121,0,1072,1575,4812,4168,857,168,0,
2045,5162,26108,79217,102599,26690,11227,0,0,118,831,2839,678,571,0,122,812,3106,4632,1964,1111,191,464,642,2019,2496,745,972,
3449,35863,131780,274376,82388,14400,1493,0,229,988,3938,1297,294,0,156,628,3732,7384,3355,672,214,469,749,4243,5607,1600,651,77,
3783,28994,84834,72878,8634,461,457,87,627,146,1117,0,0,121,558,1200,2958,3809,671,0,0,2014,1232,4692,2976,188,0,0,
305,3050,7737,7320,945,0,0,0,0,62,0,0,0,0,61,0,68,151,0,0,0,192,198,208,110,0,0,0,
1716,16164,49415,31472,3502,0,94,0,0,0,136,0,0,0,420,965,515,272,96,0,0,436,571,1273,800,41,95,0,
228,157,1677,6866,24799,7532,6272,135,313,795,4493,18157,4361,6441,958,890,1807,8209,24040,14379,5586,257,605,1999,5736,50727,50442,15903,
105,489,4164,8550,12498,2277,250,88,0,821,6764,6690,791,268,892,1733,5753,14300,11422,2559,546,1139,1721,5316,7659,13492,5177,1198,
73,547,3464,6088,1802,106,157,0,479,1008,1410,714,0,0,1471,2450,3325,4245,1096,0,0,2854,2126,4825,3068,3144,642,395,
314,1258,3411,3527,1109,146,0,45,533,1722,1454,739,0,0,771,1478,3601,3940,1525,97,0,1883,2650,1932,4217,1018,918,119,
349,1426,3386,2596,581,31,0,16,113,1846,1509,763,0,72,1734,2961,6925,6878,2243,224,124,3222,3567,8441,4820,3316,564,0,
388,287,926,4520,21416,6889,6028,88,92,325,5089,16599,3873,4572,618,648,1500,7000,24863,5689,5228,402,621,1514,5432,28910,21603,8237,
97,756,6546,13428,10439,1576,566,124,594,1287,7653,8967,1417,105,599,951,5208,13001,9423,2010,449,887,1630,5056,12786,14205,3500,884,
0,36,1441,1582,1410,206,245,92,384,516,1418,813,0,0,983,909,1822,2647,608,0,0,1412,1978,5560,4339,2195,179,649,
0,0,167,433,350,0,0,225,0,0,273,106,0,0,206,441,374,634,0,0,28,293,346,437,293,82,0,0,
0,87,797,257,1103,0,0,79,218,454,569,316,0,181,1812,1982,3540,1022,867,0,69,3476,3585,3645,3551,1596,282,67,
1301,4171,18399,45203,46559,11601,6746,346,938,3818,2961,5691,971,1199,3929,3235,5040,9529,6331,1541,969,2422,2624,3900,4620,5875,5358,4769,
4849,14520,51744,82051,31040,3245,732,2134,2565,8529,10005,3713,0,119,11150,9271,14252,16757,3091,913,533,11579,6400,10406,9466,5376,800,777,
6265,15138,35402,40976,5946,732,209,2213,2096,2848,4699,911,0,0,35377,15070,16479,8409,1601,101,522,49899,14877,23634,8651,2612,285,656,
16149,27495,57347,39428,4475,481,251,6185,4841,7481,6823,442,0,0,66961,24274,27306,11902,1055,90,56,94778,29492,33184,14065,2798,953,1420,
11003,30142,57519,35696,3760,306,73,5158,5723,6287,5002,500,79,0,47166,24102,28406,11128,893,82,148,56365,22485,29581,13763,2100,596,524,
1274,3610,18022,42793,52475,13847,5380,185,355,1974,6410,3920,1603,643,1208,1226,2867,5690,5140,1548,233,1700,413,1835,4658,4997,2831,1439,
6557,22112,83933,134269,31424,5669,560,1434,3506,10955,17637,3450,1141,172,7898,7717,14646,20051,4646,275,196,8746,5127,12708,11454,3814,636,984,
5368,11326,24674,26895,4313,395,539,1659,1924,2409,2770,16,0,159,10894,7277,9563,6949,562,152,196,21295,7982,14925,6686,1731,147,739,
655,1834,4275,2004,514,0,0,666,238,360,845,136,0,0,4724,1698,688,652,243,0,406,4998,1315,1630,1019,50,0,0,
3533,6162,12496,7741,1845,200,80,1823,1316,1243,966,448,0,0,16958,6767,4469,2752,124,0,90,21289,6890,7272,4105,302,349,507,
332,424,1462,5315,4275,538,715,0,0,237,0,0,0,0,0,0,0,0,106,0,0,0,0,0,0,288,102,0,
162,854,4548,6869,2290,114,0,0,0,90,0,132,108,0,0,172,90,0,65,0,0,238,327,484,111,111,0,0,
517,1841,3925,4463,599,0,0,0,62,0,0,0,0,0,121,61,268,238,66,0,0,353,459,214,0,56,0,0,
1681,3198,9501,8345,591,0,69,0,0,0,102,0,0,0,176,145,75,90,0,0,0,364,0,105,47,0,0,0,
607,2828,7355,4841,147,223,0,0,0,129,159,0,0,0,485,255,0,122,0,0,0,752,160,345,226,0,0,0,
0,935,1954,5430,4396,697,67,80,0,0,0,0,0,0,0,92,0,0,88,0,0,0,0,0,0,120,0,0,
216,1955,6814,16134,3082,312,151,0,0,0,309,0,0,0,0,0,132,233,153,219,0,0,0,74,49,147,0,0,
135,1183,3274,3186,515,30,0,0,0,0,0,0,0,0,0,0,0,0,0,0,0,0,0,440,0,0,0,0,
148,318,625,555,186,0,0,0,0,0,0,0,0,0,0,197,0,0,0,0,0,106,159,0,76,0,0,0,
21,566,1893,536,131,0,0,0,0,0,0,0,0,0,132,119,0,0,66,0,0,325,139,0,0,89,0,0,
0,202,0,527,1632,509,132,0,0,0,88,0,147,0,0,0,0,197,262,167,0,0,0,139,209,946,300,116,
0,94,873,1510,1162,135,102,0,0,92,0,0,0,0,0,67,290,491,0,0,0,68,278,236,110,0,172,0,
119,0,580,456,0,0,0,0,0,182,0,0,0,0,0,97,232,393,0,0,0,29,397,234,273,0,0,0,
0,46,634,349,131,0,0,0,0,219,109,0,0,0,0,190,0,247,0,0,0,422,342,180,86,0,0,0,
0,0,219,496,108,0,0,0,0,332,148,0,0,0,0,0,239,267,112,0,0,29,411,373,124,123,0,0,
0,0,67,730,1387,327,158,0,0,0,0,447,0,110,0,0,256,242,496,0,0,0,0,0,323,319,321,0,
101,263,164,1635,705,204,0,0,0,0,331,0,356,0,0,294,88,304,83,124,0,0,0,165,829,312,0,0,
123,191,26,553,0,0,0,0,0,0,0,0,0,0,0,108,171,420,147,0,0,123,37,220,0,137,93,0,
0,0,0,0,119,0,0,0,0,0,0,0,0,0,0,0,0,0,0,0,0,0,0,0,0,0,0,0,
0,0,110,103,0,0,0,0,0,0,0,0,0,0,0,88,0,0,0,0,0,27,368,0,0,0,102,0,
319,666,1938,11484,15448,4203,2125,0,106,300,1129,976,579,319,108,0,521,1150,2478,932,446,45,230,471,1532,4115,2072,874,
196,1883,6899,14225,8937,2002,122,0,0,654,1534,418,0,0,65,491,1876,2040,1589,404,0,525,406,2399,2461,2969,1146,106,
353,1522,6297,7341,2135,91,318,49,0,932,406,309,0,0,60,364,520,232,145,148,0,381,547,2801,2195,818,183,256,
819,3344,10403,9224,1606,136,0,211,287,399,868,83,44,0,0,471,995,813,0,0,172,451,574,3155,907,391,79,0,
721,3470,10430,8160,506,203,0,246,0,188,383,0,0,0,248,428,1098,1475,209,0,0,836,1001,1661,1414,802,0,0,
304,740,2183,10045,13723,2862,2978,0,0,320,656,1187,569,123,0,25,318,555,1682,624,615,29,0,424,694,857,620,1703,
357,2107,11174,28737,8115,1849,260,67,0,166,2531,176,0,108,307,333,1092,2505,709,161,0,352,377,1625,2195,876,823,421,
324,1250,5432,6390,1962,302,147,80,326,685,613,0,0,0,0,321,1146,452,0,0,0,610,663,1066,722,522,0,0,
107,206,1089,597,145,0,0,0,66,0,0,0,0,0,0,0,0,0,73,0,0,0,0,79,73,0,0,0,
0,661,2521,1672,136,0,0,0,0,31,0,103,0,0,0,0,422,364,0,0,0,165,92,589,452,0,0,0
*****
