WKIM2K-45: 2000 Full-time year round workers by earnings, immigration status, education, occupation, amd gender, age 45-54, wgtd 1% PUMS, Frey/U-Mich for SSDAN - not for commercial purposes
5
Earn,Gender,Occ,Imm,Educ
6,2,5,4,4
<25K,25-35K,35-50K,50-70K,70-100K,100K+
Male,Female
TopWC,OtrWC,Service,TopBC,OtrBC
Native,FB<1980,FB80-89,FB90-00
LTHS,HSGrad,SomeColl,CollGrad
8076,33532,69480,107721,2921,2052,4680,8084,1685,1310,1925,4725,1419,1404,913,3851,
28791,111256,154266,106034,8183,3838,8194,3976,3945,4113,4006,4565,2325,3879,4235,4439,
64218,113639,88063,23939,22167,7234,4739,901,20894,6852,4472,2387,13274,5390,2300,3078,
108264,187824,132717,36288,29990,5485,5605,1091,19246,6232,3215,1729,13099,4852,2366,1936,
114069,181141,95647,20473,26173,7034,4726,1760,18206,6559,4047,2805,13317,6307,5272,3230,
13494,87812,146407,124550,2773,4270,6150,8116,1561,2373,1871,3202,767,822,2047,3110,
93134,637472,598344,137185,11338,22761,22830,9778,8004,10453,8360,8745,2871,6499,7147,7430,
127705,274713,154195,21756,31954,18922,9827,2266,24566,14171,6477,3696,16988,8691,5151,5066,
13793,30621,22528,6991,4068,1731,819,116,2634,1277,553,415,3006,773,318,283,
83335,184596,56245,6413,26928,10000,3684,1672,18609,5358,2711,1305,14962,6018,3487,1505,
8223,42508,94858,123187,2303,2636,4820,7657,972,1011,2135,4927,546,578,1721,4526,
22461,121502,180087,120092,4293,5195,9579,6937,2774,3097,4775,5926,484,1450,1286,4127,
22472,67777,75483,19182,8902,5380,6067,1714,4157,3955,2105,1592,2579,2308,1044,1112,
83402,221264,163571,25466,15039,9450,5589,1226,7073,3986,3341,1726,3352,2759,1330,1674,
96583,233415,122056,21128,15098,7789,6831,1184,7099,3726,3411,1921,3214,3656,1544,2207,
10054,85012,192258,216100,239,3408,10706,10139,98,1392,2166,5032,0,389,763,4413,
34101,393501,536077,167173,3485,16032,25361,9344,1908,3902,7529,7714,765,2567,2315,4159,
16794,59252,61499,14495,4817,5846,5582,1719,4371,3698,2989,1331,1689,1049,1068,2336,
2866,15935,11527,2470,1035,695,586,126,86,417,454,286,257,83,256,0,
23896,86054,32995,3780,7152,4281,1682,763,2502,1016,1518,1198,2008,1650,478,1049,
11444,77824,206380,340415,2390,2507,7645,18779,697,1927,2292,12865,234,935,2051,7427,
22708,154936,304473,203791,3004,5596,15469,13357,1373,2748,3536,8695,452,721,1299,3150,
12331,62146,80597,32835,3860,2319,2394,1136,3241,1129,2315,832,728,634,1144,497,
72878,279183,256373,43786,14984,9187,10239,2236,4661,5297,4957,2724,2264,1929,1897,1642,
76526,263722,173611,32060,12655,9557,8185,2296,3824,4769,2928,1711,1557,2179,1132,1173,
7406,80012,282415,444893,759,3603,12821,22246,417,958,3954,10685,202,216,1476,3705,
15773,214903,383130,169182,2132,7538,19136,13221,703,2388,5960,6274,1050,1341,1332,2941,
5691,22363,29322,12999,1985,2481,3018,1349,1301,1427,565,853,657,943,211,302,
1961,9714,12484,3631,317,535,874,151,255,0,472,30,40,97,0,73,
9605,39579,22554,5821,3030,2467,1309,666,765,453,608,249,638,126,157,464,
8459,71939,248801,607511,1821,2448,10800,36830,765,1604,3069,15378,174,789,1346,8753,
7632,84794,204968,203404,2750,2948,8623,11912,527,1279,2690,6605,145,978,1319,2076,
4107,24973,66935,39999,1785,798,2271,1598,691,522,563,738,122,66,892,122,
31482,182415,210012,39780,6904,7989,7983,3655,2199,1479,2555,1398,680,1329,444,759,
34428,146644,129467,31431,4331,4630,4689,1570,1013,1725,1856,921,510,865,1005,596,
2551,34830,169059,416361,424,1592,7126,28371,660,539,3124,10763,137,350,995,4485,
5233,51662,110822,96963,718,3844,7510,6069,557,1659,1641,2547,88,297,234,638,
2900,5487,11011,8113,746,813,1016,863,120,190,423,399,0,454,114,88,
595,6101,8068,2462,463,221,1088,407,0,0,0,0,250,0,147,79,
2955,13780,12722,4832,186,681,931,459,0,235,91,158,271,170,0,132,
5176,33756,162642,623980,1124,1684,6311,40156,308,699,1659,18456,245,504,1953,11873,
3129,31251,92909,142118,1213,711,5639,7574,14,593,1100,2829,0,0,728,1984,
1122,7194,27629,26682,426,586,1304,787,258,232,331,666,111,0,0,221,
8168,56007,75023,22784,2318,3149,3646,783,499,669,582,1359,77,784,330,294,
8554,40731,39518,18162,1008,1874,1774,779,314,368,592,489,230,148,79,594,
892,11122,56196,203745,476,402,3752,16224,0,258,1315,7848,108,344,494,2107,
1617,14728,39250,41607,0,892,1978,2966,92,0,152,1185,0,395,378,544,
972,2336,3170,3949,282,119,309,461,277,0,70,0,0,125,0,267,
313,1975,3054,1332,0,212,0,82,0,102,0,0,0,0,0,92,
1003,2277,2475,1282,145,0,173,105,157,173,0,90,0,0,0,0,
3689,23892,106986,748670,1053,1972,5610,55057,784,969,2141,24332,145,160,1530,15611,
2787,16127,63783,171947,874,910,2474,7830,161,177,354,2947,0,560,0,1682,
1620,3028,7334,9420,437,268,247,696,0,104,0,0,0,55,0,0,
4809,17654,22385,14418,526,475,341,541,318,78,66,626,256,0,182,0,
5121,11672,10023,10115,196,665,615,911,353,110,83,122,214,105,0,106,
576,5127,21768,120486,121,206,1417,13932,132,262,1067,2894,0,0,0,1371,
915,6770,18754,29157,288,338,1112,2423,153,176,0,509,0,0,290,215,
1061,2381,1042,468,75,92,0,105,279,0,0,0,0,31,0,0,
248,568,508,1007,0,0,0,246,0,0,0,0,0,0,0,0,
501,781,478,834,54,0,138,0,98,0,0,145,0,0,0,0
*****
