WORK2K-25: 2000 Full-time year round workers by education, occupation, and earnings, age 25-34, wgtd 1% PUMS, Frey/U-Mich for SSDAN - not for commercial purposes.
5
Racelat,Gender,Educ,Occ,Earning
3,2,4,5,6
NLWhite,Black,AllOther
Male,Female
LTHS,HSGrad,SomeColl,CollGrad
TopWC,OtrWC,Service,TopBC,OtrBC
<25K,25-35K,35-50K,50-70K,70-100K,100K+
8967,10102,8755,3673,1278,1540,32456,19787,14309,5860,1404,1419,41155,13912,4691,1997,132,419,125127,83470,53453,20389,5737,2387,
94422,64358,35866,8616,2349,930,
42901,50401,55189,29007,9372,7212,147389,136639,98365,36718,11808,5372,115151,59841,37646,10450,2861,619,260791,265934,203190,78881,21391,7810,
242703,255988,171486,58240,9535,2768,
84019,139898,172976,101454,44997,19636,206048,265106,210350,92038,34355,15257,116000,108717,91909,42275,13250,2100,168979,211576,203732,96036,23297,6570,
116218,142634,130544,50070,9405,2800,
135666,289971,510478,431559,255838,151691,107965,175377,216402,159872,85089,74442,29447,39809,41680,21852,7666,1170,27602,31735,32346,16802,4945,2507,
18000,18460,25085,15912,4302,1088,
10862,5426,2950,536,402,168,74927,21284,5938,1916,1462,302,62577,6347,1959,477,795,150,9613,1697,817,257,52,0,
36478,8883,2378,888,0,29,
62600,55248,27337,8122,1906,469,408287,182256,56859,10659,5453,1311,183856,36968,11848,2658,1272,471,22544,11163,4559,1937,0,122,
113311,40627,11357,3555,436,95,
141250,171163,133845,42172,7865,3560,570091,387285,156285,33240,9209,3987,192983,59020,22822,6539,1259,502,21090,10642,5743,2329,385,360,
50410,21036,8922,4248,444,652,
179681,421186,468392,249899,103545,44925,178255,239505,176265,74594,32636,14034,37736,25605,17258,4920,1055,729,6775,4189,3705,1418,521,156,
4657,4666,6805,3441,794,80,
2565,1443,1626,640,252,93,14364,6909,2538,483,285,0,21770,5144,1888,688,478,0,21014,7569,3723,1425,144,0,
36262,9766,4487,1156,125,77,
7216,9253,5589,1072,362,0,38979,23852,13038,3381,790,239,43985,18973,9380,2228,539,232,35153,21580,11034,4313,988,559,
77826,42650,25700,9436,897,539,
14801,21487,15753,5775,2882,1035,44968,43774,25206,8037,1657,691,29893,21178,12193,4916,966,244,21855,17017,14446,4218,1056,151,
35463,30126,18176,6500,2054,322,
11814,20873,32458,20001,10766,6389,12196,16868,15465,7942,3110,2315,4812,5205,3607,2086,565,256,2151,1715,1764,1031,152,0,
1954,2379,4185,1761,242,126,
3374,2381,1446,413,262,108,27455,8255,4114,835,774,110,30843,5933,1059,480,82,98,3014,231,500,0,61,0,
14878,4783,404,124,83,0,
14517,7538,3551,1714,134,226,93561,35278,8993,1846,596,469,71123,15420,4217,1053,211,606,6034,1277,282,262,220,0,
35940,10044,3575,1014,530,100,
31041,32330,15839,5188,775,0,155974,95230,33993,3924,1719,465,56144,16101,6801,1563,171,0,3399,2156,1616,300,110,0,
18038,8947,3832,1384,304,175,
18393,49572,54501,22918,9197,1943,28174,42706,26840,6414,1215,1092,3937,4426,1404,569,196,0,393,230,224,98,0,0,
1159,1159,1038,472,0,0,
10254,7215,4544,1522,682,724,44755,16457,9185,1832,1388,844,129025,21594,5527,1326,415,380,194432,62901,24778,6317,2211,1189,
153947,45972,20835,4433,1753,1069,
12844,13526,10450,3630,1528,525,54036,34902,22174,5952,1645,807,67486,24729,10091,2784,1398,682,76038,44948,28130,7827,3493,1214,
88148,40479,26558,7649,1422,504,
24680,29907,30900,15393,5387,2981,64283,56503,42464,14478,5080,2095,40154,24275,16239,9631,2713,531,36868,29492,26538,10050,3136,459,
38703,28254,21789,8337,1651,473,
32722,47107,89796,99869,68261,33296,22948,28965,34272,22569,12018,8819,7949,6301,7244,3895,1010,356,6838,5236,5079,2365,1154,322,
6550,4842,3750,2721,1217,332,
7795,3489,2141,1172,723,0,58890,11633,3380,1190,240,131,71009,4885,1631,790,502,176,16916,722,863,93,55,297,
68936,7271,1234,436,277,526,
14224,11820,5343,2059,659,380,105672,39587,12183,2870,1063,458,60182,8514,3124,1193,66,291,7308,1285,836,295,0,0,
31151,5672,2215,79,207,158,
28458,37932,23935,7315,2085,542,145991,96753,34368,6267,2324,368,45138,13174,5235,1479,491,105,4043,1561,1188,516,146,0,
15929,4334,2503,1099,132,93,
28792,67307,91778,58851,27500,10211,36410,38617,31092,13082,4513,2140,10205,3971,2993,1602,184,154,1456,344,486,152,0,0,
3800,2608,1882,490,273,0
*****
