WORK2K-35: 2000 Full-time year round workers by education, occupation, and earnings, age 35-44, wgtd 1% PUMS, Frey/U-Mich for SSDAN - not for commercial purposes.
5
Racelat,Gender,Educ,Occ,Earning
3,2,4,5,6
NLWhite,Black,AllOther
Male,Female
LTHS,HSGrad,SomeColl,CollGrad
TopWC,OtrWC,Service,TopBC,OtrBC
<25K,25-35K,35-50K,50-70K,70-100K,100K+
12051,10647,14569,10491,4755,3920,31400,30488,24995,10991,5226,2069,48221,16055,9235,3849,880,779,134317,103649,89318,39400,11703,6235,
104269,90735,67444,25333,5799,3047,
46480,61335,101857,80991,40691,29092,127552,157908,194491,97832,36594,19392,114118,84521,67928,29877,5837,3274,288960,335202,376988,211145,56792,21628,
215364,290832,314791,151575,31240,9413,
70083,122874,242383,247029,141900,89462,134173,199197,306951,197650,89218,60037,74728,76832,105391,74752,26288,6345,144037,195451,292956,204705,64766,19598,
85637,134384,175579,101708,25245,6972,
93839,148810,414918,626386,631345,665464,75558,116428,196891,184122,157624,191596,19214,20674,36140,38381,26042,4655,23934,27564,39329,35781,13921,8092,
15217,17253,26020,25816,14526,7253,
13063,7375,6198,2508,817,663,88464,34571,13371,3252,1549,1005,87346,11213,3730,629,244,450,15672,5031,1941,745,325,167,
67102,18253,7188,2200,309,88,
92378,92325,63481,27065,6932,3187,587584,329337,173560,36031,12213,3837,254553,55614,22780,6102,1968,680,43335,18789,9989,4353,1193,335,
165018,75362,32181,7575,1960,902,
147292,212201,286796,133195,37487,14556,572848,469179,299496,91917,28093,14368,170081,64339,35019,11748,2799,1330,22955,14240,13256,6266,1970,831,
58393,32884,20025,7392,2273,892,
114083,223115,426117,363539,204984,149401,112853,151393,158201,90970,47847,38364,24903,16942,16140,9432,3331,881,5811,2732,4083,2694,870,457,
6541,5360,6257,5042,2651,526,
2611,2581,1132,759,631,69,10187,5512,3353,1611,735,203,30701,7202,3658,1166,616,171,27898,14028,6680,2865,1278,392,
36762,17208,11286,3309,1510,930,
5262,7686,7145,2611,1225,441,31426,23660,19942,6770,3720,1112,48099,19120,13869,4278,1120,322,34101,28399,20715,9388,2000,826,
70466,51091,37577,14746,4225,1468,
11027,17707,25519,12354,5946,2009,34718,38440,40393,15091,4944,3298,28135,19764,16370,11587,3551,417,17243,21505,22677,12088,3576,1420,
26562,29747,29015,15631,3813,676,
7460,13773,37327,37853,23204,17676,12362,16034,22437,15110,6654,4037,2953,4952,5790,4665,1812,786,2483,2128,4077,2919,1068,83,
4914,3573,3940,3353,885,191,
3724,2047,2019,1090,505,0,24457,5850,4099,1195,328,619,59501,7849,2467,1145,619,266,2793,1020,196,0,0,0,
23940,6020,2618,0,75,235,
16542,10895,7726,2268,346,0,84819,50255,22540,3197,863,1244,92071,22374,5960,2423,918,473,6498,2434,1641,513,0,0,
49009,14832,8703,1953,467,238,
29374,41667,39545,15809,4490,1109,127631,111550,67601,13777,3114,1277,53867,21031,11181,3408,1112,297,3446,3051,1876,732,413,0,
18796,12976,9111,4510,546,112,
16346,29701,59109,44542,18556,8438,21730,38904,37874,11900,3498,2120,6104,3978,3771,2143,1717,212,955,440,557,304,149,0,
1277,1501,2015,1031,262,0,
8960,6008,5423,4213,2256,1642,34736,14655,12380,5407,2037,650,90805,20793,9586,2025,1600,868,133270,54437,31150,11130,3412,3526,
112425,50417,32161,9212,2725,2462,
9644,8754,12797,8244,3654,1139,29165,22184,20997,9716,4291,1904,42962,17907,10480,4147,675,1394,53707,36853,37963,14746,5918,1881,
53510,42621,31484,11465,3962,852,
15086,23585,32971,27836,13026,6699,34934,36583,52130,25571,8676,4486,26664,17410,15952,13765,6161,829,27179,27682,35474,20727,7968,2553,
26349,24711,28280,12221,4434,1202,
24782,28387,61848,103828,91992,82309,21490,23919,34985,22832,17537,10372,6972,5419,6402,5044,1224,1118,8841,4559,6629,4890,1505,1190,
10236,6491,5710,2482,3293,1240,
7590,4210,2286,1054,533,316,50680,11184,5306,1094,333,201,91016,8829,3487,1191,758,580,18155,3057,804,272,198,46,
98109,12480,3927,801,819,229,
14172,14064,9101,4017,1324,475,82216,44304,24186,3867,1766,951,63752,14215,4086,1339,487,91,6824,2519,1248,518,147,0,
42297,13312,4237,1267,363,145,
24215,29664,34946,17510,5707,1975,102706,78824,56767,16513,3136,1383,39797,15321,7208,2457,643,204,3594,1754,1742,1267,427,0,
19801,8171,2886,1041,251,273,
22215,35838,65869,62921,36556,22586,27399,29191,31448,14165,5163,3298,11180,3703,4226,2274,1309,218,1228,337,320,283,873,0,
5611,2798,1794,303,29,640
*****
