WORK2K-45: 2000 Full-time year round workers by education, occupation, and earnings, age 45-54, wgtd 1% PUMS, Frey/U-Mich for SSDAN - not for commercial purposes.
5
Racelat,Gender,Educ,Occ,Earning
3,2,4,5,6
NLWhite,Black,AllOther
Male,Female
LTHS,HSGrad,SomeColl,CollGrad
TopWC,OtrWC,Service,TopBC,OtrBC
<25K,25-35K,35-50K,50-70K,70-100K,100K+
7441,7805,10628,8028,5057,3590,21118,15431,20277,7484,2916,2427,35776,13226,7472,3473,918,1124,84547,71376,64393,30375,8108,4493,
77433,73807,59085,29348,7302,3795,
27886,39641,71647,67113,32659,25070,92610,106323,140353,76400,29620,17096,81274,52574,50731,22022,6047,2437,164455,200357,261101,171435,55261,16513,
141115,196515,230757,131591,35337,10599,
62240,84217,183649,234045,155014,107086,129682,153081,265031,184887,87306,61316,66549,59218,67236,57054,24005,6327,118777,146086,231083,186126,70055,21067,
76528,101514,148188,112530,33729,8127,
103064,115894,318556,579353,609008,763043,98122,108659,188708,191664,137929,171743,22011,17067,27863,35047,23824,8959,34820,25126,40410,39113,21817,13924,
18436,18554,29683,29472,16212,9820,
10318,6965,5437,2179,672,449,74283,25941,12215,4046,1266,606,78139,10789,3621,1770,251,650,10343,2112,1265,700,313,0,
57754,17959,7620,2241,571,311,
77701,74715,71180,30819,9949,5255,568494,349345,185663,44574,14600,6321,208330,47538,17621,4370,1720,1089,27551,13916,8744,4608,1188,568,
150077,71126,29504,10334,1257,584,
126923,165595,244988,147035,50226,19846,514273,445673,317797,95037,35473,16795,122750,48178,23793,8995,2754,824,20057,9785,10428,6416,1868,399,
42016,27689,16090,9199,1776,368,
114034,199760,399077,376995,186011,113412,127986,146018,144883,84593,37528,28616,20345,12633,11401,6765,2983,573,6587,2533,2770,2415,1026,600,
6099,3971,5335,4245,1162,927,
1291,699,1059,1086,667,490,6722,5520,1882,1072,479,0,25737,7558,3950,1498,302,443,17854,10060,9818,3627,358,300,
27689,16319,14851,3954,1274,924,
4039,2871,5591,3006,1222,319,13704,12213,11147,6035,980,123,25998,15106,8009,2898,858,750,15774,16995,15187,11121,2519,986,
33177,30808,29796,13717,4426,1217,
5591,8529,15245,10340,7364,1868,17661,21595,28813,14762,4749,1496,17529,12689,8998,6936,2594,598,10446,11713,17281,14572,3685,733,
15320,17205,22443,13890,3609,2003,
6871,8901,22322,31827,24053,15098,6808,11514,16546,11916,6621,2346,2189,2314,3739,2947,2322,363,1343,1107,2902,2655,1091,300,
2388,2931,2971,2651,2166,500,
2828,1592,1443,329,150,200,13785,6188,2551,1197,236,191,46015,8787,2481,1170,539,587,3102,513,238,135,0,60,
20484,5263,2218,358,432,94,
9370,9091,5441,2539,1226,73,50210,34575,23513,6317,763,200,62413,14401,5109,1100,442,1286,2775,1706,597,700,797,0,
29974,13555,9113,3819,1020,197,
15246,21171,30630,19303,4989,1892,64770,73885,52943,13926,2637,1657,28320,13264,4834,1534,693,132,1620,1277,1909,2210,260,15,
11713,4766,5673,3308,811,110,
10926,16120,38864,39895,18741,9079,12283,21211,21630,11043,4524,1111,2540,2992,1485,1342,497,0,246,69,647,454,306,407,
618,403,887,554,120,0,
5369,3540,3078,2105,1129,1591,15404,9061,5378,2498,961,1395,59040,17326,8738,1734,697,490,68198,27430,20576,7263,2596,1116,
66643,31868,20626,6980,1530,1165,
6373,4221,5955,6661,2762,1604,16772,12708,12501,7564,1955,555,25843,11740,7488,1439,1107,268,24164,20107,19308,10656,2829,708,
26749,21263,19674,8556,3358,736,
9167,10788,19474,19631,10187,7313,23358,21051,30933,17951,8321,3799,15496,12792,10216,6671,2665,656,14680,16032,25102,20296,5841,1174,
17844,15123,15225,10597,4625,591,
14446,15502,38608,57292,61404,65529,14084,16909,23739,20417,9955,10317,6105,4219,3698,4463,2210,794,4881,3859,7076,3824,2312,1361,
7444,4955,4586,2395,1646,934,
5449,1834,1904,1264,654,180,27279,8130,4892,1353,207,559,77059,8095,3532,826,741,178,10056,1619,1070,473,0,188,
65596,12336,4200,813,302,248,
8206,6395,8168,3953,951,267,58481,32082,16994,6571,652,763,45754,7906,4484,1474,418,129,4076,1508,1005,1014,304,0,
25921,8320,4008,713,173,0,
14306,19127,25048,13966,6542,2514,57638,51724,38818,11244,3648,1704,24580,9696,4489,2035,102,86,2541,1761,1493,677,926,94,
12398,4218,2865,1237,61,138,
14018,19804,43588,43090,25172,16192,22869,21161,25105,10581,4250,2577,9899,4256,2617,1356,1197,0,972,280,468,79,174,246,
4178,2416,978,782,195,52
*****
