2008 School age children by school attendance, poverty, English proficiency, race/ethnicity, immigration status, and gender, wgtd 2006-08 ACS, SSDAN/U-Mich
6
Imm,RaceEth,Gender,PovLevel,School,EngSpkg
2,7,2,4,3,5
Native,ForeignBorn
NHWhite,Black,Asian,Hispanic,AmIndian,NHOther,NHMulti
Male,Female
Poverty,NearPoor,Middle,Comf
NotEnrolled,Public,Private
EngOnly,Verywell,Well,Notwell,Notatall
57088,2382,820,474,285,1177946,43946,5707,2984,187,95647,13829,4473,4731,1406,
30943,1925,904,577,85,852286,27809,4171,2689,53,90830,8075,2857,1287,81,
181473,9097,1684,764,140,6665256,207058,22151,21127,715,876228,45223,8120,4863,362,
57993,2476,331,125,0,2818810,99972,9879,13067,280,704084,39303,4213,4061,104,
52830,3882,728,257,273,1120502,49722,4773,3948,125,92640,14478,4549,2424,346,
30840,1652,817,117,130,802530,34224,4163,2733,179,87940,9230,2681,732,90,
166006,8784,2293,727,200,6228346,226507,28640,24597,730,853299,50179,7801,4170,239,
54029,2760,484,390,123,2633049,111659,13377,13752,392,693297,41180,4089,3903,91,
39168,851,136,21,61,1023637,25681,3870,1822,13,28148,2458,167,151,0,
15690,166,50,0,0,453236,16977,2994,998,0,16569,1141,70,69,0,
37482,1934,193,53,0,1366110,53327,7523,3740,163,99493,8465,585,748,0,
5680,292,0,24,0,219712,8299,1359,580,0,42390,2060,282,136,0,
37626,577,194,104,0,1007981,33003,4892,2595,265,31281,2601,309,243,23,
12783,604,20,29,0,442275,17698,2666,1203,0,16883,1523,219,94,0,
32360,951,121,135,0,1302521,64227,9371,4407,139,98956,8562,825,858,0,
5283,264,0,66,0,208533,10245,1493,1178,34,41385,2755,417,323,0,
578,615,267,84,0,23285,37669,13110,2500,249,1014,2370,370,86,0,
329,332,115,57,0,17507,32798,8219,1901,101,811,2103,245,223,0,
2305,2701,508,280,64,149008,160563,25366,9037,253,17994,11463,2615,626,37,
1294,1194,321,53,0,90504,70784,7557,3904,165,24859,13603,1133,650,0,
914,715,184,156,54,20875,42176,11464,2203,148,1301,2193,386,120,0,
448,440,329,114,46,16288,31253,6325,1531,17,875,1842,228,66,0,
2628,2377,534,201,0,126300,167304,24591,6862,297,16721,13035,1779,438,0,
1488,996,98,92,24,82010,75491,6701,3291,104,22837,13812,1187,1059,0,
9035,12140,3005,1741,1371,264453,526006,133918,39403,5078,8852,10260,2204,692,36,
4274,5910,1929,988,289,162723,362903,80803,20448,2011,7199,10131,1209,502,0,
16438,16641,3061,1421,945,742139,919051,148518,38938,2829,60088,45029,4951,1914,84,
3515,1671,321,233,80,167167,83122,7590,4646,114,38451,20308,1623,1051,34,
8755,14094,2646,1125,535,241623,544521,118593,37512,5594,8039,11544,1883,512,95,
3569,7631,1238,804,538,147783,358528,75190,18479,1319,7691,9144,1290,222,42,
13320,15637,2943,1230,293,654510,931303,136317,35482,3055,61892,52263,4073,2138,98,
2591,1414,68,100,37,152476,90568,6831,3672,88,42062,22032,1687,1089,34,
2703,461,42,14,12,45647,10581,2190,708,84,1335,368,38,15,0,
793,209,16,77,0,24046,6691,816,575,0,1130,148,0,0,0,
2711,657,124,0,0,82000,14679,2312,853,17,3830,1089,0,44,0,
291,10,0,0,0,12739,1205,81,49,0,1309,107,0,0,0,
2143,565,91,109,0,47840,12785,1661,632,160,1731,901,0,35,0,
889,248,0,0,0,22116,6131,1162,328,0,1002,90,0,0,0,
2327,618,0,30,0,74970,15303,2524,797,35,4757,1032,77,176,0,
185,85,0,0,0,10771,1473,95,229,0,1364,244,0,0,0,
380,109,0,0,0,6942,2751,923,151,0,386,199,92,0,0,
104,0,0,0,0,4182,2520,419,80,0,114,22,0,0,0,
764,171,0,0,0,21700,7797,1214,418,33,3165,676,36,26,0,
335,11,18,0,0,8527,1788,108,81,0,1658,710,53,0,0,
454,0,41,0,0,8115,2614,974,205,0,316,426,0,0,0,
166,104,0,0,0,4785,2432,439,23,0,268,192,0,0,0,
893,109,28,19,0,21520,8956,1131,500,0,3409,727,79,0,0,
205,111,24,0,0,6302,2088,69,109,0,1926,438,51,0,0,
3380,187,20,0,0,105651,4364,275,266,0,4909,293,98,0,0,
1523,166,21,0,0,60020,3027,153,138,0,3987,373,24,44,0,
6365,410,0,22,0,297723,17010,2082,1151,3,29623,2983,346,144,25,
1809,82,42,0,0,98719,7096,607,473,101,23470,2758,258,92,10,
2942,235,108,0,0,98764,5610,653,380,0,6354,501,9,0,0,
1359,0,0,0,0,58888,3290,256,157,30,4422,284,98,0,0,
6578,318,14,40,0,276634,19408,2183,1257,0,30210,2601,193,167,0,
1901,103,0,0,0,91853,8380,562,484,25,24674,2523,103,161,0,
484,362,217,494,123,3402,14006,7244,1874,222,412,1033,415,137,198,
242,436,147,266,0,2013,9751,3512,756,118,414,419,253,32,0,
912,1367,640,188,21,23397,54071,10947,2668,307,5331,3790,767,167,0,
504,214,147,65,37,25237,16055,2088,475,98,6299,4503,913,139,91,
177,945,284,136,221,4074,15960,6936,1900,167,433,921,693,243,0,
40,397,38,205,32,2563,11202,2734,722,232,119,830,250,0,0,
919,1420,338,134,211,20458,53306,9572,2341,145,3759,4390,645,288,36,
441,442,88,166,79,21721,19137,2481,408,23,6397,4409,538,317,100,
461,552,370,146,211,9036,11852,5541,3153,602,452,261,169,98,0,
290,23,56,22,72,7760,7842,3114,851,64,267,270,42,0,0,
1261,466,407,244,0,20868,15302,5900,1635,220,2181,1301,205,94,0,
67,78,0,0,0,2739,1796,463,79,0,346,110,46,23,0,
489,316,267,117,341,8628,11145,6300,2518,538,333,485,85,67,106,
263,225,113,131,0,6999,7352,2544,784,62,292,115,139,90,0,
983,251,310,144,205,21706,16257,5576,1354,243,1361,1475,238,111,30,
202,26,0,0,0,3489,1355,225,53,22,977,591,0,47,0,
0,983,577,228,186,3364,17246,12430,6518,628,182,902,1266,424,30,
77,347,489,248,265,1904,12589,6915,3434,56,80,411,431,58,23,
693,1413,1137,736,289,21603,65204,21421,6869,605,2606,3350,946,380,0,
169,643,170,74,0,14095,22872,5112,1777,216,3278,2326,383,162,0,
178,582,496,244,324,4091,15826,10454,4518,697,356,1347,744,139,0,
111,230,211,173,0,2280,12064,6128,2017,198,183,642,281,177,0,
1014,1616,1102,662,142,27301,61649,19598,6536,536,4602,3113,1148,300,84,
404,328,359,76,86,22624,24087,5726,2067,181,7698,2465,440,204,70,
1200,3840,3439,5056,6622,3882,110762,62929,29910,7452,246,1219,699,320,43,
763,2551,1736,2941,5044,2002,81091,38574,14284,2710,24,1164,456,105,13,
862,4996,3809,6402,9141,7414,142298,57383,21146,3672,1132,3504,794,154,165,
121,383,91,310,200,3490,9290,2463,810,147,1286,1644,94,176,25,
819,4595,2910,3226,4065,3266,107638,55195,27054,5288,125,1674,745,169,71,
234,2809,1215,1672,2708,2060,76808,33421,14740,2162,78,878,286,0,0,
487,4335,2080,3496,4174,6015,139458,51195,17029,3591,1232,3893,761,491,63,
48,495,112,185,127,3347,9504,1538,936,89,1304,1814,89,0,0,
9,0,64,66,0,146,863,301,205,42,0,0,0,0,20,
0,52,0,0,106,139,555,271,188,99,0,0,0,0,0,
0,0,25,0,21,576,863,477,172,0,84,0,0,20,0,
0,0,14,36,95,238,72,0,0,0,167,52,0,0,0,
79,24,0,0,55,264,450,489,151,0,0,0,0,17,0,
0,124,0,0,108,131,566,269,235,0,0,0,0,0,0,
0,0,0,0,0,691,452,527,121,0,144,84,0,0,0,
0,0,0,0,0,292,124,0,0,0,143,0,0,0,0,
0,89,26,73,17,487,659,447,11,45,144,0,0,0,0,
48,115,0,0,0,719,829,124,64,0,31,17,26,0,0,
39,0,31,232,0,1609,2548,476,136,0,126,0,0,0,0,
0,0,0,0,0,345,341,158,60,0,190,38,30,0,0,
25,0,16,69,0,802,432,288,141,0,77,50,0,0,0,
0,126,0,0,0,458,334,43,108,68,42,0,0,0,0,
101,0,0,0,0,1693,2592,602,38,77,33,0,27,0,0,
0,106,0,50,0,270,157,28,0,0,20,22,0,0,0,
0,37,0,0,0,333,532,210,73,0,1,36,0,0,0,
0,0,0,0,0,122,328,59,109,0,35,37,0,0,0,
69,26,0,0,0,1715,1457,307,166,0,189,157,0,0,0,
35,59,0,0,0,621,587,25,44,0,295,101,0,0,0,
38,0,0,0,0,168,708,177,77,19,11,74,0,0,0,
0,45,0,0,0,269,219,92,30,0,39,35,0,0,0,
128,29,29,0,0,1443,1097,342,204,0,291,221,0,0,0,
0,34,18,0,0,1116,495,212,0,0,347,142,81,56,0
*****