2008 Education by Immigration status, race/ethnicity, gender, age 25+, wgtd 2006-08 ACS, SSDAN/U-Mich
5
RaceEth,Gender,AgeEduc,Immentry,EducAll
7,2,5,5,7
NhWhite, Black, Asian, Hispanic, AmIndian, NHOther,NHMulti
Male, Female
25-34,35-44,45-54,55-64,65+
Native,FB<1980,FB80-89,FB90-99,FB00-Current
0-9Yrs,10-12Yrs,HSGrad,SomeColl,CollGrad,Masters,PhD-Prof
291052,694522,3400492,3650432,2661256,561707,246674,
434,997,5267,6987,5542,1195,1704,
1588,2969,14555,19585,20537,5670,4549,
6640,7668,43010,40328,43520,18398,9466,
9208,5940,45905,43528,60496,40528,18442,
364712,727967,4005068,3828135,2885273,959041,466155,
4072,6944,28542,28437,26662,9580,7305,
7693,5604,29651,30879,29488,14613,11644,
9147,9243,60350,58282,65600,43678,32648,
8544,5684,38723,27513,44039,27969,20732,
440479,804652,4710461,4318864,2857889,1105575,627318,
15495,13926,60692,70206,54927,28482,15994,
9557,7872,36573,36638,40605,24126,21825,
6917,6482,38264,32681,41875,26939,20124,
4195,3792,22413,16843,19692,11260,7818,
487340,534535,3069968,3357870,2312147,1176996,695468,
33037,21643,74294,78152,62245,38313,30661,
5843,4099,16736,15585,20003,12587,11582,
4832,3534,17522,14117,19721,11140,8775,
3404,2364,10494,7154,9347,5178,3175,
1365452,1055341,3847728,2693704,1775843,892243,671349,
114218,52507,130804,100227,69786,44067,52199,
9769,3760,10191,7544,8368,6497,5826,
12334,4404,14894,9678,15934,6891,6753,
5532,3042,8189,3291,5104,2256,3017,
216933,478742,2497912,3846517,3064643,942475,257722,
554,678,2917,5685,6690,2209,1580,
1395,1917,8895,18854,19329,7500,4261,
6184,4730,38941,50438,47982,19650,7375,
7302,5528,41107,53863,73703,43353,16729,
269962,501744,3341923,4413908,3118814,1188132,365239,
2480,3992,26153,32502,29429,10676,5768,
6360,4976,32490,35510,30204,13270,8171,
8936,7113,57302,72545,77230,40004,22410,
6593,5794,34915,33937,42909,24946,13862,
324498,593103,4508061,5063145,2939184,1310233,385005,
15962,12801,67104,75016,46704,20603,9511,
8546,5629,34354,42987,34718,18923,9825,
9911,5725,43310,40914,47864,21560,11416,
4806,3521,23395,19501,19449,9998,3801,
381571,593114,3935703,3708628,1947483,1264841,308787,
37925,25694,117105,110483,59175,34893,15305,
7679,4000,20117,21311,16949,10393,5122,
8676,5371,21979,17220,19427,10266,5072,
6715,2967,13788,9530,9041,2979,2346,
1719304,1682969,6876757,3623804,1598315,783978,214386,
193818,99742,294243,193239,75321,36750,20848,
18498,6025,20124,9637,8319,3950,3029,
23222,5262,21364,15424,18694,7384,5545,
10332,3354,13508,5592,5629,2607,1393,
95684,296315,850556,670269,246883,49356,14963,
115,334,1822,2417,1555,468,219,
1305,2479,13958,16200,8641,1996,979,
4557,7896,30296,40623,22516,5940,1794,
10212,7727,33348,37278,22294,5947,2275,
87681,249829,885659,652497,235109,71007,22060,
943,1805,8140,13390,7884,2530,916,
3937,5415,22864,23509,15097,7615,1960,
10079,7743,35276,31157,22222,9909,4786,
7766,5748,26581,18866,15972,6633,3717,
120426,276214,789813,601337,209680,63448,23635,
3268,4614,17193,19878,14274,6943,3442,
10989,10798,30663,27544,20074,11432,4960,
7407,6633,21211,13184,9368,6094,3424,
4795,3145,12158,7644,7381,2710,1709,
130096,177927,442058,350799,123702,56989,24075,
7125,5264,18732,16970,12582,7873,4018,
8820,4321,14468,8472,4518,2551,1805,
4035,2088,6434,3384,3332,1480,1042,
3285,1894,4896,2788,1959,605,774,
316453,186150,311214,184424,61638,40515,18467,
12865,8692,18846,9727,5196,2875,3213,
5970,2876,5574,2100,1199,429,362,
3623,1376,2863,1110,818,453,397,
4392,1263,2348,1358,319,275,278,
58451,233584,720854,893870,354932,112316,24380,
188,194,1176,2163,1810,719,130,
753,2709,10637,20029,13506,4235,1133,
6842,7260,29341,46100,22797,5409,2248,
11311,9118,35096,35509,20286,4634,2525,
70917,223347,809409,930302,349017,131797,30909,
792,1562,7597,14923,9869,4717,1898,
4091,5283,23545,33454,21445,7884,2472,
8960,10122,39613,37953,19534,6856,3738,
8782,7320,27252,19679,11596,3054,2164,
94156,255901,796043,851847,293256,127509,29743,
2918,3775,16846,26233,15052,7765,2466,
10014,8685,31725,29178,17777,6650,2169,
8229,7134,27024,15779,8357,3598,1328,
7868,3954,11271,9024,5348,1773,647,
116269,199700,541039,486940,155619,108261,23571,
6984,6789,23776,23028,9946,5712,1723,
9960,5229,16103,8326,3843,1352,385,
8185,2520,9338,5370,2709,916,378,
6745,2711,6093,3802,2516,436,234,
438594,331524,532295,298285,105860,77549,14083,
21836,11284,27605,13741,6884,3120,1512,
10880,4067,8988,3034,1554,606,162,
11981,2585,5734,2545,1126,330,111,
11296,1897,3483,1363,827,367,46,
3201,8455,45878,78988,108426,25592,19612,
293,1457,4430,12607,17546,4865,5440,
3482,8918,28747,51554,59266,11770,8226,
11011,11016,44625,57892,83040,50767,14186,
8866,6168,27160,33017,123576,113960,30444,
3710,6129,31534,46687,54936,20245,14797,
3009,3350,17236,36383,45832,16341,14603,
15821,17028,50476,66661,70736,36341,19550,
24246,15901,52671,46518,99041,88497,48341,
11709,8344,29895,22023,70521,38848,24701,
3818,4183,24855,43482,38423,15604,10786,
9563,9626,26411,45279,41174,20315,13176,
31230,19830,57087,59090,72108,42816,33205,
17480,8900,39384,29147,48320,23137,19398,
11751,7398,22212,13758,32586,9600,8441,
2366,1901,16295,28730,24863,9658,7043,
12647,8878,26003,42257,57983,34029,29541,
21597,9568,28500,26151,38033,14053,9909,
14245,8819,25057,18066,24851,6639,4482,
9735,4186,11997,8003,15612,4336,1787,
9937,6786,32160,23234,18603,6279,5622,
28680,9866,26884,27550,43553,23765,33687,
29393,8214,21712,13498,21175,4466,5433,
24359,9027,20553,10912,19084,4251,3146,
10513,2808,10188,5583,14331,2425,2406,
3179,4672,30648,66621,103688,31904,21693,
513,788,5075,11564,19394,6588,5555,
3027,5016,21931,43612,62635,13846,10386,
12529,10663,45721,59359,95955,41558,14930,
14315,10324,46620,59863,166824,99434,24521,
3230,3958,26561,44668,52862,21512,13978,
2234,3268,15748,33452,48465,15288,11482,
17961,14684,48910,66595,76216,25030,12173,
33920,19635,73220,70202,135752,75689,28725,
19208,11588,46604,40900,89989,28750,16437,
3053,4110,23010,42330,41078,15341,6975,
15182,10180,35799,50946,53371,17001,6374,
40972,19664,72295,67464,105675,32780,14617,
30141,15241,50789,40306,63300,15937,9865,
18202,9649,26553,17973,37414,7601,3944,
3228,2859,18005,28110,24453,10227,3768,
31662,18666,52864,54506,83467,22486,13602,
34065,9641,32438,22945,40329,8612,4782,
31093,11610,29263,16648,25499,4399,2548,
18675,6318,17993,8118,16708,2861,910,
16126,7958,47890,26313,15765,6597,1775,
68158,21101,60077,38274,48906,13964,11461,
69192,9765,29909,13743,18292,2597,2137,
56550,9348,25927,10372,17090,2911,1799,
24630,4451,14309,6782,11065,1415,1473,
127131,211657,593878,541665,190255,36816,16951,
9033,9490,23450,20672,7435,1203,1077,
74322,49764,113083,72148,27178,4346,1639,
491869,146084,349795,123634,41422,7751,3700,
428763,92182,277538,93619,52806,13169,9455,
102468,142034,410576,373574,152274,46110,22211,
51261,33787,71956,59400,24066,7558,3028,
379141,100560,218661,106500,39684,9478,3947,
299366,74288,201455,85568,46123,12325,9982,
181121,36256,115647,45253,39068,13935,8754,
95102,109510,305652,262455,96333,31805,18562,
213090,49359,108292,83444,34271,11241,6289,
208755,39806,102499,69129,32059,10218,7940,
110266,19186,56518,28412,27789,6805,6640,
76372,10980,38838,19567,18904,6662,4543,
103665,56359,155028,150113,54682,25189,12209,
177072,28854,71616,53870,24408,7969,7666,
80832,11990,30676,16211,10941,3628,5272,
44468,8357,18703,10571,9132,2364,3255,
29036,4113,12233,6628,7642,2072,2164,
185952,57849,121935,79587,27897,14490,8354,
191357,28927,58684,40775,23601,8602,12971,
47215,5440,12416,5358,4364,1722,1436,
38844,3643,9155,3060,3921,606,1511,
24348,3356,6957,2136,2698,714,974,
91513,156888,468149,593646,244739,61791,18401,
5126,7529,19686,22642,8568,3112,443,
44009,36911,82975,72864,28484,6481,1690,
327859,95242,233192,114702,39778,8096,3835,
255060,60330,187420,83603,61853,12280,9399,
88017,113877,364331,435485,166348,61050,18068,
35832,25008,64556,69684,25080,8595,2750,
231777,66467,151382,94203,33220,8965,3579,
287282,64539,188685,92572,58387,11849,9986,
130701,24741,90725,43835,43508,10814,10536,
94765,93812,305767,307361,104577,44311,12396,
159167,37525,96128,94081,30625,12424,5377,
185487,33250,92561,63315,30215,7796,5496,
124148,20008,59685,36629,26989,5902,5412,
72435,10036,36544,20473,18091,4443,4352,
118206,63607,193608,155698,42220,25738,7137,
169135,30219,84919,65615,21573,10344,4837,
81968,11910,30737,18792,9922,3256,2106,
70805,8375,20207,10417,8693,1430,1386,
43023,4620,18327,7237,5464,1373,1579,
272122,79418,169293,83714,23536,11958,2910,
250535,36413,94606,50285,26392,8986,7262,
70737,6619,16561,7117,5488,1038,713,
68482,6712,12803,5025,3331,997,1011,
46685,3731,11610,3783,3057,555,965,
8158,21369,60947,47033,10584,2698,976,
148,11,222,275,41,69,0,
867,289,452,690,361,0,0,
4244,1049,2039,1127,347,105,19,
5373,1145,1995,677,361,119,0,
11051,19292,59641,46403,12257,3363,1833,
360,252,685,453,161,58,34,
3877,539,1521,1192,194,77,47,
2102,911,1249,949,202,222,137,
2997,412,703,374,663,38,90,
11116,18706,51448,47668,12894,4189,1669,
2144,520,645,877,262,218,21,
2151,311,864,736,294,142,73,
1039,95,152,333,155,30,126,
1093,65,96,84,43,32,136,
10001,8977,30429,30867,10459,4588,2617,
1570,269,742,390,172,16,205,
750,184,238,256,193,25,0,
378,198,178,102,21,26,0,
572,0,128,30,47,0,0,
22727,7975,19344,15036,5067,2626,1669,
1195,201,391,448,20,96,136,
298,16,33,34,0,0,0,
274,0,81,45,0,0,0,
237,36,56,0,0,0,0,
6349,17359,48958,58947,15933,3907,1160,
91,69,139,106,64,47,0,
357,72,798,665,92,83,0,
2610,425,974,501,388,71,47,
2562,508,1194,892,406,284,0,
8278,16695,52845,62068,16957,6563,1730,
75,107,395,565,341,93,35,
1810,302,1393,926,183,88,104,
2198,332,1271,909,425,70,25,
1592,185,200,139,209,22,35,
11018,16130,54267,60769,15696,6550,1652,
1203,378,821,927,209,23,81,
1319,157,562,341,231,5,0,
895,213,587,341,45,25,58,
411,188,303,56,132,98,16,
11822,10926,37272,34558,10042,5247,1869,
988,190,930,411,243,27,61,
433,363,176,90,75,31,0,
516,0,389,87,69,0,0,
335,0,46,112,40,0,0,
29422,13277,26877,20057,4158,1917,1338,
1449,199,671,552,395,3,35,
634,0,115,39,86,0,0,
321,37,80,18,71,0,0,
197,48,57,28,0,0,0,
734,1513,5563,8746,5227,719,632,
26,201,146,197,213,110,20,
221,320,1481,1650,1072,200,65,
3095,785,3435,2676,2164,1075,298,
2985,1573,5514,2366,3455,2543,550,
938,1142,4301,6499,3729,1390,931,
532,124,1390,659,557,313,166,
1343,846,2801,1361,1383,521,57,
1493,670,3342,2173,2006,1549,609,
1784,905,2995,1028,1142,751,304,
465,1381,4500,4797,2736,1659,797,
596,392,1101,1142,987,645,209,
1915,809,1905,1067,914,534,137,
858,834,1651,823,527,302,138,
755,770,1910,729,410,303,102,
486,562,2293,2878,1347,1135,676,
886,186,718,582,614,536,348,
832,414,1168,348,672,285,141,
390,166,622,259,166,0,183,
323,315,353,212,271,141,50,
1302,889,1201,991,560,307,506,
1369,420,941,333,517,162,343,
580,99,301,295,53,22,0,
418,252,280,207,376,0,72,
444,56,135,51,224,0,70,
927,2036,5505,9059,6233,2203,379,
0,76,108,201,82,26,0,
200,383,1473,1578,1102,145,283,
1174,1459,3625,2823,1360,511,352,
2069,1632,5053,3136,4489,2089,390,
1025,926,4372,7039,3990,2133,1160,
70,231,530,1465,732,328,94,
1141,1043,3043,2217,1293,347,139,
1892,873,4364,2251,2313,747,320,
1130,874,3433,1163,1077,388,280,
925,769,3649,5855,3000,1854,1051,
993,410,939,1345,1024,412,77,
1536,901,2486,1409,1347,510,267,
1185,670,2085,1297,606,342,269,
906,540,1358,616,878,54,25,
866,991,1911,3006,1274,1216,590,
867,234,1035,1175,933,204,179,
1120,367,1280,514,151,175,228,
1048,136,750,398,118,52,0,
448,28,777,152,447,80,246,
2733,932,2493,1744,621,519,164,
2138,338,1539,478,397,300,113,
1554,160,386,285,220,63,49,
1032,284,283,195,112,25,0,
923,129,211,76,101,0,0,
7149,20955,77568,94368,44792,9078,4051,
53,47,322,608,260,51,85,
97,152,915,1654,1159,206,189,
295,311,2103,1613,1350,971,384,
376,414,1356,1768,1827,1032,491,
7640,16907,65481,72479,33152,12138,6102,
252,112,1405,2503,1287,358,181,
252,172,1086,1746,984,503,231,
370,423,1436,1506,1729,877,887,
368,40,696,459,933,619,622,
7216,13607,58280,63182,22909,10117,4341,
331,346,1270,2362,2182,833,364,
630,552,1109,1721,1197,231,375,
692,282,975,817,1050,327,331,
16,122,357,537,473,265,228,
8444,7993,30304,39859,15714,7986,5135,
364,456,854,2178,1455,1000,688,
601,202,454,432,616,355,146,
169,325,240,271,492,186,118,
218,113,405,307,287,142,178,
15416,9717,23893,21887,7887,4356,2282,
979,1023,1224,1650,870,707,1087,
731,275,293,172,269,255,130,
362,277,115,273,288,87,29,
131,62,71,54,41,34,0,
6042,13341,57601,106531,55189,16041,5756,
0,43,264,544,920,142,175,
26,158,655,1560,1387,575,61,
321,414,1200,1556,1698,840,165,
317,377,1250,1786,1831,1613,522,
5270,10899,50790,88273,38361,13731,6417,
124,141,627,2612,2030,336,373,
548,294,1180,1890,1733,255,227,
617,565,1691,1716,1974,883,500,
290,114,1323,1120,1464,446,396,
6204,11785,51545,78135,31759,13610,4887,
380,230,1654,2854,1649,934,400,
656,453,1626,2522,1606,663,380,
483,275,1236,1201,948,381,154,
230,189,541,504,570,179,24,
6837,9358,36323,51649,16598,8661,3207,
962,893,2097,2486,1312,728,446,
976,604,866,691,562,140,122,
620,347,604,422,249,141,45,
367,345,410,150,210,42,55,
18902,14853,38685,30131,7953,4883,1668,
1833,1196,2995,2326,1291,426,432,
1067,193,454,299,297,65,80,
895,243,418,179,218,68,81,
325,114,212,20,32,28,0
*****
