2008 Elderly households by age groups, gender, household type, and race/ethnicity, wgtd 2006-08 ACS, SSDAN/U-Mich
4
RaceEth,Gender,AgeEldr,HHType
7,2,3,5
NHWhite, Black, Asian, Hispanic, AmIndian, NHOther, NHMulti
Male,Female
65-74,75-84,85+
MrrdCpl,MaleFam,FemFam,MaleNonf,FemNonf
4087971,157932,0,1187500,0,2393873,124245,0,914959,0,494955,49943,0,401983,0,1039228,0,527782,0,2395043,461327,0,455034,0,2768682,64689,0,178713,0,1425195,
266763,46367,0,194008,0,114103,30064,0,104284,0,19592,9199,0,27158,0,90395,0,226903,0,362627,30698,0,129241,0,245656,2795,0,41984,0,96791,
160644,8900,0,28098,0,67389,4579,0,16842,0,12617,1871,0,5971,0,24013,0,22880,0,59757,9691,0,15549,0,53538,1054,0,4347,0,18726,
283085,29607,0,90955,0,133139,15553,0,54188,0,22425,4226,0,14290,0,64865,0,88174,0,163737,23330,0,56667,0,130317,2019,0,15858,0,42918,
20674,2559,0,11672,0,8293,1757,0,5301,0,1016,539,0,906,0,7126,0,10467,0,18393,1960,0,6433,0,11087,207,0,1851,0,4577,
3443,457,0,1475,0,1328,194,0,438,0,192,85,0,162,0,947,0,1318,0,2348,129,0,951,0,1849,0,0,218,0,630,
28141,3405,0,14585,0,12312,1278,0,6660,0,2276,578,0,2614,0,9803,0,8251,0,26648,2296,0,6204,0,16354,424,0,1885,0,6495
*****
