2008 Full-time year round workers by occupation, gender, immigration status, race/ethnicity, and education, age 25-34, wgtd 2006-08 ACS, SSDAN/U-Mich
5
RaceEth,Gender,Occup,Immentry,EducAll
7,2,5,5,7
NHWhite, Black, Asian, Hispanic, AmIndian, NHOther, NHMulti
Male,Female
TopWC,OtherWC,Service,TopBC,OtherBC
Native, FB<1980, FB80-89, FB90-99, FB00-current
0-9Yrs, 10-12Yrs, HSGrad, SomeColl, CollGrad, Masters, PhD-Prof
7126,19690,185527,462952,1059810,299706,162769,
31,183,374,1083,2454,638,972,
23,90,1573,2875,8277,2878,3540,
202,534,3068,6868,18721,10951,6493,
131,238,2766,4423,20276,17407,10759,
12654,42414,402008,716588,648662,84584,11872,
29,75,665,1570,1289,171,52,
59,451,2543,4373,4498,773,64,
874,1024,5902,7590,8698,2508,613,
597,505,3943,5659,7163,3217,753,
10484,32548,238592,355554,141794,11331,2168,
0,50,358,818,73,34,0,
0,146,873,1350,757,85,84,
701,604,4107,3038,2014,219,124,
1037,410,5219,3997,2501,271,55,
53206,138980,764738,636741,110226,6826,3146,
51,262,1358,447,0,0,74,
129,558,2524,2087,1296,118,0,
1501,1545,10091,5044,1472,264,53,
2186,1482,11538,6927,3851,1688,168,
33113,94903,577288,347925,60950,3909,962,
34,75,747,567,46,53,0,
61,442,1215,1070,123,82,0,
532,748,6298,3611,1222,82,61,
1377,443,4654,2571,2022,1008,73,
3751,11175,124749,432532,993966,395643,143458,
0,15,230,873,2085,559,595,
24,46,223,2061,6342,2862,2348,
50,0,1679,5739,14740,7006,3958,
0,208,711,3399,12633,11481,6807,
14812,42552,535756,971781,610636,108351,9912,
94,86,681,1031,1205,280,133,
170,229,1755,4367,3958,1100,54,
603,269,5534,9663,7843,2265,292,
422,94,4098,7294,7590,2929,629,
12002,34629,223712,301489,92485,11505,2694,
11,54,120,557,54,58,0,
193,84,436,1391,619,48,0,
674,503,2857,3924,1643,248,152,
569,539,4296,4654,3259,576,585,
2964,4453,30232,32516,14581,987,335,
0,0,0,14,0,0,0,
97,0,81,152,78,0,0,
123,26,216,272,176,0,0,
71,52,327,657,325,0,68,
4619,13884,92745,58557,14196,1327,226,
0,0,52,75,138,0,0,
30,36,24,21,26,0,0,
169,138,1227,678,152,131,0,
398,110,871,468,564,0,0,
1501,2562,23414,55987,79614,23001,8331,
0,0,172,516,902,211,149,
0,74,666,1428,2860,1244,612,
127,125,900,3867,8348,2789,1020,
0,39,676,2660,3560,2289,453,
2351,11743,87912,124944,64584,9148,952,
0,64,237,528,90,63,0,
206,0,2168,3856,2586,383,0,
165,486,4564,9389,4708,1002,78,
760,769,4309,5952,3918,700,245,
3664,16459,79532,72196,15123,1549,269,
0,0,285,481,117,0,0,
60,192,1957,1664,497,0,0,
717,988,4145,4296,1177,381,16,
1970,836,4913,4500,1840,89,149,
2357,14342,68583,54359,5898,900,330,
0,59,0,242,0,0,0,
158,187,1559,1902,382,0,0,
1122,957,4434,3561,640,108,117,
1869,1219,4655,2006,484,48,20,
4157,25725,135092,80436,8107,1086,282,
0,0,367,0,0,21,0,
138,247,1465,1744,173,74,0,
332,1141,5296,4122,917,72,33,
656,946,4944,3803,1530,67,60,
472,4561,28658,86058,110147,47066,13107,
0,79,98,281,547,285,130,
40,42,374,2304,5311,2269,678,
28,192,1243,4376,6505,2703,1500,
0,140,576,2407,3706,1384,810,
3549,17524,138177,254888,98861,23911,1716,
0,0,207,918,416,165,0,
250,122,2659,5771,3105,698,20,
121,808,5305,10070,5777,699,54,
69,565,3685,4531,3067,634,31,
4392,26212,106818,93410,14518,2002,567,
0,55,119,140,70,0,0,
85,188,1923,2144,508,17,0,
817,1543,7197,6525,1059,161,0,
1123,1790,6130,4979,1422,88,28,
211,1199,5112,6185,1296,258,0,
0,0,0,0,0,0,0,
0,0,205,131,25,25,0,
158,211,328,158,35,0,0,
226,96,317,0,32,0,0,
1326,7651,37530,23559,2991,594,0,
0,0,0,26,33,0,0,
24,0,18,121,131,0,0,
239,285,847,975,224,29,0,
769,182,1056,862,194,18,0,
101,605,1775,9747,43032,13061,12646,
0,27,456,2160,8343,2865,3555,
252,398,1403,6659,24641,6461,5593,
627,410,2785,6638,39317,35447,9572,
288,253,1208,2768,50875,57163,16311,
230,572,7435,17599,23197,3678,377,
114,26,1054,3455,3895,730,142,
240,764,5456,13611,13990,1103,94,
724,928,7218,13869,14855,4275,474,
405,558,2807,4494,12111,6876,1184,
390,338,3956,8196,3669,576,210,
0,48,269,767,534,177,0,
598,876,3099,3928,2699,141,80,
2255,1533,8400,5542,1934,124,22,
2691,973,4363,2483,3264,996,104,
140,1295,7143,7790,2019,134,18,
0,30,560,1064,501,0,28,
597,1047,2469,4325,1220,77,21,
805,881,3866,4435,2106,88,60,
1031,678,2712,1222,810,217,0,
209,1252,5117,4923,1533,177,14,
39,110,485,777,400,24,31,
288,1177,4558,4006,933,177,82,
1302,1856,7781,5227,1791,453,23,
777,957,3272,1691,1443,677,163,
235,210,2142,7736,35358,13454,11925,
124,22,144,1663,6880,3240,3513,
119,28,1235,4857,21914,5149,5486,
429,126,1454,5831,29550,17149,7506,
147,0,666,3115,27423,24783,8694,
364,917,8638,17848,21224,3921,704,
89,0,1511,2922,3854,442,265,
426,715,4941,12174,12362,2026,426,
646,1045,6247,13241,14093,3761,219,
618,523,3326,5738,11178,4178,871,
232,395,2371,5195,2203,277,172,
15,29,338,992,216,0,18,
196,605,2195,3486,1841,213,218,
1872,2027,7103,4681,2044,567,171,
2140,1088,5779,3737,3597,426,421,
0,0,397,551,282,0,70,
0,0,118,111,108,24,0,
0,85,227,465,139,29,0,
66,36,392,309,145,22,0,
130,127,244,164,231,74,0,
185,281,724,1128,523,98,0,
36,0,484,117,158,0,0,
183,455,1638,750,524,145,21,
1230,765,3534,1690,503,339,0,
870,360,1893,759,797,713,0,
2035,5484,29033,64182,67263,17867,9658,
204,105,1315,2588,2686,602,1045,
1269,1027,5277,9461,9139,2366,676,
5594,2612,9052,10234,8490,3767,1118,
2633,569,5082,3973,9154,5003,3421,
5866,15120,92810,126314,44246,6020,787,
569,1112,3565,5226,1799,175,0,
2869,4986,15636,15910,7108,693,154,
14541,8194,26264,19141,6859,827,362,
9727,3246,12906,9405,6346,1470,534,
10428,15776,57884,59377,12473,1125,384,
999,535,2162,1864,873,19,0,
12551,5507,14851,7425,2424,105,71,
83025,21819,55760,15989,4882,215,150,
75091,14617,48332,13114,5897,677,684,
23626,35458,103103,65705,8155,608,509,
2732,2181,5060,3156,260,0,0,
20346,11500,25555,11128,1383,76,153,
166076,42033,109153,28501,6927,520,394,
138108,29338,85001,22249,8171,661,672,
16023,28600,86662,45954,3951,349,118,
1539,1320,4965,1841,6,31,0,
11661,9050,19721,6837,676,141,0,
74344,25740,60767,14601,2936,432,167,
49883,12132,40353,12322,4062,432,368,
1766,3563,22935,60544,77368,25330,8804,
133,350,1250,2641,2794,1054,324,
287,797,4089,6778,9063,2790,767,
1592,1315,5316,6749,8514,2887,1243,
979,477,2985,2910,6767,3317,1998,
7812,23385,130723,178289,56018,9206,1369,
415,1364,5477,7571,1826,605,0,
2747,4729,19963,21384,6434,1049,72,
10345,6015,28917,24174,7940,1211,413,
4670,2723,13106,11230,8342,1452,747,
6551,11359,38471,47304,7340,962,638,
712,579,1711,1056,275,215,0,
4107,3816,7793,5832,1384,212,67,
31884,9872,26579,11250,2316,263,84,
28605,6542,24300,7615,4164,227,351,
941,675,4896,3977,810,20,47,
325,199,226,170,0,0,0,
1149,705,1900,628,37,0,0,
7859,1413,3893,812,309,0,67,
5975,1491,3252,754,737,82,0,
4744,4980,13113,8047,1265,34,0,
391,423,1006,311,0,0,0,
3789,2317,3989,785,175,0,0,
22841,7294,14346,4801,913,103,23,
14670,3954,9529,3599,1335,194,181,
240,335,1909,4165,3225,779,456,
0,11,0,0,0,0,0,
0,136,0,195,29,0,0,
39,0,227,34,74,44,0,
0,0,0,65,134,100,0,
200,1076,4985,6081,2011,557,39,
0,0,24,58,0,0,0,
187,31,28,152,0,0,0,
0,60,196,249,33,0,0,
128,126,123,64,46,0,0,
352,929,4472,4679,559,117,0,
0,0,107,0,0,0,0,
64,6,0,24,0,0,0,
851,122,89,243,59,0,0,
664,0,448,59,0,0,0,
992,2400,9834,6155,510,134,14,
31,0,37,105,0,0,0,
239,7,28,62,123,0,0,
1598,63,494,221,26,0,0,
1707,633,407,85,0,0,0,
515,1666,6471,3245,232,0,0,
0,0,33,0,0,0,0,
69,0,136,20,0,0,0,
323,137,215,69,16,0,0,
382,71,117,44,6,0,0,
98,286,1844,5544,5357,1263,567,
0,0,0,0,46,0,0,
0,0,13,139,64,29,0,
0,0,24,0,50,0,0,
0,0,43,0,55,33,0,
194,1728,8909,12736,2870,609,22,
0,0,5,38,0,0,0,
0,0,350,91,28,0,0,
0,69,106,90,116,0,0,
0,0,185,54,43,0,0,
478,1137,4515,5037,565,71,78,
0,0,0,21,0,0,0,
43,0,228,0,0,0,0,
160,65,109,19,0,0,0,
400,16,45,109,0,0,0,
0,49,263,525,43,0,0,
0,0,0,0,0,0,0,
0,0,0,0,0,0,0,
0,0,0,0,0,0,0,
130,0,25,0,0,0,0,
9,44,1241,1135,23,0,0,
75,69,0,0,0,0,0,
57,0,0,0,0,0,0,
65,22,25,0,0,0,0,
136,28,0,0,95,0,0,
63,30,353,1436,1439,318,394,
0,0,31,54,25,78,20,
0,0,82,92,256,24,27,
0,39,81,264,833,537,204,
131,76,66,217,1734,1253,394,
30,68,793,1736,803,176,0,
0,66,28,27,112,0,0,
0,47,255,649,255,29,0,
86,51,455,603,318,226,0,
66,107,266,212,426,181,0,
0,142,668,752,356,0,41,
0,0,87,21,0,0,0,
0,0,191,189,206,0,0,
473,158,166,28,22,0,0,
329,32,750,362,139,0,0,
187,198,1104,1139,33,0,0,
0,0,0,35,0,0,0,
132,61,237,142,0,0,0,
1120,332,862,282,179,0,0,
1051,463,1640,472,209,29,0,
0,164,566,823,0,0,35,
26,0,0,14,0,0,0,
9,67,226,85,0,55,0,
231,88,666,326,134,0,0,
232,374,531,148,100,0,0,
0,0,75,818,1522,540,205,
0,0,0,0,34,26,0,
36,0,40,166,310,104,133,
0,0,28,106,553,120,48,
0,0,205,75,760,487,189,
56,140,1536,2926,1363,341,0,
0,0,42,0,0,0,0,
0,102,344,575,267,0,0,
0,123,388,1033,279,0,58,
0,57,214,399,618,0,113,
133,234,190,556,231,0,0,
0,0,0,36,0,0,0,
0,0,323,73,16,0,0,
66,294,607,234,0,0,0,
396,388,1191,232,262,23,0,
0,0,0,33,97,0,0,
0,0,0,0,0,0,0,
92,0,0,0,0,0,0,
0,0,62,0,0,0,0,
0,0,333,0,0,0,0,
0,0,118,93,0,0,0,
0,0,0,0,0,0,0,
0,38,49,0,36,0,0,
20,0,48,249,32,0,0,
198,0,390,182,56,0,0,
255,295,3839,9882,16480,4134,2373,
0,0,0,129,95,51,64,
0,0,42,114,695,69,77,
0,0,125,162,637,473,164,
0,0,59,75,749,480,365,
341,944,8090,18066,9865,1627,199,
0,0,0,149,0,0,0,
0,72,228,405,163,10,0,
0,46,274,452,141,217,103,
12,80,198,185,142,60,0,
169,1198,5988,9789,2490,213,19,
0,0,13,104,25,0,0,
0,0,40,34,0,0,0,
0,34,261,49,56,0,0,
0,0,166,86,9,0,0,
488,1973,10890,9015,1167,61,0,
0,0,41,108,114,0,0,
0,55,75,230,27,0,27,
22,19,255,181,54,0,0,
58,29,208,438,27,0,0,
370,1916,8872,7424,1074,135,0,
0,22,13,0,0,0,0,
0,0,0,103,0,0,0,
13,0,256,253,0,6,0,
162,102,155,326,83,0,0,
90,184,2821,10497,16687,6355,3299,
0,0,70,86,301,0,131,
0,0,0,98,376,231,31,
0,78,18,58,404,286,64,
0,0,0,21,215,569,170,
462,1128,9104,25528,11291,2645,140,
0,0,24,53,144,91,0,
26,39,141,478,344,143,0,
0,28,153,337,136,131,0,
27,0,142,137,223,0,0,
567,1057,5772,7741,1985,243,22,
0,0,0,52,0,0,0,
0,0,114,92,54,79,0,
16,12,33,130,344,0,0,
15,0,76,117,79,0,0,
55,11,702,967,302,0,0,
0,0,19,0,0,0,0,
0,0,38,0,0,0,0,
0,0,0,0,0,0,0,
0,0,0,0,0,0,0,
15,277,1421,993,313,77,0,
0,0,0,45,0,0,0,
0,23,0,0,0,0,0,
0,19,23,37,0,0,0,
0,0,0,0,0,0,0
*****
