U.S. Population by age groups, metro, regions, and race/ethnicity, wgtd 2006-08 ACS, SSDAN/U-Mich
4
AgeAll,Geo,Region,RaceEth
8,3,4,7
0-4,5-14,15-24,25-34,35-44,45-54,55-64,65+
City,Suburb,NonMetro
Northeast,Midwest,South,West
NHWhite,Black,Asian,Hispanic,AmIndian,NHOther,NHMulti
259204,444150,678515,747268,779600,726426,608552,866149,1020599,2407898,2459774,1885700,2813832,3308792,2517574,3118548,
205331,462247,570709,490282,549625,658283,526142,665190,490688,1104887,1370776,1110614,1417226,1636614,1259944,1627284,
232258,379663,616997,656629,627969,638690,496596,607583,930822,2079633,1946348,1729760,2335832,2666105,1958964,2186297,
755496,1577720,1791336,1587460,1667464,2004582,1576000,2235474,1148788,2361744,2793619,2423583,2673745,3009856,2251359,2654873,
320678,574268,838975,811711,867498,919968,755518,880451,1010824,2197189,2058866,1947119,2559834,2836452,2286892,2585550,
858300,1763985,1927480,1884553,2021816,2197870,1947437,2682365,1697937,3469235,3826999,3694639,4167840,4578639,3778043,4725626,
209664,368901,520711,635962,674081,673968,528819,597769,625716,1368183,1427693,1321616,1681304,1966023,1530656,1674728,
301667,607077,741750,669407,665970,858642,732043,891879,946708,1876017,2259135,2198781,2316180,2671624,2186977,2641342,
269591,539761,597247,487222,518913,505974,342055,374302,123775,278316,306211,246078,291219,256581,170123,161483,
4954,13035,25418,21534,16986,14123,6721,4580,55586,113107,130436,107780,106057,91893,50536,51265,
238110,502403,497127,398273,420769,422769,283086,308249,115191,257818,238264,224326,222919,207838,130894,108376,
17253,33967,57318,44859,45461,34065,20312,20540,151162,310887,319913,267498,253662,242089,145499,142340,
329659,641422,745746,583300,565016,565218,379379,380905,387015,821671,797145,747281,827812,707609,412412,303246,
263183,549799,656485,485603,512696,520567,345778,382173,626297,1260166,1376534,1130292,1134055,1086848,704493,664450,
64862,140356,160792,125796,135536,135242,85232,97381,87980,197067,213017,171707,189501,177249,103182,95010,
5583,11330,17329,15242,16832,11597,5875,5528,78867,161826,172853,148671,160721,138868,82092,76984,
86725,139424,168782,228001,224945,183401,121550,110344,82448,155594,135912,205616,224415,171690,106721,85251,
2886,5029,12509,8669,6797,5516,2970,3058,22280,43376,45534,58921,58514,38395,24954,20729,
20810,39059,56004,67631,50367,35624,26623,25448,48422,91134,66098,110831,117108,79242,53039,37816,
6415,12948,20410,18205,15704,11474,8524,7017,45165,74452,87897,110889,100014,65271,44240,30710,
28967,48812,68006,86566,78795,54896,40725,31224,89769,161224,128495,190359,230741,170287,112091,87059,
8729,17931,22825,23376,23851,17531,12080,10222,81881,142962,141620,191844,194467,144536,92574,67164,
63888,127338,172873,188818,187553,164538,123314,151858,157747,324046,324238,392513,466520,421479,291805,288767,
11268,24462,32329,31407,34330,36059,26513,35600,140653,254583,322330,385786,407434,338766,233455,265938,
259262,451756,470666,480787,451685,340145,230729,210251,205076,322936,316183,348518,341653,239492,132686,111433,
9828,18199,21454,17962,14877,11139,5255,4849,94858,159932,149016,150711,135901,92875,47991,38567,
139816,224683,202552,227363,180719,123361,68543,57429,123495,196247,151659,179325,147890,97753,45029,35366,
62904,99484,83705,83547,63657,41422,20639,17832,175156,266701,217798,260526,191725,118527,57601,47460,
345913,499130,469368,530380,429249,312526,185539,177329,436773,652560,564476,692269,662679,448810,252636,273106,
194650,281326,278253,276996,227590,150612,90689,86312,797071,1237076,1089375,1230536,1040829,714982,417589,422714,
368247,623098,584796,601179,508337,340556,177942,153772,722464,1300488,1144802,1151584,1012878,703333,391532,342819,
131263,225426,212417,186154,160223,128194,74518,79575,848841,1399957,1247546,1315439,1093957,725149,404553,376491,
3099,6605,7070,6991,7828,6857,4410,4010,3178,5823,7812,6852,7173,7132,5265,4831,
1116,2654,3357,1954,2743,2986,2148,2002,1812,3569,5278,4665,5403,4353,3128,3228,
3845,4949,6798,7233,6987,5813,3941,2052,2547,6528,7686,6315,8242,7893,5042,3174,
15778,27496,29426,21817,23021,20211,14365,10863,11149,21810,25729,17010,21016,17923,10980,7594,
5097,9236,10319,11056,11319,11755,8138,5642,6686,15926,16095,14102,17621,18575,13034,8608,
17109,32593,37793,28752,30975,31514,22270,19398,18910,42991,49211,40054,41247,42621,29393,22878,
5678,10611,15165,12380,14643,14183,9331,6463,13003,27108,32558,26199,31081,27319,17977,13813,
40597,78378,90258,57253,59179,58205,37488,36310,43323,77187,84915,77215,65026,58794,35066,29256,
8947,17713,19929,20135,20377,14934,7806,7924,7673,11923,11195,13247,12789,7606,3184,2720,
241,964,1068,484,305,728,95,87,3971,6770,8538,7926,6123,5616,2030,2797,
3274,3830,4319,3145,3099,2389,1183,1350,4697,5981,5644,5750,2787,2223,1626,756,
1159,2415,1614,951,1037,786,308,277,4444,6485,6074,5089,4082,2503,1738,1303,
3284,6302,4642,5374,3608,2823,2018,1611,8269,18839,14304,11088,11616,8251,4435,2415,
3133,5456,3771,3553,2631,1329,1017,788,11417,18953,15403,15410,12026,8904,4714,3382,
3434,5065,5226,5554,6006,4143,2433,1344,6027,11523,11769,12422,8574,8942,5130,3385,
836,1413,1547,1293,1023,1106,831,254,6683,11997,11824,12310,10074,8107,5006,3980,
23717,31340,29804,23552,19030,16150,9764,10270,45975,74263,44947,29569,25285,23163,14358,10700,
5450,9952,9529,4614,4771,4962,2669,2937,26868,43906,30322,18647,15495,13205,9104,7084,
28421,37932,32454,19282,13618,9496,6532,6162,46451,77148,39916,25632,22577,18575,12017,8977,
26697,44014,34401,19950,18337,21289,12014,12526,64301,101910,64650,38502,30490,24686,17532,12260,
33541,43949,38504,27952,21106,18660,10887,9558,66572,107539,66780,44341,39627,35726,24456,18264,
37381,63366,39839,23953,25865,26187,20534,21521,105464,159645,111844,71072,60090,58213,39202,33701,
37718,49864,45745,32097,24942,19152,13042,8681,87206,150660,106584,69682,62631,50244,32035,24350,
24542,48137,39396,27899,24424,25701,17883,13048,98405,160664,125280,82207,66858,55065,36183,29750
*****
