U.S. Population by age groups, race/ethnicity, poverty, metro, and gender, age 18-24, wgtd 2006-08 ACS, SSDAN/U-Mich
5
RaceEth,Gender,Geo,PovLevel,AgeAll2
7,2,3,4,8
NHWhite,Black,Asian,Hispanic,AmIndian,NHOther,NHMulti
Male,Female
City,Suburb,NonMetro
Poverty,NearPoor,Middle,Comf
0-5,6-17,18-24,25-34,35-44,45-54,55-64,65+
84687,127650,227796,112265,98266,110937,82576,79219,47423,74713,77063,75269,65060,60033,52988,88879,290715,554002,389797,713894,674724,606634,420120,551377,191573,316692,170936,504274,672389,685839,578270,420507,
169860,336848,215618,160750,171871,196348,163084,161123,130943,264170,132150,136469,142778,146143,120303,226931,1182394,2693636,1234075,1782465,2242026,2097021,1434715,2114671,720409,1780110,917138,1299564,2015771,2831828,2287153,1462341,
249269,426602,297151,232716,209358,224598,180995,185031,167833,307284,161054,207811,176817,161885,148862,301208,748792,1702364,880169,1472149,1531399,1523435,1197436,1624518,113537,341775,245845,355040,455377,863940,778803,576655,
323372,551428,601076,339796,292762,336933,268188,245016,223013,396764,265274,290868,239189,229751,196120,369180,1494151,3198832,1635647,2763056,2860223,2658101,1943337,2684194,550905,1372986,738707,1235504,1781965,2565230,2162980,1498654,
75463,124198,259175,150486,121477,119344,103380,176602,41191,77025,89115,83414,68664,65896,60766,199420,274594,520951,364165,703702,629344,590333,490399,838143,185361,311183,134238,459845,573002,669718,561617,420844,
174255,324962,308409,279384,272246,264834,218246,376084,123756,245081,151418,181004,189523,167945,163384,541523,1116660,2566316,1148554,1794558,2338248,2150389,1696625,2853479,672225,1688835,754331,1176736,1936968,2841625,2143573,1396362,
240290,410984,426158,396544,302109,275439,244593,425087,156760,292213,175986,251235,209719,184401,182768,556251,695779,1602766,732426,1327828,1474844,1518081,1286075,1939256,109438,321381,166511,276831,437929,877492,700356,504065,
310659,524423,775489,549997,445761,420517,355058,560443,212391,383103,297911,354014,294356,268497,253209,791412,1410347,3010447,1464413,2636208,2848353,2703878,2205341,3526667,526080,1307923,598618,1099773,1656786,2576647,1994222,1395943,
234529,422661,157397,120567,110451,124489,82020,66494,82568,170830,77932,69405,61552,67246,44543,58827,194610,466698,301447,398704,383030,358761,218645,216807,25255,61045,52638,104205,127691,136674,101036,63261,
106470,199567,74188,56270,48163,45830,29914,23669,54757,108812,46291,43278,37790,33318,20734,27552,213263,516311,254077,365743,365006,296467,163790,133255,52593,139344,90501,143528,205644,216761,137996,68304,
90185,156218,70417,44427,40567,48963,33013,33663,27022,66158,34486,29828,27627,30161,20520,30538,55843,150084,101063,119839,135657,131331,86036,69181,3098,10352,8543,12014,22083,27667,20321,11325,
229708,380642,146177,106500,87929,94959,70005,57370,82143,182833,83941,77847,62617,61249,40248,51980,202385,496807,300627,430715,410140,355195,215311,181047,27848,75820,53492,89306,138127,158833,103066,53625,
225730,432393,229259,255030,216230,198888,125650,161556,83269,167224,90014,108724,107917,89493,63469,120111,181199,464004,282005,399592,453944,448180,311400,333607,23366,57036,45533,86572,118242,150155,111676,78966,
103448,199591,101937,125422,102370,77512,50684,61521,52658,106525,56114,68750,67570,48156,34777,48600,205743,490356,246850,395396,441920,356270,215682,187633,51188,134347,67325,130037,204465,231640,143217,70812,
86366,153829,89442,98801,84485,71466,53830,83117,24454,61806,32865,39187,47140,42748,30472,50641,51253,143709,78668,104889,129611,147630,97788,94225,2863,9897,5702,8901,16948,26340,18420,10951,
218638,367616,210873,245811,178805,150141,104680,134903,81402,179551,88175,112348,105105,87742,59057,96161,197911,475608,266643,403529,449822,421563,263918,247346,27307,77683,45123,73411,120332,154113,96137,54814,
23139,47179,45659,33855,29340,27210,16015,26459,14873,31833,14920,19451,24487,20937,11943,21205,58824,106290,68826,133580,129652,109318,69554,58226,24874,31658,25137,92086,83421,53131,47381,30233,
16059,37959,27637,26589,24413,20128,13585,17471,11684,30068,14434,14545,20072,19593,10377,16915,112440,225471,105763,190526,226394,180339,105768,101465,89704,146167,62481,195498,227390,176245,131330,81443,
1477,4778,8388,5552,2506,1899,1361,1332,2578,3781,2102,3989,2304,2003,1202,1815,10187,19795,10948,20631,19558,15797,9392,12708,2547,6437,2876,7620,8913,9968,8482,6099,
19886,37245,52788,36297,23245,17484,12056,15325,13744,26386,16317,21774,21029,15605,8277,15057,87026,158516,86290,169287,170614,129449,81835,71719,52721,83036,35940,132952,148489,107209,74664,52777,
21849,46055,45997,39108,37574,26438,22314,34788,13539,27174,16162,21358,26254,20744,13500,26977,52809,103734,66524,134976,127146,111110,77109,80315,25438,33901,19584,91009,80948,67695,52351,32645,
14673,38389,28271,31638,33099,25696,19985,27285,12305,27300,13051,17938,26160,21840,13858,23188,107223,211325,101987,212416,242227,190493,125639,129360,88048,147829,56607,202798,234906,205168,141015,92193,
2810,5075,8646,4689,3771,3663,1926,3358,1658,4199,2104,3285,4009,2046,1870,2968,10064,20476,11705,23079,25790,19718,15667,18305,4136,6172,3213,8319,11309,13411,9136,7562,
17974,33366,51541,41401,30284,22062,19633,25302,12201,25824,16868,24013,23918,17220,11626,23796,82790,156935,76963,177493,187017,149260,96273,106178,55046,88103,31505,134119,150343,124862,88945,65558,
243570,368953,125755,159713,132362,77658,49878,47258,119542,196761,95059,151699,119489,70975,34750,41530,255316,450646,338073,563653,449267,311968,168323,124189,32201,51662,40647,104887,102870,81272,51799,26776,
199036,293116,95958,140705,114957,57974,34240,37511,144516,223363,96225,160203,131076,67449,34193,40915,443453,782896,460969,771939,666337,433075,216947,179986,88401,160156,94156,190895,196880,180176,101793,59034,
84728,115094,43837,56964,39619,25221,13787,16487,51318,73829,32614,52920,39428,17383,13222,16909,93125,163603,111273,158641,131379,98477,50031,39409,6701,16639,10395,14191,16531,22501,14026,7015,
348235,478650,170533,230039,180075,96779,56696,64324,216363,320824,142492,242267,183513,96653,48203,62652,491828,867774,535744,935917,750154,474515,246677,197522,65827,121999,70380,161701,163453,155838,91982,48067,
231801,353976,163048,237711,194805,114225,80621,89106,123159,189422,91690,128242,119964,73255,43472,60870,243445,432395,268182,388893,357345,293164,176670,159583,29819,49920,32913,79890,76624,80914,49802,29925,
186218,281797,128229,201256,157102,73584,50135,67636,136549,209553,88003,139163,126888,65908,40560,62924,426465,750950,379188,574818,567034,410758,234645,226576,85118,157636,84076,152349,176066,185953,102664,66518,
83994,111578,60038,72187,49771,28055,18158,26634,44374,65343,28689,41993,35508,17653,12542,20520,88299,150911,75355,104454,102210,83912,50429,47763,5605,16536,7923,10539,17711,21862,12825,7132,
341034,466560,233751,328576,233656,122691,79859,104961,198598,308221,129450,205376,169979,87127,56500,84383,476135,818598,403489,655511,595065,439640,252275,244685,62118,120245,63977,122505,139742,151221,86093,52001,
3466,4471,3195,3463,2778,2841,1511,1292,1307,2669,2023,2477,2605,1522,1262,1156,4564,9656,7558,8952,9547,9305,4757,3588,690,1724,1626,2833,3546,4053,2758,1384,
3127,5460,2662,3002,2767,3079,1458,536,2178,3956,2531,2891,2846,2175,1259,1840,7726,19711,12056,15513,18056,13407,8807,6786,1673,5965,4011,4867,5980,8448,6973,3479,
18840,30017,15798,13316,11204,10697,7170,5520,6317,14858,6951,7216,6946,5922,3851,5689,16712,39167,25159,26509,27019,26395,16973,13581,1747,2818,2756,4177,5197,7113,7278,3008,
17919,25966,12355,11302,10737,9052,5484,3527,7058,14428,8435,9928,7750,5626,3958,4605,17178,42020,25493,35818,32819,28535,18231,14367,2266,5958,5008,7065,9806,13065,9676,4285,
3850,6440,3832,4872,4463,3716,3362,2224,1001,2006,1888,2228,2032,2102,1334,1930,3770,8475,5692,8605,10530,9445,7665,4516,1130,1772,1244,2132,2796,3861,2446,1404,
2719,5523,3966,4568,4246,5421,2900,2661,1904,4309,2370,2894,2879,2728,1979,2767,8043,19223,11017,13073,18476,13983,10515,8572,2204,4352,2824,4820,6062,10067,6848,3188,
18529,30913,18512,16956,17721,13770,8684,10070,7313,14470,6888,6880,8465,7503,5539,7328,16295,38314,21981,24811,28836,30146,19544,16140,809,3251,2282,3304,4412,7055,5739,3308,
15495,27306,17004,18608,16787,12196,7126,7934,7111,12614,7719,10409,7694,7003,4469,5216,18240,38653,23384,32046,31689,30696,19571,16796,2325,5630,4143,6062,8732,12758,8313,3699,
3328,4718,3362,1753,1122,1133,518,572,1504,2317,786,1599,1520,1148,398,508,4863,9796,6202,10146,9037,6931,3139,2582,1395,2144,1206,3764,4475,2420,1775,573,
2288,3047,1863,2067,1725,736,396,129,1586,2933,1855,2397,1241,617,139,168,8708,14870,8323,11417,9029,6160,2893,1896,3572,7067,3212,5236,4705,5212,2992,1356,
602,1363,737,616,287,163,235,126,438,834,496,164,378,167,58,56,2176,3179,1604,2260,1203,1059,587,369,187,475,90,229,281,449,196,39,
3283,4803,2765,2307,1329,1455,705,847,1828,3330,2044,2133,1644,1071,484,370,7596,13352,8044,10474,8167,6423,3595,2743,2070,4765,1591,3428,3764,2976,2029,910,
2857,5073,2832,2855,2570,1807,1208,1698,1382,2489,1406,1734,1715,999,1018,1125,5098,10287,5619,9429,8499,7418,3495,3406,1740,2017,1059,2764,3531,2199,1860,1048,
2144,3437,2459,2774,2207,1225,321,582,1799,2678,1748,1575,1443,807,583,402,7992,15492,6704,10868,9734,6824,3950,3575,3593,6284,2161,5491,5484,5306,2788,943,
837,1477,583,557,549,462,350,162,426,993,136,734,157,205,92,152,1591,2859,1004,1203,1198,968,531,238,146,384,316,196,307,316,116,193,
3226,5058,3510,3586,2590,1694,935,1049,2431,3428,1218,2255,1807,1309,329,1153,7693,13896,5910,12255,8913,6184,3514,3196,2060,3291,1700,3501,3588,3702,1838,931,
17176,20538,8885,6118,4226,4160,2422,1434,8692,11006,4604,3377,2831,2460,1025,1650,30457,44544,18507,23312,18877,12870,7125,6877,15677,17613,6975,11903,11011,7925,5523,2461,
20187,29138,8701,5754,3677,3442,2898,1901,11374,18898,6058,4425,2625,3211,2133,2163,70483,125676,37691,44795,37192,27223,16843,12800,40054,61490,22512,26501,25671,24879,15469,7597,
17109,22628,7141,5090,4747,5300,2689,2544,7277,12931,3654,4470,3137,3213,2673,3092,26018,50602,17368,21877,19404,19123,14125,12334,3073,9861,4157,3926,5756,7940,5583,3119,
34622,48361,16665,11210,7582,8053,4137,3321,24040,27331,8535,8973,5387,5209,3617,4254,81328,141151,48985,55475,44313,33022,22147,19416,31029,48320,16988,22287,22732,21001,15148,8321,
16103,21416,11911,10924,6533,5513,4035,3482,8078,10154,4853,5477,3521,2369,2256,3959,28524,44842,20161,26555,18329,16626,10652,9581,15158,16425,5682,12196,10593,9104,5410,3313,
20957,28075,11583,10540,7284,5989,4824,4225,13054,21097,5291,7052,4257,3516,3235,4599,70094,114897,36634,43274,39053,29795,19441,19187,38025,60058,20102,23198,25621,26717,16330,7521,
17928,21528,10153,7473,6627,6506,5535,4613,7906,12308,3782,4459,4476,3703,3053,5033,26511,49474,16926,18965,18595,20276,12827,13970,3057,8523,2985,3510,4369,8469,4997,3239,
37502,45809,22770,18958,12227,12180,7436,7521,21215,25954,12627,10193,7456,5412,5233,6234,80366,134174,43809,54951,44211,38351,26421,23703,29298,48264,14562,17986,21934,22810,14742,6701
*****
