2008 Spouses: married men age 25 by education and wife's age 15-29+, wgtd 2006-08 ACS, SSDAN/U-Mich
3
H-Raceeth,H-Educ,W-Age
7,4,8
NHWhite, Black, Asian, Hispanic, AmIndian, NHOther, NHMulti
LTHS,HSGrad,SomeColl,CollGrad
<23,23,24,25,26,27,28,29+
6990,3577,4631,5165,3314,1584,906,2607,19754,14249,17207,15254,9240,4934,3209,8586,19493,16308,21187,23982,14571,6135,3705,9151,8138,8735,16420,22641,11246,4693,2299,3103,
1008,470,398,259,304,251,209,546,2444,953,2550,2332,982,1294,558,1751,2821,1856,2053,2189,1135,1134,808,1268,608,417,523,889,675,366,135,306,
45,345,50,111,44,89,20,138,872,313,334,322,92,234,46,323,472,416,556,290,503,76,117,140,1411,254,452,953,511,88,228,241,
10309,4402,4914,4070,2895,2188,1261,4584,7916,3313,5748,5781,3007,1821,942,3304,4654,2341,3976,3655,2335,1628,1048,2066,830,556,1040,1477,364,432,57,675,
17,88,23,70,19,0,16,135,168,261,506,212,118,0,24,273,84,185,62,381,93,64,28,105,4,0,35,153,0,0,0,26,
79,0,118,91,19,0,0,81,96,17,27,0,136,30,0,109,328,20,137,25,66,104,0,79,42,0,63,31,0,0,0,21,
149,65,87,0,0,0,0,19,199,62,331,619,285,71,48,179,530,613,343,268,246,75,0,189,89,204,79,180,129,16,0,32
*****
