2008 Full-time year round Asian Alone by Asian workers by earnings, immigration status, education, occupation, and gender, age 35-44, wgtd 2006-08 ACS, SSDAN/U-Mich
5
Earn,Gender,Occup,Immentry,Educ
6,2,5,5,4
<25K, 25-34K, 35-49K, 50-69K, 70-99K, 100K+
Male,Female
TopWC,OtherWC,Service,TopBC,OtherBC
Native, FB<1980, FB80-89, FB90-99, FB00-current
LTHS, HsGrad, SomeColl, CollGrad
188,223,464,1096,0,238,620,991,390,373,995,2125,355,898,485,3108,75,395,74,2708,
173,1109,863,1326,0,296,805,983,915,1181,1961,2482,1425,2445,1795,3732,664,1045,1063,3211,
282,876,790,446,526,1010,930,62,2664,2413,1702,602,5513,5930,1603,1502,2246,2623,1317,1585,
266,323,416,161,37,314,360,184,834,1115,741,208,1024,1734,1172,528,1295,1315,314,516,
215,738,284,150,112,314,385,128,1910,2038,1175,412,3110,3883,1164,1108,2499,2459,780,866,
0,67,702,481,0,157,412,905,304,765,934,1726,418,1159,732,2899,243,263,416,2184,
335,1996,1588,1047,370,801,1032,1022,1022,3657,2681,1997,2024,4697,3488,5822,937,2048,2068,4145,
340,1374,1050,600,364,901,1289,400,2964,3491,2277,496,5137,8404,3642,2097,2855,5257,2049,2663,
109,0,0,170,118,34,25,3,201,234,86,0,970,423,232,81,470,204,200,234,
101,405,183,105,735,621,176,204,2276,2397,681,376,4163,4050,834,1021,2246,1454,403,898,
0,349,662,1096,25,287,704,1029,165,460,1068,1297,454,885,576,3006,26,232,369,2772,
111,1051,1351,1274,0,914,2101,1256,535,2044,2266,2101,766,1659,1775,3873,217,706,816,2387,
158,926,564,243,240,483,351,256,896,1392,1161,698,1328,2162,1260,842,833,1310,512,982,
270,979,667,0,41,323,778,434,1081,1089,1479,403,1617,1261,557,694,606,294,547,302,
0,1235,667,242,396,709,380,279,2195,2984,2137,556,2028,2915,1756,1468,1121,941,745,896,
39,323,1030,1597,0,126,424,1441,114,509,1529,2089,129,553,1012,3793,0,97,329,3587,
70,2530,4572,1613,50,1217,2027,1068,751,2468,3948,2379,666,2538,2862,5580,112,681,1157,2236,
347,1109,940,342,307,869,808,327,1377,1628,1498,677,1412,2331,1874,1850,892,1024,844,1835,
0,224,46,21,0,0,140,0,305,168,419,0,201,535,120,111,32,120,95,0,
224,375,365,108,98,350,146,0,1668,1359,1213,292,1502,2117,867,404,515,635,161,322,
71,590,1873,3914,41,347,619,2849,234,737,2186,5260,160,647,1741,10043,68,424,499,9350,
361,1379,2743,2984,410,739,2837,2332,803,2304,5202,5002,552,1423,3135,7869,68,729,789,3016,
86,517,882,409,25,427,713,156,742,1538,1502,334,766,1049,1362,799,440,847,376,1326,
303,985,2026,43,104,797,1004,228,1248,1741,2519,649,1011,1678,1256,1070,119,664,133,286,
350,1050,941,337,141,517,758,344,1432,3672,2408,456,1386,2559,1956,935,522,497,532,536,
84,606,1892,4879,0,259,1633,3382,135,655,2306,5071,138,475,1819,11858,0,236,579,7003,
131,1734,4346,3168,117,1238,2844,2452,408,1878,5365,4539,450,1423,3243,7645,56,405,623,3078,
0,1003,787,235,0,381,446,109,450,842,1683,496,751,1208,1268,1680,321,626,428,326,
0,36,85,42,0,0,30,111,74,131,123,0,20,0,111,146,0,50,0,83,
84,146,362,0,0,180,30,0,481,1195,418,254,187,887,519,659,156,78,196,327,
84,302,2862,8185,0,290,1598,6384,246,533,2903,9736,85,314,1085,18414,124,331,432,12943,
225,1214,2989,3713,45,509,2611,2844,556,2117,4270,4314,190,628,1876,6731,30,638,481,2286,
166,434,874,1012,49,529,787,277,313,783,1047,490,390,812,468,249,71,92,124,382,
236,1517,1733,462,233,227,1288,402,623,1881,2334,722,523,1061,1217,944,82,313,297,590,
173,800,853,239,130,751,728,151,829,1588,1357,700,727,770,669,514,42,233,142,288,
19,381,1580,8388,84,372,1583,5869,194,496,2470,10497,54,211,2127,19947,34,133,515,5530,
101,752,2234,2427,103,595,2210,2549,240,1408,2510,3709,185,429,1779,4843,283,454,435,1012,
0,194,110,251,22,78,597,293,169,427,858,281,272,549,472,594,46,410,260,272,
0,0,0,25,0,0,0,0,89,160,341,132,35,18,18,265,0,0,0,31,
0,9,64,85,0,7,46,51,130,308,357,145,150,89,84,151,134,58,48,160,
158,457,2093,13461,103,133,2006,11366,137,351,1577,20804,329,148,1096,44635,0,321,558,17240,
114,440,1593,2400,85,235,830,2984,306,803,1861,3140,212,298,1342,5229,178,0,101,2521,
0,320,702,452,0,199,172,511,24,126,49,202,98,285,102,484,0,97,76,163,
36,754,1205,187,0,184,542,322,178,678,814,544,121,375,333,557,0,126,27,145,
0,585,286,156,0,27,182,140,65,265,893,353,201,468,222,326,23,45,103,304,
29,56,1161,7848,0,26,746,7312,73,332,1541,13900,84,94,1785,24892,187,30,219,6260,
0,74,662,1921,35,222,423,1431,60,359,813,2036,190,91,624,3239,71,31,147,1028,
0,30,114,73,0,107,58,34,0,14,182,219,27,139,179,89,56,78,88,24,
0,0,0,43,0,0,0,55,9,0,40,0,0,0,96,69,0,0,0,13,
0,0,39,120,11,0,34,75,120,87,20,63,53,73,0,255,0,13,0,0,
48,124,1109,21644,97,222,1044,20399,88,354,1773,32743,21,523,1333,63203,62,126,385,17133,
0,368,1081,4575,0,145,1318,3798,119,252,1066,4957,112,534,609,7711,0,113,61,3035,
0,26,237,671,0,0,76,309,130,185,256,73,76,47,71,159,0,0,0,33,
0,156,337,90,0,186,143,52,57,230,316,205,26,0,53,273,0,152,0,66,
0,23,60,129,0,22,171,161,48,0,51,425,0,193,23,344,21,0,0,243,
22,264,281,9974,0,52,651,9976,142,87,592,12297,0,124,456,18052,0,110,121,3880,
13,80,278,1751,0,20,238,1863,58,91,345,1456,80,150,150,2030,241,150,0,388,
0,16,0,0,0,0,33,187,0,95,125,28,113,140,15,184,0,101,0,174,
0,0,0,25,0,0,102,30,47,58,0,87,0,63,0,0,0,0,0,0,
0,0,0,65,0,25,0,40,0,0,0,40,88,21,0,81,0,0,0,84
*****