2008 Work hours by race/ethnicity, gender, education, age 18+, wgtd 2006-08 ACS, SSDAN/U-Mich
5
RaceEth,Gender,AgeWork,Educ,WorkHrs
7,2,6,4,4
NHWhite,Black,Asian,Hispanic,AmIndian,NHOther,NHMulti
Male,Female
18-24,25-34,35-44,45-54,55-64,65+
LTHS,HsGrad,SomeColl,CollGrad
Full35,20-34,10-19,<10
486172,266873,123677,50209,1892843,640675,198397,64839,1826667,1162246,380982,112652,542476,146485,40824,12435,708154,89962,14582,8846,2931859,226725,32942,21391,3229507,291092,46324,18392,3338450,205691,39921,15003,
761874,86517,16942,11992,3516474,197946,32482,21117,3543521,170881,29910,15148,4353278,150429,25048,13713,795662,88764,19484,14002,3966173,217812,43902,27408,3813849,199567,41041,22303,4458596,189929,36621,17674,
481653,68076,17872,11459,1913389,200973,57044,27037,2274640,246040,65612,33638,3208728,333560,99469,53758,194652,112670,46711,27497,451239,247434,104202,61214,402478,209263,89261,53048,649636,303680,140317,109576,
206934,224918,115153,42375,949696,731534,265597,81213,1428856,1504064,598006,174714,724476,244615,77380,25605,257786,119532,24662,13376,1399064,434902,86701,38552,2412066,676032,165940,67235,3351945,506505,141867,75156,
312490,112854,25045,13296,1994280,529959,116763,55323,2800818,724004,185913,82516,3129284,683792,243824,125046,353467,112347,24335,16267,2722409,634395,141740,64088,3317273,762522,175843,76344,3311076,657721,188835,84328,
254249,96509,28309,16006,1695504,486016,140028,72946,1878096,497205,142014,74056,2026152,456994,165162,98398,92417,88815,44002,29904,350138,287225,152428,97235,301270,212159,114203,80127,253875,154696,101117,83631,
142395,85013,28039,15077,384566,149695,32503,20199,284449,175407,48594,18467,48190,13566,2792,1386,182929,37013,7415,7402,628952,73520,10885,10936,599213,69880,9688,6753,332889,24570,4755,2881,
179393,28142,5140,7270,699543,58960,11455,10722,599995,39540,7172,6100,387315,16129,3373,2166,203512,28013,6645,7705,585304,46531,9355,9185,509554,30970,7075,5649,336155,15437,3521,1931,
127775,18275,4979,5692,245066,26751,6604,4970,214762,22994,7080,4217,167251,16977,4946,2943,43458,20021,7275,6370,40746,18414,5479,4197,30990,13383,4430,3296,26707,9878,4322,4279,
83511,73058,23588,11266,297336,168267,38308,16984,321063,255240,75720,24528,76852,26767,6955,2879,136418,50254,9485,4711,491626,106687,15257,8321,700259,136889,22190,9904,475054,45828,7445,4927,
142806,39626,7534,5511,587060,94436,13552,9323,772059,102009,16449,9474,508409,40888,6647,5446,148986,37871,7208,4792,529056,81409,13632,10590,661147,72221,16182,9295,432009,33151,7214,4349,
98016,27647,8200,5731,261561,50332,13501,9756,275477,44910,12661,7671,199576,27217,7195,6592,27328,21999,9256,8986,39324,25673,10844,8089,34070,19590,9218,6149,24401,11730,6805,6477,
16621,8501,3838,2044,62394,29243,14690,7231,82456,71330,37858,15665,57878,22372,7667,2486,45104,5089,834,611,118214,11937,2129,1506,180074,22390,4132,1473,564248,45917,8614,3199,
83018,7718,1178,943,151631,10508,1821,1005,188159,11973,1626,1221,606298,21354,4757,2453,89752,9355,1796,1264,137543,10902,1770,966,162741,8912,1824,956,384945,16188,3698,1768,
51130,7551,1731,726,69617,7245,1453,711,84229,8135,2413,1266,214366,17019,4329,2540,11255,3173,1375,747,14228,3758,1602,641,13120,3963,1616,469,47485,13433,5121,3442,
8217,8578,3725,1740,39564,26808,16696,8562,65350,74662,49371,22736,59771,19983,10004,4170,29764,8043,1687,906,79707,18465,3295,1832,138717,32159,7637,2701,452366,65437,16589,7090,
63848,16642,2939,1499,119699,25396,5494,2154,152681,31226,6570,3104,414541,63671,16204,9170,79678,19506,4064,1184,127128,21029,4300,1713,141908,24544,5522,2816,298401,41779,11734,4674,
50943,16276,3920,1872,62756,14016,3848,1200,67466,14467,3643,1769,151454,25004,6736,3278,9892,4581,1455,1083,11318,5388,2191,1180,9884,4345,1843,1405,21932,8814,3827,2514,
584727,106099,22830,11032,633033,135594,28471,11895,318262,171302,47808,14709,46939,13445,3538,1376,1372780,100190,10237,8641,1161566,74674,10346,6719,726240,62367,8067,4660,365935,24107,4484,2343,
1174068,79278,10224,10104,877675,48456,6362,5437,593145,28973,4742,3387,401265,18519,2285,1517,737084,51142,7965,6521,499965,26550,4723,3987,390139,23649,3900,2860,288706,12909,2387,1241,
335747,31676,6566,3535,186343,16620,2819,2492,162077,14960,2420,2526,134242,12213,2364,2046,76443,21966,6745,4573,33990,11361,3610,2013,24618,8824,2715,2073,28948,8866,3392,2898,
177265,88392,23011,11552,329040,166565,37980,13899,302955,240672,73537,22664,65730,21611,5931,2117,418713,122987,22247,12580,531359,118600,16984,10309,565018,121516,22618,10857,376513,49761,9841,5125,
478921,126634,25501,14798,491645,102213,20859,11100,478733,91163,18532,9740,316851,56457,12100,6987,364934,93668,20337,11884,344502,65699,12905,6200,348098,58463,13342,5966,229037,33002,7435,3763,
165211,54599,15565,7954,144810,36984,8616,3964,130967,27800,8208,3407,87365,14492,3342,2494,30256,17917,8843,5161,21824,13788,5174,3442,19557,8457,3477,2385,11734,5502,2927,2139,
19454,7594,2152,1107,33562,10660,2095,953,19588,9223,2677,767,1831,710,56,58,27889,3134,836,407,48211,4605,808,562,38131,3734,912,540,12828,1450,275,357,
24604,3437,1212,578,44588,5059,569,500,38795,3475,743,234,16724,927,125,175,20420,2280,328,396,37132,2647,937,601,37004,2584,845,429,16621,1149,270,126,
9271,1258,379,328,15994,1320,791,471,16995,1440,502,305,12467,1199,512,276,2582,713,278,486,2881,1068,271,308,2657,738,421,385,2470,658,323,310,
8840,5935,2003,1203,21385,11949,2241,851,19522,12910,3587,1138,3601,873,191,79,10346,3367,1422,559,28073,7221,990,1030,38054,8022,1791,827,16663,2442,450,477,
11663,3534,556,445,31209,6446,935,793,40336,10051,1382,820,19554,2442,671,532,10358,3645,844,583,29629,5182,1165,1144,39013,6326,1772,828,18795,1699,555,378,
5818,2440,245,386,16326,4374,771,522,16256,2977,874,608,10734,1749,414,315,1525,1102,185,405,2580,1428,778,550,2860,1181,480,265,1505,561,148,140,
5180,2183,418,78,8809,2059,612,185,6825,4145,1053,553,2628,600,67,69,9553,457,273,0,13121,1330,113,171,12880,1335,57,94,15425,1409,231,27,
8127,335,173,42,12937,699,115,108,9952,463,152,114,14125,396,108,85,6774,570,161,51,8501,697,123,82,7370,401,69,47,9139,328,231,102,
3154,176,69,20,3512,207,85,30,2247,380,52,231,4609,529,232,49,999,335,71,30,751,206,56,0,518,118,263,126,972,162,148,0,
1586,1091,683,348,5912,2385,843,126,5519,5380,2187,608,1629,746,361,211,4196,1084,393,181,8142,2081,313,438,9950,2168,511,348,12481,1850,560,191,
4810,909,127,121,8976,2340,159,436,8828,1706,329,181,9607,1735,427,472,4013,510,102,96,6598,929,280,63,6545,1154,250,44,8477,1076,455,130,
2177,486,43,138,2879,420,140,129,2879,463,169,76,3375,699,227,87,429,141,86,148,314,297,147,17,158,257,321,0,191,269,25,18,
15373,10565,4341,2074,46452,21966,6652,2244,47150,31368,12345,2967,9644,3897,1136,267,16521,3562,549,246,60147,7550,1058,890,79182,9004,1536,809,56308,5362,960,283,
15261,2158,611,639,51418,5034,887,1087,63627,4724,643,582,54251,3022,403,215,12047,1926,458,206,42521,4229,850,357,51976,4230,764,532,38230,2828,402,199,
6780,891,394,281,16260,1895,311,221,24477,3221,725,663,22974,2808,798,471,2455,1603,349,288,3164,1307,684,397,3865,1899,398,334,3576,1568,543,441,
8785,10272,3551,1942,33216,24643,8454,3133,43267,44454,17615,5679,12818,6052,1840,547,7230,4050,768,408,31776,10795,2116,1055,68577,18545,3919,1566,65397,9600,2042,1261,
6652,2462,561,482,31569,7081,1710,878,58935,12974,3731,1533,47155,8310,2343,1364,7070,2519,453,423,29124,6706,1515,749,49162,10954,2847,1302,39886,6569,2111,958,
4389,1279,459,311,14694,3868,1283,763,25281,5900,1119,910,18876,3591,1198,780,1684,1077,533,190,2552,2108,901,545,3860,2337,1278,925,2560,1438,658,644
*****
