2008 Full-time year round workers by earnings, immigration status, education, occupation, and gender, age 35-44, wgtd 2006-08 ACS, SSDAN/U-Mich
5
Earn,Gender,Occup,Immentry,Educ
6,2,5,5,4
<25K,25-34K,35-49K,50-69K,70-99K,100K+
Male,Female
TopWC,OtherWC,Service,TopBC,OtherBC
Native,FB<1980,FB80-89,FB90-99,FB00-Current
LTHS,HSGrad,SomeColl,CollGrad
6971,32355,43617,50423,174,1136,1847,2294,2157,2376,2898,3976,1895,3581,2649,6447,512,1513,1044,6016,
22766,103240,98526,53320,1706,4006,3199,1908,9690,7771,6850,5805,11140,10881,6882,8534,4488,6923,4710,7224,
45473,128171,70802,19117,5877,5064,2841,367,41347,16302,6636,2322,46574,28332,9209,4792,29059,18856,6693,6888,
81581,180554,82939,16215,6287,4449,2298,887,48696,17793,5042,2285,57650,30169,8555,4636,48801,22978,6984,5636,
68781,184058,68502,10873,6833,4338,2203,449,40006,18234,6126,2217,38316,26540,8411,6201,22902,18082,5589,4651,
8970,59503,100692,67108,381,1040,1895,2381,1950,2900,3692,3709,1512,3357,3644,7389,695,1123,1226,5445,
60315,398568,394634,84670,4674,8416,6983,2595,11454,16617,12459,5542,11016,18282,14702,12771,3611,10947,6976,9668,
94950,273983,185831,27652,8109,6218,5011,885,43331,24022,10406,3134,53136,45106,17635,10772,28063,26192,10673,11636,
9462,24968,18017,5024,1219,342,275,196,6222,2225,803,139,8801,3551,1160,464,4222,1849,848,643,
37792,107503,44944,5651,4672,3089,1130,518,30534,12064,3218,1292,32800,20254,4973,2634,12694,8051,2306,2543,
7514,46142,68084,77166,502,1406,1980,2113,2975,2548,3878,2974,2330,3057,2522,7083,419,1301,1416,6784,
20135,133825,155363,79865,1521,3759,5882,2923,7213,8889,6696,4770,5174,7092,7543,9276,1475,4501,4294,6315,
20322,102474,85649,20144,2546,3355,1486,657,19552,12367,5997,1730,16442,14186,6703,3616,5359,6626,3135,3398,
70535,225962,121735,21185,5567,4480,2892,1079,38739,16823,6695,1782,32724,19047,6853,4332,15797,12312,4571,3181,
61617,238004,103168,15393,5513,4645,1969,761,33936,17192,6388,2115,20542,17913,6598,4728,7936,7782,3715,2966,
7233,67879,136514,146490,383,942,2316,3955,947,2200,4761,5335,929,1967,3926,8524,22,468,1618,7237,
35131,364726,498284,141844,2146,9693,12509,3900,4156,12704,15710,6223,3756,10797,13087,12820,1346,3227,4484,6096,
21319,106669,105225,21890,2186,3975,2822,880,9379,10361,7117,1285,7584,12955,8421,4779,3416,6107,3053,4645,
2970,14434,11677,4376,216,205,190,0,2721,995,789,406,1593,1629,561,471,526,516,258,55,
12943,73033,34133,4125,1742,1850,625,0,7087,4386,2350,403,5190,7220,3014,1189,1520,1469,697,935,
10081,89905,177068,271543,970,2667,3756,6973,3151,5510,7706,11703,1801,4098,6560,21847,448,1591,2441,18138,
22437,182483,279612,171959,1684,4766,9069,5980,6343,10993,13401,9870,3251,8243,10894,17509,1283,2960,3423,7378,
15284,99404,121255,41823,1297,3774,3076,681,11699,9261,6014,1708,8183,7283,5461,3459,2591,4048,3126,3497,
74648,323654,233070,37344,4688,6234,5103,782,31469,18095,10337,2960,22454,18149,11124,5559,7315,9106,3484,3680,
57434,309392,167416,22499,4935,7336,2738,746,23957,19323,9621,2247,13701,15273,9973,4427,4130,5365,2609,2850,
6472,84446,255130,441454,436,2554,6952,9696,1201,2686,7350,14983,773,2050,6730,28364,223,1098,1844,14590,
18122,262173,472941,223081,1634,8528,14890,7557,2516,8298,16339,10542,1627,8080,12168,16021,531,2305,3541,6425,
7744,49641,70314,25729,750,1775,2176,701,2530,5567,5221,1489,2524,5014,4857,3817,1312,2557,1839,1244,
2138,9914,12319,3849,104,196,151,111,664,547,323,128,405,745,360,561,305,226,34,227,
6998,41347,27766,5648,380,627,280,84,1860,2459,1261,400,1312,2711,1120,1155,493,472,393,389,
12282,99557,242630,500582,681,2764,7127,13903,2857,4181,9497,20533,1063,3205,6349,36723,419,1299,2094,26154,
13047,138684,259017,212746,1281,3726,9044,6839,2643,6901,10553,10351,1343,4023,6908,14455,384,1699,2036,5600,
7041,55148,111858,54858,917,1592,2829,1328,3741,4251,4069,1535,2140,3284,3023,1467,1070,1365,440,989,
39976,254289,222830,41949,3894,4982,5409,1385,16097,12960,8418,2407,8836,10166,6326,4140,3717,3338,2029,2632,
29928,188095,138019,26820,2681,4374,3053,798,11581,9248,4913,1999,4361,7706,4743,2472,1074,2181,1200,1030,
4427,51453,220589,522572,125,1878,6840,15442,593,1581,6961,21699,196,1133,7615,36623,161,405,1662,11857,
6093,95598,217147,180168,340,2968,8037,6643,850,4586,9579,8740,688,2314,5716,10345,680,1092,1558,2790,
1841,18472,31036,19796,132,464,1289,659,697,1556,1960,826,860,1855,1476,966,284,668,654,864,
828,6816,9064,3508,77,124,344,56,184,399,403,209,132,634,287,540,84,76,132,170,
1780,13231,15009,4312,30,277,130,192,426,677,553,221,361,480,386,468,283,179,66,181,
7639,66509,186750,678653,476,1953,7085,22819,1526,2756,6021,36128,660,2150,5871,73116,302,965,2895,33530,
5908,57720,137607,215911,555,1948,3319,6283,1412,2494,5506,7083,690,1436,4387,10412,298,588,1176,5423,
2338,26783,72132,52877,69,572,2041,1779,1081,1091,1101,1003,698,1072,947,1296,295,780,322,305,
15366,109113,114212,28241,599,2854,2577,1170,4791,4323,4026,1361,2183,3440,2577,2206,1229,1074,801,821,
8147,60648,51156,18094,672,1045,1647,336,2609,2854,2217,782,1285,2262,2277,1100,349,1007,465,415,
2415,21424,97886,404183,39,512,3476,16090,181,1396,4154,23677,127,837,4403,41482,187,110,501,12023,
1969,23937,63956,103591,163,1082,2315,4112,567,1241,1950,4327,574,852,2365,6112,209,281,409,2179,
472,4973,12226,10563,124,268,626,172,42,206,476,880,294,238,393,527,141,307,346,379,
444,2053,3044,1999,28,31,33,55,73,0,90,65,41,47,119,198,0,0,29,106,
548,3075,5992,4123,84,61,56,95,174,136,20,260,162,144,39,355,56,13,50,78,
5545,44383,128116,972304,479,1593,3868,39238,1213,2502,5286,56169,511,2276,4968,113776,476,1094,2464,45225,
4244,36056,84747,310047,297,859,3065,8992,705,1913,3506,10062,471,1794,3378,15393,155,571,830,7353,
770,7549,27274,29068,153,373,1095,1195,612,286,579,520,419,341,434,885,116,380,117,402,
7029,35380,34130,14787,331,785,612,102,1405,1499,1117,728,1036,855,875,752,293,659,201,279,
3552,17213,13042,9335,321,626,333,470,985,911,633,945,740,1424,366,854,257,294,64,859,
1053,9477,35918,319972,188,310,1947,17821,323,326,1532,19447,72,424,1403,33646,304,261,668,9796,
1922,11080,25885,81956,157,372,1189,3688,168,414,597,2695,222,497,603,4477,478,195,86,1064,
404,1478,3215,5582,21,2,121,218,230,139,145,224,296,410,199,326,0,101,145,174,
134,648,993,1332,0,0,167,30,92,58,0,121,116,63,42,0,0,0,0,0,
467,1006,483,1606,0,46,31,40,0,0,0,75,88,21,24,299,36,0,44,136
*****
