2008 Full-time year round Hispanic workers by earnings, immigration status, education, occupation, and gender, age 35-44, wgtd 2006-08 ACS, SSDAN/U-Mich
5
Earn,Gender,Occup,Immentry,Educ
6,2,5,5,4
<25K,25-34K,35-49K,50-69K,70-99K,100K+
Male,Female
TopWC,OtherWC,Service,TopBC,OtherBC
Native,FB<1980,FB80-89,FB90-99,FB00-Current
LTHS,HSGrad,SomeColl,CollGrad
1188,2659,3555,2415,119,361,665,298,1603,1411,1089,560,1371,1852,1212,1500,386,716,390,1672,
4774,10688,10778,3548,1643,3023,1511,633,7745,5130,3105,1762,8553,5126,2850,2070,3203,3295,1986,2220,
10517,13958,7734,1347,4646,3014,1425,142,38038,12356,4026,1112,39339,18329,5062,2196,24052,12131,3843,3138,
15464,19024,6707,1000,6041,3353,1535,356,47096,15631,3839,1862,54671,25883,6345,3401,45145,18194,5302,3837,
13391,17778,5502,974,6173,3188,1185,70,37133,14630,3302,1306,33125,16957,5052,2554,19011,11083,3004,2507,
1949,5876,8323,3523,381,479,856,552,1614,1397,1895,954,1058,1153,1714,1609,418,362,315,2044,
11857,37238,35167,6269,3762,5823,4037,904,9862,9735,6481,2625,7965,8795,5907,3399,2342,4808,2954,3042,
16720,21930,15242,2136,6905,3784,2537,310,37777,16273,5983,1733,43853,26252,8631,6834,21386,12320,4611,4946,
1369,1947,1213,169,1031,133,204,25,5951,1786,626,46,7676,2660,607,112,3270,1437,454,354,
7529,8614,3888,545,3641,2000,713,286,27608,8691,2250,883,27473,13431,3601,1403,9850,5434,1232,1256,
1262,3590,5452,4032,377,704,783,478,2758,1601,1928,795,1694,1222,880,970,362,634,322,1696,
4178,12755,15164,5178,1353,1883,2462,692,6165,5701,2723,1593,3758,3143,2701,1769,858,1939,1609,1741,
5230,9436,7845,1075,1929,1747,696,130,18330,9452,3491,854,14022,8524,3154,1663,4073,3609,1336,702,
9552,16866,10531,1316,4968,3316,1483,261,36647,13594,3954,1194,29598,14106,4398,2675,13434,9349,2761,1903,
9665,16325,7418,1015,4731,2706,707,379,31392,12672,3401,1219,17215,10972,2665,1922,5607,4262,1813,854,
855,6785,9395,7104,348,621,1236,1424,650,883,1661,1512,728,636,867,1835,0,144,369,1619,
6544,34033,41528,6825,1766,5926,6992,1239,2950,6334,6972,1457,2400,4030,4500,2828,840,1207,1238,1495,
3106,6036,7126,1467,1727,1861,1204,195,7221,5394,2797,299,4523,4310,2484,1191,1178,2364,727,1724,
496,1334,637,120,216,98,20,0,2342,625,337,297,1321,842,311,159,494,150,47,43,
1823,5044,2112,103,1593,1143,484,0,5262,2590,982,111,3428,3673,1878,536,955,459,116,501,
1372,7667,13372,15096,796,1588,1688,2097,2529,3735,3489,2900,1313,2027,2182,2626,336,455,815,2782,
4046,14316,23465,9255,1202,2816,3393,1775,5007,6236,4708,2167,2194,3320,2773,3538,907,1139,836,1894,
3222,8431,10085,2464,1124,2297,1628,341,10486,6352,3605,907,5912,4417,2226,862,1563,1401,1099,1308,
9721,20844,12905,1794,4095,3698,3085,287,29378,13523,5985,1555,19733,12481,6346,2637,6405,5211,2085,2163,
8159,18966,11256,799,4334,5324,1233,162,21581,13759,5868,1302,10795,8255,4569,1787,2813,2386,687,902,
1085,6695,17123,23221,339,1224,3337,2806,1013,1463,2645,3815,534,481,1237,3954,144,345,360,2341,
2837,24796,40762,13497,1059,4560,8081,1750,1887,3915,6094,2248,922,3005,2912,2274,310,1089,957,1099,
1389,3894,5780,1313,496,545,757,164,1879,2315,1509,176,1324,969,991,540,667,498,353,366,
235,628,676,333,28,107,121,0,319,303,165,106,350,487,91,259,204,0,0,32,
1097,1581,1660,710,353,325,201,84,1297,932,475,123,1091,1365,270,264,302,257,53,103,
1737,6353,16961,24036,595,1373,2969,3090,2264,2410,3881,3897,749,1637,2010,4097,254,499,260,2938,
2401,11640,19065,11705,868,1897,3925,1663,1831,3194,3720,2810,988,1638,1785,2248,156,327,461,925,
1156,4474,9829,3131,701,651,1139,398,3194,2609,1819,492,1581,1122,863,303,972,539,84,140,
5011,14715,13009,2363,3109,2715,2515,675,14661,8752,4350,1112,7542,5545,2410,1981,2972,1891,797,947,
3886,12010,8978,1052,2368,2686,1286,308,10093,5948,2578,881,3175,3603,1768,1097,756,880,331,487,
525,4315,15780,26411,21,707,2866,3442,167,753,1602,3325,53,189,804,2833,97,44,237,1549,
806,8671,18884,9470,237,1437,3610,1688,495,1682,3739,1224,378,450,840,1625,181,155,464,347,
143,1979,2395,1615,110,179,313,115,528,762,659,101,411,299,363,121,175,47,146,82,
261,522,693,151,77,23,160,37,95,167,62,0,97,457,107,0,84,76,0,35,
88,627,897,154,30,244,21,85,197,155,172,0,211,149,76,121,25,0,0,0,
969,4066,12025,29132,213,934,2606,4083,1207,1064,2011,4536,191,674,913,4439,251,106,714,3144,
450,4140,10199,7854,227,1118,1045,1205,999,1135,1878,1526,162,741,871,938,0,123,538,1034,
280,2862,7904,3720,69,199,910,734,921,695,574,457,456,292,371,89,274,0,36,0,
1805,5628,6709,1278,406,1136,1213,334,4298,2660,1838,238,1767,1981,1020,297,549,244,530,175,
1084,3283,4562,896,643,647,651,87,2347,2119,728,260,888,1101,495,117,259,312,193,0,
371,1404,6779,17913,39,362,1660,3514,47,556,922,2581,43,344,333,1893,0,0,0,713,
314,2827,5338,5558,128,337,711,1241,480,334,422,601,277,242,259,673,138,22,98,335,
28,590,2466,820,84,19,228,0,42,59,147,114,227,51,71,83,85,83,48,300,
0,165,40,73,28,0,33,0,64,0,0,0,41,47,0,129,0,0,29,20,
0,301,313,252,0,61,22,0,54,49,0,86,63,71,39,0,0,0,22,0,
306,3264,7652,31490,304,653,1504,5806,882,1245,1295,3425,320,459,444,5490,167,13,199,4249,
507,2231,5546,8455,128,218,696,1846,473,860,1022,894,280,167,862,1206,88,149,71,654,
0,1061,3940,2113,32,264,594,321,368,25,179,237,343,22,92,123,67,0,0,147,
470,1464,1855,598,201,197,216,0,1235,826,455,180,792,250,128,76,235,189,79,52,
416,1175,803,424,273,519,116,38,913,829,423,381,553,621,184,135,202,168,64,107,
101,921,2413,11407,176,108,524,1633,102,43,412,1216,0,95,114,1611,246,86,0,891,
228,1171,2199,3033,157,230,589,311,41,153,119,360,128,325,53,477,164,0,0,237,
56,53,236,597,21,2,19,31,230,0,0,144,155,91,0,21,0,0,0,0,
0,0,143,90,0,0,65,0,45,32,0,0,116,0,42,0,0,0,0,0,
90,94,0,130,0,0,0,0,0,0,0,0,0,0,0,0,0,0,0,0
*****
